Starting new run concatemerization
concentration: 2
0 loops cons: [0. 0. 0. 0. 0. 0. 0. 0. 0. 0. 0. 0. 0. 0. 0. 0. 0. 0. 0. 0. 0. 0. 0. 0.
 0. 0. 0. 0. 0. 0. 0. 0. 0. 0. 0. 0. 0. 0. 0. 0. 0. 0. 0. 0. 0. 0. 0. 0.]
4800 loops cons: [10.  8.  4.  0.  0.  0.  0.  0.  0.  0.  0.  0.  0.  0.  0.  0.  0.  0.
  0.  1.  0.  0.  0.  0.  0.  0.  0.  0.  0.  0.  0.  0.  0.  0.  0.  0.
  0.  0.  0.  0.  0.  0.  0.  0.  0.  0.  0.  0.]
9600 loops cons: [25. 11.  4.  1.  0.  1.  0.  0.  0.  0.  0.  0.  0.  0.  0.  0.  0.  0.
  0.  1.  0.  0.  0.  0.  0.  0.  0.  0.  0.  0.  0.  0.  0.  0.  0.  0.
  0.  0.  0.  0.  0.  0.  0.  0.  0.  0.  0.  0.]
14400 loops cons: [39. 16.  5.  1.  1.  1.  0.  0.  0.  0.  0.  0.  0.  0.  0.  0.  0.  0.
  0.  1.  0.  0.  0.  0.  0.  0.  0.  0.  0.  0.  0.  0.  0.  0.  0.  0.
  1.  0.  0.  0.  0.  0.  0.  0.  0.  0.  0.  0.]
19200 loops cons: [47. 20.  6.  3.  1.  1.  0.  0.  0.  0.  0.  0.  0.  0.  0.  0.  0.  0.
  0.  1.  0.  0.  0.  0.  0.  0.  0.  0.  0.  0.  0.  0.  0.  0.  0.  0.
  1.  0.  0.  0.  0.  0.  0.  0.  0.  0.  0.  0.]
24000 loops cons: [61. 28. 11.  8.  1.  2.  0.  0.  0.  0.  0.  0.  0.  0.  0.  1.  0.  0.
  0.  2.  0.  0.  0.  0.  0.  0.  0.  0.  0.  0.  0.  0.  0.  0.  0.  0.
  1.  0.  0.  0.  0.  0.  0.  0.  0.  0.  0.  0.]
28800 loops cons: [77. 34. 14.  9.  2.  2.  0.  1.  0.  0.  0.  0.  0.  0.  0.  1.  0.  0.
  0.  3.  0.  0.  0.  0.  0.  0.  0.  0.  0.  0.  0.  0.  0.  0.  0.  0.
  2.  0.  0.  0.  0.  0.  0.  0.  0.  0.  0.  0.]
33600 loops cons: [90. 35. 14. 10.  2.  4.  0.  1.  0.  0.  0.  0.  0.  0.  0.  1.  0.  1.
  0.  3.  0.  0.  0.  0.  0.  0.  0.  0.  0.  0.  0.  0.  0.  0.  0.  0.
  2.  0.  0.  0.  0.  0.  0.  0.  0.  0.  0.  0.]
38400 loops cons: [102.  41.  16.  11.   4.   4.   1.   1.   0.   0.   0.   0.   0.   0.
   0.   1.   0.   1.   0.   3.   0.   0.   0.   0.   0.   0.   0.   0.
   0.   0.   0.   0.   0.   0.   0.   0.   2.   0.   0.   0.   0.   0.
   0.   0.   0.   0.   0.   0.]
43200 loops cons: [109.  45.  18.  11.   4.   4.   2.   3.   0.   0.   0.   0.   0.   0.
   0.   1.   0.   1.   0.   3.   0.   0.   0.   0.   0.   0.   0.   0.
   0.   0.   0.   0.   0.   0.   0.   0.   2.   0.   0.   0.   0.   0.
   0.   0.   0.   0.   0.   0.]
48000 loops cons: [124.  48.  18.  11.   4.   4.   3.   3.   1.   0.   0.   0.   0.   0.
   0.   1.   0.   1.   0.   3.   0.   0.   0.   0.   0.   0.   0.   0.
   0.   0.   0.   0.   0.   0.   0.   0.   2.   0.   0.   0.   0.   0.
   0.   0.   0.   0.   0.   0.]
52800 loops cons: [139.  51.  21.  12.   5.   4.   3.   3.   1.   0.   0.   0.   0.   0.
   0.   1.   0.   1.   0.   3.   0.   0.   0.   0.   0.   0.   0.   0.
   0.   0.   0.   0.   0.   0.   0.   0.   2.   0.   0.   0.   0.   0.
   0.   0.   0.   0.   0.   0.]
57600 loops cons: [152.  57.  24.  15.   6.   4.   3.   3.   1.   0.   0.   0.   0.   0.
   0.   1.   0.   1.   0.   3.   0.   0.   0.   0.   0.   0.   0.   0.
   0.   0.   0.   0.   0.   0.   0.   0.   2.   0.   0.   0.   0.   0.
   0.   0.   0.   0.   0.   0.]
62400 loops cons: [159.  59.  24.  15.   7.   4.   3.   4.   1.   0.   0.   0.   0.   0.
   0.   1.   0.   1.   0.   3.   0.   0.   0.   0.   0.   0.   0.   0.
   0.   0.   0.   0.   0.   0.   0.   0.   2.   0.   0.   0.   0.   0.
   0.   0.   0.   0.   0.   0.]
67200 loops cons: [171.  64.  24.  15.   9.   4.   4.   4.   1.   0.   0.   0.   0.   0.
   0.   1.   0.   1.   0.   3.   0.   0.   0.   0.   0.   0.   0.   0.
   0.   0.   0.   0.   0.   0.   0.   0.   2.   0.   0.   0.   0.   0.
   0.   0.   0.   0.   0.   0.]
72000 loops cons: [183.  68.  24.  18.  10.   4.   5.   4.   1.   0.   1.   0.   0.   0.
   0.   1.   0.   1.   0.   3.   0.   0.   0.   0.   0.   0.   0.   0.
   0.   0.   0.   0.   0.   0.   0.   0.   2.   0.   0.   0.   0.   0.
   0.   0.   0.   0.   0.   0.]
76800 loops cons: [201.  72.  25.  18.  11.   5.   6.   4.   1.   0.   1.   0.   0.   0.
   0.   1.   0.   1.   0.   3.   0.   0.   0.   0.   0.   0.   0.   0.
   0.   0.   0.   0.   0.   0.   0.   0.   2.   0.   0.   0.   0.   0.
   0.   0.   0.   0.   0.   0.]
81600 loops cons: [211.  75.  27.  19.  11.   5.   6.   5.   1.   0.   1.   0.   0.   0.
   0.   1.   1.   1.   0.   3.   0.   0.   0.   0.   0.   0.   0.   0.
   0.   0.   0.   0.   0.   0.   0.   0.   2.   0.   0.   0.   0.   0.
   0.   0.   0.   0.   0.   0.]
86400 loops cons: [231.  79.  29.  23.  13.   5.   6.   5.   1.   1.   1.   0.   0.   0.
   0.   1.   1.   1.   0.   3.   0.   0.   0.   0.   0.   0.   0.   0.
   0.   0.   0.   0.   0.   0.   0.   0.   2.   0.   0.   0.   0.   0.
   0.   0.   0.   0.   0.   0.]
91200 loops cons: [252.  81.  32.  24.  14.   6.   6.   5.   1.   1.   1.   0.   0.   0.
   0.   1.   1.   1.   0.   3.   0.   0.   0.   0.   0.   0.   0.   0.
   0.   0.   0.   0.   0.   0.   0.   0.   2.   0.   0.   0.   0.   0.
   0.   0.   0.   0.   0.   0.]
96000 loops cons: [266.  84.  32.  25.  14.   7.   6.   5.   1.   1.   1.   0.   0.   0.
   0.   2.   1.   1.   0.   3.   0.   0.   0.   0.   0.   0.   0.   0.
   0.   0.   0.   0.   0.   0.   0.   0.   2.   0.   0.   0.   0.   0.
   0.   0.   0.   0.   0.   0.]
100800 loops cons: [275.  85.  33.  26.  14.   7.   6.   5.   2.   1.   1.   0.   1.   0.
   0.   2.   1.   1.   0.   3.   0.   0.   0.   0.   0.   0.   0.   0.
   0.   0.   0.   0.   0.   0.   0.   0.   2.   0.   0.   0.   0.   0.
   0.   0.   0.   0.   0.   0.]
105600 loops cons: [286.  88.  36.  28.  14.   7.   6.   5.   2.   1.   1.   0.   1.   0.
   0.   2.   1.   1.   0.   3.   0.   0.   0.   0.   0.   0.   0.   0.
   0.   0.   0.   0.   0.   0.   0.   0.   2.   0.   0.   0.   0.   0.
   0.   0.   0.   0.   0.   0.]
110400 loops cons: [301.  95.  36.  29.  15.   9.   7.   5.   2.   1.   1.   0.   1.   0.
   0.   2.   1.   1.   0.   3.   0.   0.   0.   0.   0.   0.   0.   0.
   0.   0.   0.   0.   0.   0.   0.   0.   2.   0.   0.   0.   0.   0.
   0.   0.   0.   0.   0.   0.]
115200 loops cons: [309.  96.  36.  29.  16.  10.   8.   6.   2.   1.   1.   0.   1.   0.
   0.   2.   1.   1.   0.   3.   0.   0.   0.   0.   0.   0.   0.   0.
   0.   0.   0.   0.   0.   0.   0.   0.   2.   0.   0.   0.   0.   0.
   0.   0.   0.   0.   0.   0.]
120000 loops cons: [317.  97.  39.  29.  17.  10.   8.   6.   2.   2.   1.   0.   1.   0.
   0.   2.   2.   1.   0.   3.   0.   0.   0.   0.   0.   0.   0.   0.
   0.   1.   0.   0.   0.   0.   0.   0.   2.   0.   0.   0.   0.   0.
   0.   0.   0.   0.   0.   0.]
124800 loops cons: [332. 101.  39.  30.  17.  10.   8.   6.   2.   2.   1.   0.   1.   0.
   0.   2.   2.   1.   0.   4.   0.   0.   0.   0.   0.   0.   0.   0.
   0.   1.   0.   0.   0.   0.   0.   0.   2.   0.   0.   0.   0.   0.
   0.   0.   0.   0.   0.   0.]
129600 loops cons: [344. 105.  40.  32.  17.  10.   8.   6.   2.   2.   2.   0.   1.   0.
   0.   2.   2.   1.   0.   4.   0.   0.   0.   0.   0.   0.   0.   0.
   0.   1.   0.   0.   0.   0.   0.   0.   2.   0.   0.   0.   0.   0.
   0.   0.   0.   0.   0.   0.]
134400 loops cons: [354. 110.  42.  33.  17.  10.   8.   6.   2.   2.   2.   1.   1.   0.
   0.   2.   2.   1.   0.   4.   1.   0.   0.   0.   0.   0.   0.   0.
   0.   1.   0.   0.   0.   0.   0.   0.   2.   0.   0.   0.   0.   0.
   0.   0.   1.   0.   0.   0.]
139200 loops cons: [367. 114.  45.  33.  17.  10.   9.   6.   2.   3.   2.   1.   1.   0.
   0.   2.   2.   1.   0.   4.   1.   0.   0.   0.   0.   0.   0.   0.
   0.   1.   0.   0.   0.   0.   0.   0.   2.   0.   0.   0.   0.   0.
   0.   0.   1.   0.   0.   0.]
144000 loops cons: [380. 119.  47.  34.  17.  10.   9.   6.   3.   3.   2.   1.   1.   0.
   1.   2.   2.   1.   0.   4.   1.   1.   0.   0.   0.   0.   0.   0.
   0.   1.   0.   0.   0.   0.   0.   0.   2.   0.   0.   0.   0.   0.
   0.   0.   1.   0.   0.   0.]
148800 loops cons: [398. 123.  50.  35.  17.  10.   9.   6.   3.   3.   2.   1.   1.   0.
   1.   2.   2.   1.   0.   4.   1.   1.   0.   0.   0.   0.   0.   0.
   0.   1.   0.   0.   0.   0.   0.   0.   2.   0.   0.   0.   0.   0.
   0.   0.   1.   0.   0.   0.]
153600 loops cons: [412. 124.  54.  35.  17.  10.   9.   6.   3.   3.   2.   1.   1.   0.
   1.   2.   2.   1.   0.   4.   2.   1.   0.   0.   0.   0.   0.   0.
   0.   1.   0.   0.   0.   0.   0.   0.   2.   0.   0.   0.   0.   0.
   0.   0.   1.   0.   0.   0.]
158400 loops cons: [425. 127.  57.  36.  17.  10.   9.   6.   3.   3.   2.   1.   1.   0.
   1.   2.   2.   1.   0.   4.   2.   1.   0.   0.   0.   0.   0.   0.
   0.   1.   0.   0.   0.   0.   0.   0.   2.   0.   0.   0.   0.   0.
   0.   0.   1.   0.   0.   0.]
163200 loops cons: [441. 133.  62.  36.  17.  11.   9.   6.   3.   3.   2.   1.   1.   0.
   1.   2.   2.   1.   0.   4.   2.   1.   0.   0.   0.   0.   0.   0.
   0.   1.   0.   0.   0.   0.   0.   0.   2.   0.   0.   0.   0.   0.
   0.   0.   1.   0.   0.   0.]
168000 loops cons: [456. 137.  66.  37.  18.  11.   9.   6.   3.   4.   2.   1.   1.   0.
   1.   2.   2.   1.   0.   5.   2.   1.   0.   0.   0.   0.   0.   0.
   0.   1.   0.   0.   0.   0.   0.   0.   2.   0.   0.   0.   0.   0.
   0.   0.   1.   0.   0.   0.]
172800 loops cons: [470. 145.  67.  37.  18.  11.   9.   6.   4.   4.   2.   1.   1.   0.
   1.   2.   2.   1.   0.   5.   2.   1.   0.   0.   1.   0.   0.   0.
   0.   1.   0.   0.   0.   0.   0.   0.   2.   0.   0.   0.   0.   0.
   0.   0.   1.   0.   0.   0.]
177600 loops cons: [482. 152.  67.  39.  18.  12.   9.   6.   4.   5.   2.   2.   1.   0.
   1.   2.   2.   1.   0.   5.   2.   1.   0.   0.   1.   0.   0.   1.
   0.   1.   0.   0.   0.   0.   0.   0.   2.   0.   0.   0.   0.   0.
   0.   0.   1.   0.   0.   0.]
182400 loops cons: [497. 159.  69.  40.  19.  13.   9.   7.   4.   5.   2.   2.   1.   0.
   1.   2.   2.   1.   0.   5.   2.   1.   0.   0.   1.   0.   0.   1.
   0.   1.   0.   0.   0.   0.   0.   0.   2.   0.   0.   0.   0.   0.
   0.   0.   1.   0.   0.   0.]
187200 loops cons: [515. 161.  71.  41.  20.  13.   9.   9.   4.   5.   2.   2.   1.   0.
   1.   2.   2.   1.   0.   5.   2.   1.   0.   0.   1.   0.   0.   1.
   0.   1.   0.   0.   0.   0.   0.   0.   2.   0.   0.   0.   0.   0.
   0.   0.   1.   0.   0.   0.]
192000 loops cons: [530. 165.  72.  41.  22.  13.   9.   9.   4.   5.   2.   2.   1.   0.
   1.   2.   2.   1.   0.   5.   2.   1.   0.   0.   1.   0.   0.   1.
   0.   1.   0.   0.   0.   0.   0.   0.   2.   0.   0.   0.   0.   0.
   0.   0.   1.   0.   0.   0.]
196800 loops cons: [537. 171.  75.  42.  22.  13.   9.   9.   4.   5.   2.   2.   1.   0.
   1.   2.   2.   1.   0.   5.   2.   1.   0.   0.   1.   0.   0.   1.
   0.   1.   0.   0.   0.   1.   0.   0.   2.   0.   0.   0.   0.   0.
   0.   0.   1.   0.   0.   0.]
201600 loops cons: [554. 176.  78.  42.  22.  14.   9.   9.   4.   5.   2.   2.   1.   0.
   1.   2.   2.   1.   0.   5.   2.   1.   0.   0.   1.   0.   0.   1.
   0.   1.   0.   0.   0.   1.   0.   0.   2.   0.   0.   0.   0.   0.
   0.   0.   1.   0.   0.   0.]
206400 loops cons: [570. 181.  78.  43.  22.  14.   9.   9.   4.   5.   2.   2.   1.   0.
   1.   3.   2.   1.   0.   5.   2.   1.   0.   0.   1.   0.   0.   1.
   0.   1.   0.   0.   0.   1.   0.   0.   2.   0.   0.   0.   0.   0.
   0.   0.   1.   0.   0.   0.]
211200 loops cons: [584. 187.  79.  43.  23.  14.   9.   9.   4.   5.   2.   2.   1.   0.
   1.   3.   2.   1.   0.   5.   2.   1.   0.   0.   1.   0.   0.   1.
   0.   1.   0.   0.   0.   1.   0.   0.   2.   0.   0.   0.   0.   0.
   0.   0.   1.   0.   0.   0.]
216000 loops cons: [601. 191.  83.  43.  23.  14.  10.  10.   6.   5.   3.   2.   1.   0.
   1.   3.   2.   1.   0.   5.   2.   1.   0.   0.   1.   0.   0.   1.
   0.   1.   0.   0.   0.   1.   0.   0.   2.   0.   0.   0.   0.   0.
   0.   0.   1.   0.   0.   0.]
220800 loops cons: [613. 195.  88.  44.  24.  14.  10.  10.   7.   5.   4.   2.   1.   0.
   1.   3.   2.   1.   0.   5.   2.   1.   0.   0.   1.   0.   0.   1.
   0.   1.   0.   0.   0.   1.   0.   0.   2.   0.   0.   0.   0.   0.
   0.   0.   1.   0.   0.   0.]
225600 loops cons: [624. 199.  88.  45.  26.  14.  11.  10.   8.   5.   4.   2.   1.   0.
   1.   3.   2.   1.   0.   5.   2.   1.   0.   0.   1.   0.   0.   1.
   0.   1.   0.   0.   0.   1.   0.   0.   2.   0.   0.   0.   0.   0.
   0.   0.   1.   0.   0.   0.]
230400 loops cons: [633. 203.  89.  46.  27.  14.  11.  10.   8.   5.   4.   2.   1.   0.
   1.   3.   2.   1.   0.   5.   2.   1.   0.   0.   1.   0.   0.   1.
   0.   1.   0.   0.   0.   1.   1.   0.   2.   0.   0.   0.   0.   0.
   0.   0.   1.   0.   0.   0.]
235200 loops cons: [651. 211.  91.  46.  28.  14.  12.  10.   8.   5.   4.   2.   1.   0.
   2.   3.   2.   1.   0.   5.   2.   1.   0.   0.   1.   0.   0.   1.
   0.   1.   0.   0.   0.   1.   1.   0.   2.   0.   0.   0.   0.   0.
   0.   0.   1.   0.   0.   0.]
240000 loops cons: [657. 214.  93.  47.  29.  14.  12.  10.   9.   5.   4.   2.   1.   0.
   2.   4.   2.   1.   0.   5.   2.   1.   0.   0.   1.   0.   0.   1.
   0.   1.   0.   0.   0.   1.   1.   0.   2.   0.   0.   0.   0.   0.
   0.   0.   1.   0.   0.   0.]
244800 loops cons: [667. 220.  95.  48.  31.  15.  12.  10.   9.   5.   4.   2.   1.   0.
   2.   4.   2.   1.   0.   5.   2.   1.   0.   0.   1.   0.   0.   1.
   0.   1.   0.   0.   0.   1.   1.   0.   2.   0.   0.   0.   0.   0.
   0.   0.   1.   0.   0.   0.]
249600 loops cons: [684. 226.  99.  48.  31.  17.  13.  10.   9.   5.   5.   2.   2.   0.
   2.   4.   2.   1.   0.   5.   2.   1.   0.   0.   1.   0.   0.   1.
   0.   1.   0.   0.   0.   1.   1.   0.   2.   0.   0.   0.   0.   0.
   0.   0.   1.   0.   0.   0.]
254400 loops cons: [700. 233. 101.  48.  31.  17.  13.  10.   9.   5.   5.   2.   2.   0.
   2.   4.   2.   1.   0.   5.   2.   1.   0.   0.   1.   0.   0.   1.
   0.   1.   0.   0.   0.   1.   1.   0.   2.   0.   0.   0.   0.   0.
   0.   0.   1.   0.   0.   0.]
259200 loops cons: [709. 239. 104.  49.  31.  17.  13.  10.   9.   5.   5.   2.   2.   0.
   2.   4.   2.   1.   0.   5.   2.   1.   0.   0.   1.   0.   0.   1.
   1.   1.   0.   0.   0.   1.   1.   0.   2.   0.   0.   0.   0.   0.
   0.   0.   1.   0.   0.   0.]
264000 loops cons: [727. 243. 106.  49.  31.  17.  13.  11.   9.   5.   5.   2.   2.   0.
   2.   4.   2.   1.   0.   5.   2.   1.   0.   0.   1.   0.   0.   1.
   1.   1.   0.   0.   0.   1.   1.   0.   2.   0.   0.   0.   0.   0.
   0.   0.   1.   0.   0.   0.]
268800 loops cons: [741. 249. 106.  50.  31.  18.  14.  11.   9.   5.   5.   2.   2.   0.
   2.   4.   2.   1.   0.   5.   2.   1.   0.   0.   1.   0.   0.   1.
   1.   1.   0.   0.   0.   1.   1.   0.   2.   0.   0.   0.   0.   0.
   0.   0.   1.   0.   0.   0.]
273600 loops cons: [762. 254. 110.  51.  31.  18.  14.  12.   9.   5.   5.   2.   2.   0.
   2.   4.   2.   1.   0.   5.   2.   1.   0.   0.   1.   0.   0.   1.
   1.   1.   0.   0.   0.   1.   1.   0.   2.   0.   0.   0.   0.   0.
   0.   0.   1.   0.   0.   0.]
278400 loops cons: [777. 260. 110.  53.  31.  19.  16.  12.   9.   5.   5.   2.   2.   0.
   2.   4.   2.   1.   0.   5.   2.   1.   0.   0.   1.   0.   0.   1.
   1.   1.   0.   0.   0.   1.   1.   0.   2.   0.   0.   0.   0.   0.
   0.   0.   1.   0.   0.   0.]
283200 loops cons: [795. 265. 111.  54.  31.  19.  17.  12.   9.   5.   5.   2.   2.   0.
   2.   5.   2.   1.   0.   5.   2.   1.   0.   0.   1.   0.   0.   1.
   1.   1.   0.   0.   0.   1.   1.   0.   2.   0.   0.   0.   0.   0.
   0.   0.   1.   0.   0.   0.]
288000 loops cons: [810. 270. 111.  54.  31.  19.  17.  12.   9.   5.   5.   2.   2.   0.
   2.   5.   2.   1.   0.   5.   2.   1.   0.   0.   1.   0.   0.   1.
   1.   1.   0.   0.   0.   1.   1.   0.   2.   0.   0.   0.   0.   0.
   0.   0.   1.   0.   0.   0.]
292800 loops cons: [823. 274. 113.  55.  31.  19.  17.  12.   9.   5.   5.   2.   2.   0.
   2.   5.   2.   1.   0.   5.   2.   1.   0.   0.   1.   0.   1.   1.
   1.   1.   0.   0.   0.   1.   1.   0.   2.   0.   0.   0.   0.   0.
   0.   0.   1.   0.   0.   0.]
297600 loops cons: [838. 278. 115.  56.  32.  20.  17.  12.   9.   5.   5.   2.   2.   0.
   2.   5.   2.   1.   0.   5.   2.   1.   0.   0.   1.   0.   2.   1.
   1.   1.   0.   0.   0.   1.   1.   0.   2.   0.   0.   0.   0.   0.
   0.   0.   1.   0.   0.   0.]
302400 loops cons: [847. 281. 118.  58.  32.  20.  17.  12.   9.   5.   5.   2.   2.   0.
   2.   5.   2.   1.   0.   5.   2.   1.   0.   0.   1.   0.   2.   1.
   1.   1.   0.   0.   0.   1.   1.   0.   2.   0.   0.   0.   0.   0.
   0.   0.   1.   0.   0.   0.]
307200 loops cons: [862. 287. 119.  59.  32.  20.  18.  12.   9.   5.   5.   2.   2.   0.
   2.   5.   2.   1.   0.   5.   2.   1.   0.   0.   1.   0.   2.   1.
   1.   1.   0.   0.   0.   1.   1.   0.   2.   0.   0.   0.   0.   0.
   0.   0.   1.   0.   0.   0.]
312000 loops cons: [881. 290. 123.  61.  32.  20.  19.  12.   9.   5.   5.   2.   2.   0.
   2.   5.   2.   1.   0.   5.   2.   1.   0.   0.   1.   0.   2.   1.
   1.   1.   0.   0.   0.   1.   1.   0.   2.   0.   0.   0.   0.   0.
   0.   0.   1.   0.   0.   0.]
316800 loops cons: [897. 294. 123.  61.  33.  20.  19.  12.   9.   5.   5.   2.   2.   0.
   2.   5.   2.   1.   0.   5.   2.   1.   0.   0.   1.   0.   2.   1.
   1.   1.   0.   0.   0.   1.   1.   0.   2.   0.   0.   0.   0.   0.
   0.   0.   1.   0.   0.   0.]
321600 loops cons: [915. 295. 125.  63.  34.  20.  21.  12.   9.   5.   5.   2.   2.   0.
   2.   5.   2.   1.   0.   5.   2.   1.   0.   0.   1.   0.   2.   1.
   1.   1.   0.   0.   0.   1.   1.   0.   2.   0.   0.   0.   0.   0.
   0.   0.   1.   0.   0.   0.]
326400 loops cons: [930. 300. 126.  64.  34.  22.  22.  12.   9.   5.   5.   2.   2.   0.
   2.   5.   2.   1.   0.   5.   2.   1.   0.   0.   1.   0.   2.   1.
   1.   1.   0.   0.   0.   1.   1.   0.   2.   0.   0.   0.   0.   0.
   0.   0.   1.   0.   0.   0.]
331200 loops cons: [942. 303. 127.  64.  34.  22.  22.  12.  10.   5.   5.   2.   2.   0.
   2.   5.   2.   1.   0.   5.   2.   1.   0.   0.   1.   0.   2.   1.
   1.   1.   0.   0.   0.   1.   1.   0.   2.   0.   0.   0.   0.   0.
   0.   0.   1.   0.   0.   0.]
336000 loops cons: [952. 310. 128.  67.  34.  23.  22.  12.  10.   5.   5.   2.   2.   0.
   2.   5.   2.   1.   0.   5.   2.   1.   0.   0.   1.   0.   2.   1.
   1.   1.   0.   0.   0.   1.   1.   0.   2.   0.   0.   0.   0.   0.
   0.   0.   1.   0.   0.   0.]
340800 loops cons: [963. 311. 130.  69.  34.  23.  23.  12.  10.   5.   5.   2.   2.   0.
   2.   5.   2.   1.   1.   5.   2.   1.   0.   0.   1.   0.   2.   1.
   1.   1.   0.   0.   0.   1.   1.   0.   2.   0.   0.   0.   0.   0.
   0.   0.   1.   0.   0.   0.]
345600 loops cons: [977. 313. 133.  71.  35.  23.  24.  12.  10.   5.   5.   3.   2.   0.
   2.   5.   2.   1.   1.   5.   2.   1.   0.   0.   1.   0.   2.   1.
   1.   1.   0.   0.   0.   1.   1.   0.   2.   0.   0.   0.   0.   0.
   0.   0.   1.   0.   0.   0.]
350400 loops cons: [991. 318. 134.  73.  35.  23.  24.  12.  11.   5.   6.   3.   3.   0.
   2.   5.   2.   1.   1.   5.   2.   1.   0.   0.   1.   0.   2.   1.
   1.   1.   0.   0.   0.   1.   1.   0.   2.   0.   0.   0.   0.   0.
   0.   0.   1.   0.   0.   0.]
355200 loops cons: [1.002e+03 3.220e+02 1.380e+02 7.500e+01 3.500e+01 2.300e+01 2.400e+01
 1.200e+01 1.100e+01 5.000e+00 6.000e+00 6.000e+00 3.000e+00 0.000e+00
 2.000e+00 6.000e+00 2.000e+00 1.000e+00 1.000e+00 5.000e+00 2.000e+00
 1.000e+00 0.000e+00 0.000e+00 1.000e+00 0.000e+00 2.000e+00 1.000e+00
 1.000e+00 1.000e+00 0.000e+00 0.000e+00 0.000e+00 1.000e+00 1.000e+00
 0.000e+00 2.000e+00 0.000e+00 0.000e+00 0.000e+00 0.000e+00 0.000e+00
 0.000e+00 0.000e+00 1.000e+00 0.000e+00 0.000e+00 0.000e+00]
360000 loops cons: [1.011e+03 3.270e+02 1.390e+02 7.700e+01 3.500e+01 2.300e+01 2.400e+01
 1.200e+01 1.100e+01 5.000e+00 6.000e+00 6.000e+00 3.000e+00 0.000e+00
 2.000e+00 6.000e+00 2.000e+00 1.000e+00 2.000e+00 5.000e+00 2.000e+00
 1.000e+00 0.000e+00 0.000e+00 1.000e+00 0.000e+00 2.000e+00 1.000e+00
 1.000e+00 1.000e+00 0.000e+00 0.000e+00 0.000e+00 1.000e+00 1.000e+00
 0.000e+00 2.000e+00 0.000e+00 0.000e+00 0.000e+00 0.000e+00 0.000e+00
 0.000e+00 0.000e+00 1.000e+00 0.000e+00 0.000e+00 0.000e+00]
364800 loops cons: [1.025e+03 3.290e+02 1.430e+02 7.800e+01 3.600e+01 2.300e+01 2.500e+01
 1.200e+01 1.100e+01 5.000e+00 6.000e+00 6.000e+00 3.000e+00 0.000e+00
 2.000e+00 6.000e+00 2.000e+00 1.000e+00 2.000e+00 5.000e+00 2.000e+00
 1.000e+00 0.000e+00 0.000e+00 1.000e+00 0.000e+00 2.000e+00 1.000e+00
 1.000e+00 1.000e+00 0.000e+00 0.000e+00 0.000e+00 1.000e+00 1.000e+00
 0.000e+00 2.000e+00 0.000e+00 0.000e+00 0.000e+00 0.000e+00 0.000e+00
 0.000e+00 0.000e+00 1.000e+00 0.000e+00 0.000e+00 0.000e+00]
369600 loops cons: [1.037e+03 3.300e+02 1.450e+02 7.800e+01 3.600e+01 2.400e+01 2.500e+01
 1.200e+01 1.100e+01 5.000e+00 6.000e+00 6.000e+00 3.000e+00 0.000e+00
 2.000e+00 6.000e+00 2.000e+00 1.000e+00 2.000e+00 5.000e+00 2.000e+00
 1.000e+00 0.000e+00 0.000e+00 1.000e+00 0.000e+00 2.000e+00 1.000e+00
 1.000e+00 1.000e+00 0.000e+00 0.000e+00 0.000e+00 1.000e+00 1.000e+00
 0.000e+00 2.000e+00 0.000e+00 0.000e+00 0.000e+00 0.000e+00 0.000e+00
 0.000e+00 0.000e+00 1.000e+00 0.000e+00 0.000e+00 0.000e+00]
374400 loops cons: [1.046e+03 3.340e+02 1.470e+02 7.900e+01 3.700e+01 2.400e+01 2.500e+01
 1.300e+01 1.100e+01 5.000e+00 6.000e+00 6.000e+00 3.000e+00 0.000e+00
 2.000e+00 6.000e+00 2.000e+00 1.000e+00 2.000e+00 5.000e+00 2.000e+00
 1.000e+00 0.000e+00 1.000e+00 1.000e+00 0.000e+00 2.000e+00 1.000e+00
 1.000e+00 1.000e+00 0.000e+00 0.000e+00 0.000e+00 1.000e+00 1.000e+00
 0.000e+00 2.000e+00 0.000e+00 0.000e+00 0.000e+00 0.000e+00 0.000e+00
 0.000e+00 0.000e+00 1.000e+00 0.000e+00 0.000e+00 0.000e+00]
379200 loops cons: [1.058e+03 3.380e+02 1.490e+02 8.100e+01 3.700e+01 2.400e+01 2.500e+01
 1.400e+01 1.100e+01 6.000e+00 6.000e+00 6.000e+00 3.000e+00 0.000e+00
 2.000e+00 6.000e+00 2.000e+00 1.000e+00 2.000e+00 5.000e+00 2.000e+00
 1.000e+00 0.000e+00 1.000e+00 1.000e+00 0.000e+00 2.000e+00 1.000e+00
 1.000e+00 1.000e+00 0.000e+00 0.000e+00 0.000e+00 1.000e+00 1.000e+00
 0.000e+00 2.000e+00 0.000e+00 0.000e+00 0.000e+00 0.000e+00 0.000e+00
 0.000e+00 0.000e+00 1.000e+00 0.000e+00 0.000e+00 0.000e+00]
384000 loops cons: [1.071e+03 3.420e+02 1.530e+02 8.300e+01 3.800e+01 2.400e+01 2.500e+01
 1.600e+01 1.100e+01 6.000e+00 6.000e+00 6.000e+00 3.000e+00 0.000e+00
 2.000e+00 6.000e+00 2.000e+00 1.000e+00 2.000e+00 5.000e+00 2.000e+00
 1.000e+00 0.000e+00 1.000e+00 1.000e+00 0.000e+00 2.000e+00 1.000e+00
 1.000e+00 1.000e+00 0.000e+00 0.000e+00 0.000e+00 1.000e+00 1.000e+00
 0.000e+00 2.000e+00 0.000e+00 0.000e+00 0.000e+00 0.000e+00 0.000e+00
 0.000e+00 0.000e+00 1.000e+00 0.000e+00 0.000e+00 0.000e+00]
388800 loops cons: [1.077e+03 3.460e+02 1.530e+02 8.400e+01 3.800e+01 2.400e+01 2.500e+01
 1.700e+01 1.100e+01 6.000e+00 6.000e+00 6.000e+00 3.000e+00 0.000e+00
 2.000e+00 6.000e+00 2.000e+00 1.000e+00 2.000e+00 5.000e+00 2.000e+00
 1.000e+00 0.000e+00 1.000e+00 1.000e+00 0.000e+00 2.000e+00 1.000e+00
 1.000e+00 1.000e+00 0.000e+00 0.000e+00 0.000e+00 1.000e+00 1.000e+00
 0.000e+00 2.000e+00 0.000e+00 0.000e+00 0.000e+00 0.000e+00 0.000e+00
 0.000e+00 0.000e+00 1.000e+00 0.000e+00 0.000e+00 0.000e+00]
393600 loops cons: [1.092e+03 3.490e+02 1.560e+02 8.400e+01 3.800e+01 2.400e+01 2.500e+01
 1.700e+01 1.100e+01 6.000e+00 7.000e+00 6.000e+00 3.000e+00 0.000e+00
 2.000e+00 6.000e+00 2.000e+00 1.000e+00 2.000e+00 5.000e+00 2.000e+00
 1.000e+00 0.000e+00 1.000e+00 1.000e+00 0.000e+00 2.000e+00 1.000e+00
 1.000e+00 1.000e+00 0.000e+00 0.000e+00 0.000e+00 1.000e+00 1.000e+00
 0.000e+00 2.000e+00 0.000e+00 0.000e+00 0.000e+00 0.000e+00 0.000e+00
 0.000e+00 0.000e+00 1.000e+00 0.000e+00 0.000e+00 0.000e+00]
398400 loops cons: [1.10e+03 3.56e+02 1.56e+02 8.40e+01 3.90e+01 2.40e+01 2.50e+01 1.70e+01
 1.10e+01 6.00e+00 7.00e+00 6.00e+00 4.00e+00 0.00e+00 2.00e+00 6.00e+00
 2.00e+00 1.00e+00 2.00e+00 5.00e+00 2.00e+00 1.00e+00 0.00e+00 1.00e+00
 1.00e+00 0.00e+00 2.00e+00 1.00e+00 1.00e+00 1.00e+00 0.00e+00 0.00e+00
 0.00e+00 1.00e+00 1.00e+00 0.00e+00 2.00e+00 0.00e+00 0.00e+00 0.00e+00
 0.00e+00 0.00e+00 0.00e+00 0.00e+00 1.00e+00 0.00e+00 0.00e+00 0.00e+00]
403200 loops cons: [1.122e+03 3.600e+02 1.580e+02 8.500e+01 3.900e+01 2.500e+01 2.500e+01
 1.700e+01 1.100e+01 6.000e+00 7.000e+00 7.000e+00 4.000e+00 0.000e+00
 2.000e+00 7.000e+00 2.000e+00 1.000e+00 2.000e+00 5.000e+00 2.000e+00
 1.000e+00 0.000e+00 1.000e+00 1.000e+00 0.000e+00 2.000e+00 1.000e+00
 1.000e+00 1.000e+00 0.000e+00 0.000e+00 0.000e+00 1.000e+00 1.000e+00
 0.000e+00 2.000e+00 0.000e+00 0.000e+00 0.000e+00 0.000e+00 0.000e+00
 0.000e+00 0.000e+00 1.000e+00 0.000e+00 0.000e+00 0.000e+00]
408000 loops cons: [1.134e+03 3.660e+02 1.580e+02 8.700e+01 3.900e+01 2.500e+01 2.500e+01
 1.700e+01 1.100e+01 6.000e+00 7.000e+00 7.000e+00 4.000e+00 0.000e+00
 2.000e+00 7.000e+00 2.000e+00 1.000e+00 2.000e+00 5.000e+00 2.000e+00
 1.000e+00 0.000e+00 1.000e+00 1.000e+00 0.000e+00 2.000e+00 1.000e+00
 1.000e+00 1.000e+00 0.000e+00 0.000e+00 0.000e+00 1.000e+00 1.000e+00
 0.000e+00 2.000e+00 0.000e+00 0.000e+00 0.000e+00 0.000e+00 0.000e+00
 0.000e+00 0.000e+00 1.000e+00 0.000e+00 0.000e+00 0.000e+00]
412800 loops cons: [1.145e+03 3.690e+02 1.620e+02 8.800e+01 3.900e+01 2.600e+01 2.500e+01
 1.800e+01 1.100e+01 6.000e+00 7.000e+00 7.000e+00 4.000e+00 0.000e+00
 2.000e+00 7.000e+00 2.000e+00 1.000e+00 2.000e+00 5.000e+00 2.000e+00
 1.000e+00 0.000e+00 1.000e+00 1.000e+00 0.000e+00 2.000e+00 1.000e+00
 1.000e+00 1.000e+00 0.000e+00 0.000e+00 0.000e+00 1.000e+00 1.000e+00
 0.000e+00 2.000e+00 0.000e+00 0.000e+00 0.000e+00 0.000e+00 0.000e+00
 0.000e+00 0.000e+00 1.000e+00 0.000e+00 0.000e+00 0.000e+00]
417600 loops cons: [1.157e+03 3.730e+02 1.630e+02 8.900e+01 4.000e+01 2.700e+01 2.500e+01
 1.800e+01 1.100e+01 6.000e+00 7.000e+00 7.000e+00 4.000e+00 0.000e+00
 2.000e+00 7.000e+00 2.000e+00 1.000e+00 2.000e+00 5.000e+00 2.000e+00
 1.000e+00 0.000e+00 1.000e+00 1.000e+00 0.000e+00 2.000e+00 1.000e+00
 1.000e+00 1.000e+00 0.000e+00 0.000e+00 0.000e+00 1.000e+00 1.000e+00
 0.000e+00 2.000e+00 0.000e+00 0.000e+00 0.000e+00 0.000e+00 0.000e+00
 0.000e+00 0.000e+00 1.000e+00 0.000e+00 0.000e+00 0.000e+00]
422400 loops cons: [1.167e+03 3.760e+02 1.670e+02 9.100e+01 4.100e+01 2.700e+01 2.500e+01
 1.800e+01 1.100e+01 7.000e+00 7.000e+00 7.000e+00 4.000e+00 0.000e+00
 2.000e+00 8.000e+00 2.000e+00 1.000e+00 3.000e+00 5.000e+00 2.000e+00
 1.000e+00 0.000e+00 1.000e+00 1.000e+00 0.000e+00 2.000e+00 1.000e+00
 1.000e+00 1.000e+00 0.000e+00 0.000e+00 0.000e+00 1.000e+00 1.000e+00
 0.000e+00 2.000e+00 0.000e+00 0.000e+00 0.000e+00 0.000e+00 0.000e+00
 0.000e+00 0.000e+00 1.000e+00 0.000e+00 0.000e+00 0.000e+00]
427200 loops cons: [1.173e+03 3.800e+02 1.680e+02 9.100e+01 4.100e+01 2.800e+01 2.500e+01
 1.900e+01 1.100e+01 8.000e+00 7.000e+00 7.000e+00 4.000e+00 0.000e+00
 2.000e+00 8.000e+00 3.000e+00 1.000e+00 3.000e+00 5.000e+00 2.000e+00
 1.000e+00 0.000e+00 1.000e+00 1.000e+00 0.000e+00 2.000e+00 1.000e+00
 1.000e+00 1.000e+00 0.000e+00 0.000e+00 0.000e+00 1.000e+00 1.000e+00
 0.000e+00 2.000e+00 0.000e+00 0.000e+00 0.000e+00 0.000e+00 0.000e+00
 0.000e+00 0.000e+00 1.000e+00 0.000e+00 0.000e+00 0.000e+00]
432000 loops cons: [1.191e+03 3.830e+02 1.710e+02 9.200e+01 4.100e+01 2.800e+01 2.500e+01
 1.900e+01 1.100e+01 8.000e+00 7.000e+00 7.000e+00 5.000e+00 0.000e+00
 2.000e+00 8.000e+00 3.000e+00 1.000e+00 3.000e+00 5.000e+00 2.000e+00
 1.000e+00 0.000e+00 1.000e+00 1.000e+00 0.000e+00 2.000e+00 1.000e+00
 1.000e+00 1.000e+00 0.000e+00 0.000e+00 0.000e+00 1.000e+00 1.000e+00
 0.000e+00 2.000e+00 0.000e+00 0.000e+00 0.000e+00 0.000e+00 0.000e+00
 0.000e+00 0.000e+00 1.000e+00 0.000e+00 0.000e+00 0.000e+00]
436800 loops cons: [1.207e+03 3.880e+02 1.720e+02 9.200e+01 4.100e+01 3.000e+01 2.500e+01
 1.900e+01 1.100e+01 9.000e+00 7.000e+00 7.000e+00 5.000e+00 0.000e+00
 2.000e+00 8.000e+00 3.000e+00 1.000e+00 3.000e+00 5.000e+00 2.000e+00
 1.000e+00 0.000e+00 1.000e+00 1.000e+00 0.000e+00 2.000e+00 1.000e+00
 1.000e+00 1.000e+00 0.000e+00 0.000e+00 0.000e+00 1.000e+00 1.000e+00
 0.000e+00 2.000e+00 0.000e+00 0.000e+00 0.000e+00 0.000e+00 0.000e+00
 0.000e+00 0.000e+00 1.000e+00 0.000e+00 0.000e+00 0.000e+00]
441600 loops cons: [1.22e+03 3.93e+02 1.75e+02 9.20e+01 4.10e+01 3.20e+01 2.50e+01 1.90e+01
 1.10e+01 9.00e+00 7.00e+00 7.00e+00 6.00e+00 0.00e+00 2.00e+00 8.00e+00
 3.00e+00 1.00e+00 3.00e+00 5.00e+00 2.00e+00 1.00e+00 0.00e+00 1.00e+00
 1.00e+00 0.00e+00 2.00e+00 1.00e+00 1.00e+00 1.00e+00 0.00e+00 0.00e+00
 0.00e+00 1.00e+00 1.00e+00 0.00e+00 2.00e+00 0.00e+00 0.00e+00 0.00e+00
 0.00e+00 0.00e+00 0.00e+00 0.00e+00 1.00e+00 0.00e+00 0.00e+00 0.00e+00]
446400 loops cons: [1.238e+03 3.980e+02 1.760e+02 9.200e+01 4.200e+01 3.200e+01 2.600e+01
 1.900e+01 1.100e+01 9.000e+00 8.000e+00 7.000e+00 6.000e+00 0.000e+00
 2.000e+00 8.000e+00 3.000e+00 1.000e+00 3.000e+00 5.000e+00 2.000e+00
 1.000e+00 0.000e+00 1.000e+00 1.000e+00 0.000e+00 2.000e+00 1.000e+00
 1.000e+00 1.000e+00 0.000e+00 0.000e+00 0.000e+00 1.000e+00 1.000e+00
 0.000e+00 2.000e+00 0.000e+00 0.000e+00 0.000e+00 0.000e+00 0.000e+00
 0.000e+00 0.000e+00 1.000e+00 0.000e+00 0.000e+00 0.000e+00]
451200 loops cons: [1.25e+03 4.05e+02 1.78e+02 9.30e+01 4.20e+01 3.30e+01 2.70e+01 1.90e+01
 1.10e+01 9.00e+00 8.00e+00 7.00e+00 6.00e+00 0.00e+00 2.00e+00 8.00e+00
 3.00e+00 1.00e+00 3.00e+00 5.00e+00 2.00e+00 1.00e+00 0.00e+00 1.00e+00
 1.00e+00 0.00e+00 2.00e+00 1.00e+00 1.00e+00 1.00e+00 0.00e+00 0.00e+00
 0.00e+00 1.00e+00 1.00e+00 0.00e+00 2.00e+00 0.00e+00 0.00e+00 0.00e+00
 0.00e+00 0.00e+00 0.00e+00 0.00e+00 1.00e+00 0.00e+00 0.00e+00 0.00e+00]
456000 loops cons: [1.263e+03 4.110e+02 1.780e+02 9.300e+01 4.300e+01 3.300e+01 2.700e+01
 1.900e+01 1.100e+01 9.000e+00 8.000e+00 7.000e+00 6.000e+00 0.000e+00
 2.000e+00 8.000e+00 3.000e+00 1.000e+00 3.000e+00 5.000e+00 2.000e+00
 1.000e+00 0.000e+00 1.000e+00 1.000e+00 0.000e+00 2.000e+00 1.000e+00
 1.000e+00 1.000e+00 0.000e+00 0.000e+00 0.000e+00 1.000e+00 1.000e+00
 0.000e+00 2.000e+00 0.000e+00 0.000e+00 0.000e+00 0.000e+00 0.000e+00
 0.000e+00 0.000e+00 1.000e+00 0.000e+00 0.000e+00 0.000e+00]
460800 loops cons: [1.277e+03 4.160e+02 1.790e+02 9.700e+01 4.300e+01 3.300e+01 2.700e+01
 1.900e+01 1.100e+01 9.000e+00 8.000e+00 7.000e+00 6.000e+00 0.000e+00
 2.000e+00 8.000e+00 3.000e+00 1.000e+00 3.000e+00 5.000e+00 2.000e+00
 1.000e+00 0.000e+00 1.000e+00 1.000e+00 0.000e+00 2.000e+00 1.000e+00
 1.000e+00 1.000e+00 0.000e+00 0.000e+00 0.000e+00 1.000e+00 1.000e+00
 0.000e+00 3.000e+00 0.000e+00 0.000e+00 0.000e+00 0.000e+00 0.000e+00
 0.000e+00 0.000e+00 1.000e+00 0.000e+00 0.000e+00 0.000e+00]
465600 loops cons: [1.285e+03 4.200e+02 1.820e+02 9.900e+01 4.400e+01 3.300e+01 2.800e+01
 2.100e+01 1.100e+01 9.000e+00 8.000e+00 7.000e+00 6.000e+00 0.000e+00
 2.000e+00 8.000e+00 3.000e+00 1.000e+00 3.000e+00 5.000e+00 2.000e+00
 1.000e+00 0.000e+00 1.000e+00 1.000e+00 0.000e+00 2.000e+00 1.000e+00
 1.000e+00 1.000e+00 0.000e+00 0.000e+00 0.000e+00 1.000e+00 1.000e+00
 0.000e+00 3.000e+00 0.000e+00 0.000e+00 0.000e+00 0.000e+00 0.000e+00
 0.000e+00 0.000e+00 1.000e+00 0.000e+00 0.000e+00 0.000e+00]
470400 loops cons: [1.294e+03 4.260e+02 1.830e+02 9.900e+01 4.400e+01 3.300e+01 2.800e+01
 2.100e+01 1.300e+01 9.000e+00 8.000e+00 7.000e+00 6.000e+00 0.000e+00
 2.000e+00 8.000e+00 3.000e+00 1.000e+00 3.000e+00 5.000e+00 2.000e+00
 1.000e+00 0.000e+00 1.000e+00 1.000e+00 0.000e+00 2.000e+00 1.000e+00
 1.000e+00 1.000e+00 0.000e+00 0.000e+00 0.000e+00 1.000e+00 1.000e+00
 0.000e+00 3.000e+00 0.000e+00 0.000e+00 0.000e+00 1.000e+00 0.000e+00
 0.000e+00 0.000e+00 1.000e+00 0.000e+00 0.000e+00 0.000e+00]
475200 loops cons: [1.303e+03 4.300e+02 1.880e+02 9.900e+01 4.500e+01 3.400e+01 2.900e+01
 2.100e+01 1.400e+01 1.000e+01 8.000e+00 7.000e+00 6.000e+00 0.000e+00
 2.000e+00 8.000e+00 3.000e+00 1.000e+00 3.000e+00 5.000e+00 2.000e+00
 1.000e+00 0.000e+00 1.000e+00 1.000e+00 0.000e+00 2.000e+00 1.000e+00
 1.000e+00 1.000e+00 0.000e+00 0.000e+00 0.000e+00 1.000e+00 1.000e+00
 0.000e+00 3.000e+00 0.000e+00 0.000e+00 0.000e+00 1.000e+00 0.000e+00
 0.000e+00 0.000e+00 1.000e+00 0.000e+00 0.000e+00 0.000e+00]
480000 loops cons: [1.315e+03 4.330e+02 1.890e+02 9.900e+01 4.600e+01 3.600e+01 2.900e+01
 2.200e+01 1.400e+01 1.100e+01 8.000e+00 7.000e+00 6.000e+00 1.000e+00
 2.000e+00 8.000e+00 3.000e+00 1.000e+00 3.000e+00 5.000e+00 2.000e+00
 1.000e+00 0.000e+00 1.000e+00 1.000e+00 0.000e+00 2.000e+00 1.000e+00
 1.000e+00 1.000e+00 0.000e+00 0.000e+00 0.000e+00 1.000e+00 1.000e+00
 0.000e+00 3.000e+00 0.000e+00 0.000e+00 0.000e+00 1.000e+00 0.000e+00
 0.000e+00 0.000e+00 1.000e+00 0.000e+00 0.000e+00 0.000e+00]
484800 loops cons: [1.329e+03 4.360e+02 1.890e+02 9.900e+01 4.700e+01 3.600e+01 3.000e+01
 2.200e+01 1.500e+01 1.100e+01 8.000e+00 7.000e+00 6.000e+00 1.000e+00
 2.000e+00 8.000e+00 3.000e+00 1.000e+00 3.000e+00 5.000e+00 2.000e+00
 1.000e+00 0.000e+00 1.000e+00 1.000e+00 0.000e+00 2.000e+00 1.000e+00
 1.000e+00 1.000e+00 0.000e+00 0.000e+00 0.000e+00 1.000e+00 1.000e+00
 0.000e+00 3.000e+00 0.000e+00 0.000e+00 0.000e+00 1.000e+00 0.000e+00
 0.000e+00 0.000e+00 1.000e+00 0.000e+00 0.000e+00 0.000e+00]
489600 loops cons: [1.348e+03 4.410e+02 1.900e+02 9.900e+01 4.700e+01 3.600e+01 3.000e+01
 2.200e+01 1.500e+01 1.100e+01 8.000e+00 8.000e+00 6.000e+00 1.000e+00
 2.000e+00 8.000e+00 3.000e+00 1.000e+00 3.000e+00 5.000e+00 2.000e+00
 1.000e+00 0.000e+00 1.000e+00 1.000e+00 0.000e+00 2.000e+00 1.000e+00
 1.000e+00 1.000e+00 0.000e+00 0.000e+00 0.000e+00 1.000e+00 1.000e+00
 0.000e+00 3.000e+00 0.000e+00 0.000e+00 0.000e+00 1.000e+00 0.000e+00
 0.000e+00 0.000e+00 1.000e+00 0.000e+00 0.000e+00 0.000e+00]
494400 loops cons: [1.36e+03 4.45e+02 1.90e+02 1.01e+02 4.70e+01 3.60e+01 3.10e+01 2.20e+01
 1.50e+01 1.20e+01 8.00e+00 8.00e+00 6.00e+00 1.00e+00 3.00e+00 8.00e+00
 3.00e+00 1.00e+00 3.00e+00 5.00e+00 2.00e+00 1.00e+00 0.00e+00 1.00e+00
 1.00e+00 0.00e+00 2.00e+00 1.00e+00 1.00e+00 1.00e+00 0.00e+00 0.00e+00
 0.00e+00 1.00e+00 1.00e+00 0.00e+00 3.00e+00 0.00e+00 0.00e+00 0.00e+00
 1.00e+00 0.00e+00 0.00e+00 0.00e+00 1.00e+00 0.00e+00 0.00e+00 0.00e+00]
499200 loops cons: [1.374e+03 4.500e+02 1.910e+02 1.020e+02 4.800e+01 3.600e+01 3.100e+01
 2.200e+01 1.500e+01 1.200e+01 8.000e+00 8.000e+00 6.000e+00 1.000e+00
 3.000e+00 8.000e+00 3.000e+00 1.000e+00 4.000e+00 5.000e+00 2.000e+00
 1.000e+00 0.000e+00 1.000e+00 1.000e+00 0.000e+00 2.000e+00 1.000e+00
 1.000e+00 1.000e+00 0.000e+00 0.000e+00 0.000e+00 1.000e+00 1.000e+00
 0.000e+00 3.000e+00 0.000e+00 0.000e+00 0.000e+00 1.000e+00 0.000e+00
 0.000e+00 0.000e+00 1.000e+00 0.000e+00 0.000e+00 0.000e+00]
504000 loops cons: [1.387e+03 4.530e+02 1.930e+02 1.040e+02 4.800e+01 3.600e+01 3.100e+01
 2.200e+01 1.500e+01 1.200e+01 8.000e+00 8.000e+00 6.000e+00 1.000e+00
 3.000e+00 8.000e+00 3.000e+00 1.000e+00 4.000e+00 5.000e+00 2.000e+00
 1.000e+00 0.000e+00 1.000e+00 1.000e+00 0.000e+00 2.000e+00 1.000e+00
 1.000e+00 1.000e+00 0.000e+00 0.000e+00 0.000e+00 1.000e+00 1.000e+00
 0.000e+00 3.000e+00 0.000e+00 0.000e+00 0.000e+00 1.000e+00 0.000e+00
 0.000e+00 0.000e+00 1.000e+00 0.000e+00 0.000e+00 0.000e+00]
508800 loops cons: [1.404e+03 4.550e+02 1.970e+02 1.070e+02 4.900e+01 3.600e+01 3.100e+01
 2.200e+01 1.500e+01 1.200e+01 8.000e+00 1.000e+01 6.000e+00 1.000e+00
 3.000e+00 8.000e+00 3.000e+00 1.000e+00 4.000e+00 5.000e+00 2.000e+00
 1.000e+00 0.000e+00 1.000e+00 1.000e+00 0.000e+00 2.000e+00 1.000e+00
 1.000e+00 1.000e+00 0.000e+00 0.000e+00 0.000e+00 1.000e+00 1.000e+00
 0.000e+00 3.000e+00 0.000e+00 0.000e+00 0.000e+00 1.000e+00 0.000e+00
 0.000e+00 0.000e+00 1.000e+00 0.000e+00 0.000e+00 0.000e+00]
513600 loops cons: [1.417e+03 4.580e+02 1.990e+02 1.070e+02 4.900e+01 3.600e+01 3.100e+01
 2.200e+01 1.500e+01 1.200e+01 8.000e+00 1.000e+01 6.000e+00 1.000e+00
 3.000e+00 8.000e+00 3.000e+00 1.000e+00 4.000e+00 5.000e+00 2.000e+00
 1.000e+00 0.000e+00 1.000e+00 1.000e+00 0.000e+00 2.000e+00 1.000e+00
 1.000e+00 1.000e+00 0.000e+00 0.000e+00 0.000e+00 1.000e+00 1.000e+00
 0.000e+00 3.000e+00 0.000e+00 0.000e+00 0.000e+00 1.000e+00 0.000e+00
 0.000e+00 0.000e+00 1.000e+00 0.000e+00 0.000e+00 0.000e+00]
518400 loops cons: [1.427e+03 4.600e+02 1.990e+02 1.090e+02 5.000e+01 3.600e+01 3.100e+01
 2.300e+01 1.600e+01 1.200e+01 8.000e+00 1.000e+01 6.000e+00 1.000e+00
 3.000e+00 8.000e+00 3.000e+00 1.000e+00 4.000e+00 5.000e+00 2.000e+00
 1.000e+00 0.000e+00 1.000e+00 1.000e+00 0.000e+00 2.000e+00 1.000e+00
 1.000e+00 1.000e+00 0.000e+00 0.000e+00 0.000e+00 1.000e+00 1.000e+00
 0.000e+00 3.000e+00 0.000e+00 0.000e+00 0.000e+00 1.000e+00 0.000e+00
 0.000e+00 0.000e+00 1.000e+00 0.000e+00 0.000e+00 0.000e+00]
523200 loops cons: [1.44e+03 4.61e+02 2.02e+02 1.09e+02 5.00e+01 3.60e+01 3.20e+01 2.30e+01
 1.60e+01 1.40e+01 8.00e+00 1.00e+01 6.00e+00 1.00e+00 3.00e+00 8.00e+00
 3.00e+00 1.00e+00 4.00e+00 5.00e+00 2.00e+00 1.00e+00 0.00e+00 1.00e+00
 1.00e+00 0.00e+00 2.00e+00 1.00e+00 1.00e+00 1.00e+00 0.00e+00 0.00e+00
 0.00e+00 1.00e+00 1.00e+00 0.00e+00 3.00e+00 0.00e+00 0.00e+00 0.00e+00
 1.00e+00 0.00e+00 0.00e+00 0.00e+00 1.00e+00 0.00e+00 0.00e+00 0.00e+00]
528000 loops cons: [1.455e+03 4.640e+02 2.020e+02 1.100e+02 5.000e+01 3.700e+01 3.200e+01
 2.400e+01 1.600e+01 1.400e+01 8.000e+00 1.000e+01 6.000e+00 1.000e+00
 3.000e+00 8.000e+00 3.000e+00 1.000e+00 4.000e+00 5.000e+00 2.000e+00
 1.000e+00 0.000e+00 1.000e+00 1.000e+00 0.000e+00 2.000e+00 1.000e+00
 1.000e+00 1.000e+00 0.000e+00 0.000e+00 0.000e+00 1.000e+00 1.000e+00
 0.000e+00 3.000e+00 0.000e+00 0.000e+00 0.000e+00 1.000e+00 0.000e+00
 0.000e+00 0.000e+00 1.000e+00 0.000e+00 0.000e+00 0.000e+00]
532800 loops cons: [1.468e+03 4.670e+02 2.050e+02 1.110e+02 5.200e+01 3.700e+01 3.200e+01
 2.400e+01 1.600e+01 1.400e+01 8.000e+00 1.000e+01 6.000e+00 1.000e+00
 3.000e+00 8.000e+00 3.000e+00 1.000e+00 4.000e+00 5.000e+00 2.000e+00
 1.000e+00 0.000e+00 1.000e+00 1.000e+00 0.000e+00 2.000e+00 1.000e+00
 1.000e+00 1.000e+00 0.000e+00 0.000e+00 0.000e+00 1.000e+00 1.000e+00
 0.000e+00 3.000e+00 0.000e+00 0.000e+00 0.000e+00 1.000e+00 0.000e+00
 0.000e+00 0.000e+00 1.000e+00 0.000e+00 0.000e+00 0.000e+00]
537600 loops cons: [1.485e+03 4.690e+02 2.080e+02 1.110e+02 5.200e+01 3.700e+01 3.200e+01
 2.500e+01 1.600e+01 1.400e+01 8.000e+00 1.000e+01 6.000e+00 1.000e+00
 3.000e+00 8.000e+00 3.000e+00 1.000e+00 4.000e+00 5.000e+00 2.000e+00
 1.000e+00 0.000e+00 1.000e+00 1.000e+00 0.000e+00 2.000e+00 1.000e+00
 1.000e+00 1.000e+00 0.000e+00 0.000e+00 0.000e+00 1.000e+00 1.000e+00
 0.000e+00 3.000e+00 0.000e+00 0.000e+00 0.000e+00 1.000e+00 0.000e+00
 0.000e+00 0.000e+00 1.000e+00 0.000e+00 0.000e+00 0.000e+00]
542400 loops cons: [1.498e+03 4.700e+02 2.100e+02 1.110e+02 5.200e+01 3.700e+01 3.300e+01
 2.500e+01 1.600e+01 1.400e+01 8.000e+00 1.000e+01 6.000e+00 1.000e+00
 3.000e+00 8.000e+00 3.000e+00 1.000e+00 4.000e+00 5.000e+00 2.000e+00
 1.000e+00 0.000e+00 1.000e+00 1.000e+00 0.000e+00 2.000e+00 1.000e+00
 1.000e+00 1.000e+00 0.000e+00 0.000e+00 0.000e+00 1.000e+00 1.000e+00
 0.000e+00 3.000e+00 0.000e+00 0.000e+00 0.000e+00 1.000e+00 0.000e+00
 0.000e+00 0.000e+00 1.000e+00 0.000e+00 0.000e+00 0.000e+00]
547200 loops cons: [1.512e+03 4.740e+02 2.110e+02 1.110e+02 5.200e+01 3.800e+01 3.300e+01
 2.500e+01 1.600e+01 1.400e+01 8.000e+00 1.000e+01 6.000e+00 1.000e+00
 3.000e+00 8.000e+00 3.000e+00 1.000e+00 4.000e+00 5.000e+00 2.000e+00
 1.000e+00 0.000e+00 1.000e+00 1.000e+00 0.000e+00 2.000e+00 1.000e+00
 1.000e+00 1.000e+00 0.000e+00 0.000e+00 0.000e+00 1.000e+00 1.000e+00
 0.000e+00 3.000e+00 0.000e+00 0.000e+00 0.000e+00 1.000e+00 0.000e+00
 0.000e+00 0.000e+00 1.000e+00 0.000e+00 0.000e+00 0.000e+00]
552000 loops cons: [1.529e+03 4.790e+02 2.140e+02 1.120e+02 5.200e+01 3.800e+01 3.300e+01
 2.500e+01 1.600e+01 1.400e+01 8.000e+00 1.000e+01 6.000e+00 1.000e+00
 3.000e+00 8.000e+00 3.000e+00 1.000e+00 4.000e+00 5.000e+00 2.000e+00
 1.000e+00 0.000e+00 1.000e+00 1.000e+00 0.000e+00 2.000e+00 1.000e+00
 1.000e+00 1.000e+00 0.000e+00 0.000e+00 0.000e+00 1.000e+00 1.000e+00
 0.000e+00 3.000e+00 0.000e+00 0.000e+00 0.000e+00 1.000e+00 0.000e+00
 0.000e+00 0.000e+00 1.000e+00 0.000e+00 0.000e+00 0.000e+00]
556800 loops cons: [1.544e+03 4.820e+02 2.180e+02 1.130e+02 5.400e+01 3.900e+01 3.300e+01
 2.500e+01 1.600e+01 1.400e+01 8.000e+00 1.000e+01 6.000e+00 1.000e+00
 3.000e+00 8.000e+00 3.000e+00 1.000e+00 4.000e+00 5.000e+00 2.000e+00
 1.000e+00 1.000e+00 1.000e+00 1.000e+00 0.000e+00 2.000e+00 1.000e+00
 1.000e+00 1.000e+00 0.000e+00 0.000e+00 0.000e+00 1.000e+00 1.000e+00
 0.000e+00 3.000e+00 0.000e+00 0.000e+00 0.000e+00 1.000e+00 0.000e+00
 0.000e+00 0.000e+00 1.000e+00 0.000e+00 0.000e+00 0.000e+00]
561600 loops cons: [1.557e+03 4.840e+02 2.180e+02 1.130e+02 5.400e+01 4.000e+01 3.300e+01
 2.500e+01 1.700e+01 1.500e+01 8.000e+00 1.000e+01 6.000e+00 1.000e+00
 3.000e+00 8.000e+00 3.000e+00 1.000e+00 4.000e+00 5.000e+00 2.000e+00
 1.000e+00 1.000e+00 1.000e+00 1.000e+00 0.000e+00 2.000e+00 1.000e+00
 1.000e+00 1.000e+00 0.000e+00 0.000e+00 0.000e+00 1.000e+00 1.000e+00
 0.000e+00 3.000e+00 0.000e+00 0.000e+00 0.000e+00 1.000e+00 0.000e+00
 0.000e+00 0.000e+00 1.000e+00 0.000e+00 0.000e+00 0.000e+00]
566400 loops cons: [1.57e+03 4.87e+02 2.19e+02 1.14e+02 5.40e+01 4.00e+01 3.30e+01 2.50e+01
 1.70e+01 1.50e+01 8.00e+00 1.00e+01 6.00e+00 1.00e+00 3.00e+00 8.00e+00
 3.00e+00 1.00e+00 4.00e+00 5.00e+00 2.00e+00 1.00e+00 1.00e+00 1.00e+00
 1.00e+00 0.00e+00 2.00e+00 1.00e+00 1.00e+00 1.00e+00 0.00e+00 0.00e+00
 0.00e+00 1.00e+00 1.00e+00 0.00e+00 3.00e+00 0.00e+00 0.00e+00 0.00e+00
 1.00e+00 0.00e+00 0.00e+00 0.00e+00 1.00e+00 0.00e+00 0.00e+00 0.00e+00]
571200 loops cons: [1.58e+03 4.88e+02 2.21e+02 1.14e+02 5.40e+01 4.00e+01 3.30e+01 2.50e+01
 1.70e+01 1.50e+01 8.00e+00 1.00e+01 6.00e+00 1.00e+00 3.00e+00 8.00e+00
 3.00e+00 1.00e+00 4.00e+00 5.00e+00 3.00e+00 1.00e+00 1.00e+00 1.00e+00
 1.00e+00 0.00e+00 2.00e+00 1.00e+00 1.00e+00 1.00e+00 0.00e+00 0.00e+00
 0.00e+00 1.00e+00 1.00e+00 0.00e+00 3.00e+00 0.00e+00 0.00e+00 1.00e+00
 1.00e+00 0.00e+00 0.00e+00 0.00e+00 1.00e+00 0.00e+00 0.00e+00 0.00e+00]
576000 loops cons: [1.599e+03 4.950e+02 2.250e+02 1.140e+02 5.400e+01 4.000e+01 3.600e+01
 2.500e+01 1.700e+01 1.500e+01 8.000e+00 1.000e+01 6.000e+00 1.000e+00
 4.000e+00 8.000e+00 3.000e+00 1.000e+00 4.000e+00 6.000e+00 3.000e+00
 1.000e+00 1.000e+00 2.000e+00 1.000e+00 0.000e+00 2.000e+00 1.000e+00
 1.000e+00 1.000e+00 0.000e+00 0.000e+00 0.000e+00 1.000e+00 1.000e+00
 0.000e+00 3.000e+00 0.000e+00 0.000e+00 1.000e+00 1.000e+00 0.000e+00
 0.000e+00 0.000e+00 1.000e+00 0.000e+00 0.000e+00 0.000e+00]
580800 loops cons: [1.616e+03 4.980e+02 2.270e+02 1.140e+02 5.400e+01 4.000e+01 3.600e+01
 2.500e+01 1.700e+01 1.500e+01 8.000e+00 1.000e+01 6.000e+00 2.000e+00
 5.000e+00 8.000e+00 3.000e+00 1.000e+00 4.000e+00 6.000e+00 3.000e+00
 1.000e+00 1.000e+00 2.000e+00 1.000e+00 0.000e+00 2.000e+00 1.000e+00
 1.000e+00 1.000e+00 0.000e+00 0.000e+00 0.000e+00 1.000e+00 1.000e+00
 0.000e+00 3.000e+00 0.000e+00 0.000e+00 1.000e+00 1.000e+00 0.000e+00
 0.000e+00 0.000e+00 1.000e+00 0.000e+00 0.000e+00 0.000e+00]
585600 loops cons: [1.627e+03 5.000e+02 2.290e+02 1.150e+02 5.500e+01 4.000e+01 3.600e+01
 2.500e+01 1.700e+01 1.500e+01 8.000e+00 1.000e+01 6.000e+00 2.000e+00
 5.000e+00 8.000e+00 3.000e+00 1.000e+00 4.000e+00 6.000e+00 3.000e+00
 1.000e+00 1.000e+00 2.000e+00 1.000e+00 0.000e+00 2.000e+00 1.000e+00
 1.000e+00 2.000e+00 0.000e+00 0.000e+00 0.000e+00 1.000e+00 1.000e+00
 0.000e+00 3.000e+00 0.000e+00 0.000e+00 1.000e+00 1.000e+00 0.000e+00
 0.000e+00 0.000e+00 1.000e+00 0.000e+00 0.000e+00 0.000e+00]
590400 loops cons: [1.64e+03 5.02e+02 2.29e+02 1.16e+02 5.50e+01 4.00e+01 3.60e+01 2.60e+01
 2.00e+01 1.50e+01 8.00e+00 1.00e+01 6.00e+00 3.00e+00 6.00e+00 8.00e+00
 3.00e+00 1.00e+00 5.00e+00 6.00e+00 3.00e+00 1.00e+00 1.00e+00 2.00e+00
 1.00e+00 0.00e+00 2.00e+00 1.00e+00 1.00e+00 2.00e+00 0.00e+00 0.00e+00
 0.00e+00 1.00e+00 1.00e+00 0.00e+00 3.00e+00 0.00e+00 0.00e+00 1.00e+00
 1.00e+00 0.00e+00 0.00e+00 0.00e+00 1.00e+00 0.00e+00 0.00e+00 0.00e+00]
595200 loops cons: [1.653e+03 5.080e+02 2.300e+02 1.160e+02 5.500e+01 4.000e+01 3.700e+01
 2.600e+01 2.000e+01 1.500e+01 8.000e+00 1.000e+01 6.000e+00 3.000e+00
 6.000e+00 8.000e+00 3.000e+00 1.000e+00 5.000e+00 6.000e+00 3.000e+00
 1.000e+00 1.000e+00 2.000e+00 1.000e+00 0.000e+00 2.000e+00 1.000e+00
 1.000e+00 2.000e+00 0.000e+00 0.000e+00 0.000e+00 1.000e+00 1.000e+00
 0.000e+00 3.000e+00 0.000e+00 0.000e+00 1.000e+00 1.000e+00 0.000e+00
 0.000e+00 0.000e+00 1.000e+00 0.000e+00 0.000e+00 0.000e+00]
600000 loops cons: [1.666e+03 5.120e+02 2.300e+02 1.160e+02 5.500e+01 4.000e+01 3.700e+01
 2.700e+01 2.000e+01 1.500e+01 8.000e+00 1.000e+01 6.000e+00 3.000e+00
 6.000e+00 9.000e+00 4.000e+00 1.000e+00 5.000e+00 6.000e+00 3.000e+00
 1.000e+00 2.000e+00 3.000e+00 1.000e+00 0.000e+00 2.000e+00 1.000e+00
 1.000e+00 2.000e+00 0.000e+00 0.000e+00 0.000e+00 1.000e+00 1.000e+00
 1.000e+00 3.000e+00 0.000e+00 0.000e+00 1.000e+00 1.000e+00 0.000e+00
 0.000e+00 0.000e+00 1.000e+00 0.000e+00 0.000e+00 0.000e+00]
604800 loops cons: [1.681e+03 5.160e+02 2.300e+02 1.190e+02 5.500e+01 4.000e+01 3.700e+01
 2.700e+01 2.000e+01 1.500e+01 8.000e+00 1.000e+01 6.000e+00 3.000e+00
 6.000e+00 9.000e+00 4.000e+00 1.000e+00 5.000e+00 6.000e+00 3.000e+00
 1.000e+00 2.000e+00 3.000e+00 1.000e+00 0.000e+00 2.000e+00 1.000e+00
 1.000e+00 2.000e+00 0.000e+00 0.000e+00 0.000e+00 1.000e+00 1.000e+00
 1.000e+00 3.000e+00 0.000e+00 0.000e+00 1.000e+00 1.000e+00 0.000e+00
 0.000e+00 0.000e+00 1.000e+00 0.000e+00 0.000e+00 0.000e+00]
609600 loops cons: [1.693e+03 5.180e+02 2.300e+02 1.200e+02 5.700e+01 4.000e+01 3.700e+01
 2.700e+01 2.000e+01 1.500e+01 8.000e+00 1.000e+01 6.000e+00 3.000e+00
 7.000e+00 9.000e+00 4.000e+00 1.000e+00 5.000e+00 6.000e+00 3.000e+00
 1.000e+00 2.000e+00 3.000e+00 1.000e+00 0.000e+00 2.000e+00 1.000e+00
 1.000e+00 2.000e+00 0.000e+00 0.000e+00 0.000e+00 1.000e+00 1.000e+00
 1.000e+00 3.000e+00 0.000e+00 0.000e+00 1.000e+00 1.000e+00 0.000e+00
 0.000e+00 0.000e+00 1.000e+00 0.000e+00 0.000e+00 0.000e+00]
614400 loops cons: [1.712e+03 5.230e+02 2.300e+02 1.210e+02 5.700e+01 4.100e+01 3.700e+01
 2.700e+01 2.000e+01 1.500e+01 8.000e+00 1.000e+01 6.000e+00 3.000e+00
 8.000e+00 9.000e+00 4.000e+00 1.000e+00 5.000e+00 6.000e+00 3.000e+00
 1.000e+00 2.000e+00 3.000e+00 1.000e+00 0.000e+00 2.000e+00 1.000e+00
 1.000e+00 2.000e+00 0.000e+00 0.000e+00 0.000e+00 1.000e+00 1.000e+00
 1.000e+00 3.000e+00 0.000e+00 0.000e+00 1.000e+00 1.000e+00 0.000e+00
 0.000e+00 0.000e+00 1.000e+00 0.000e+00 0.000e+00 0.000e+00]
619200 loops cons: [1.725e+03 5.300e+02 2.310e+02 1.230e+02 5.700e+01 4.200e+01 3.700e+01
 2.700e+01 2.000e+01 1.500e+01 8.000e+00 1.000e+01 6.000e+00 4.000e+00
 8.000e+00 9.000e+00 4.000e+00 1.000e+00 5.000e+00 6.000e+00 3.000e+00
 1.000e+00 2.000e+00 3.000e+00 1.000e+00 0.000e+00 2.000e+00 1.000e+00
 1.000e+00 2.000e+00 0.000e+00 0.000e+00 0.000e+00 1.000e+00 1.000e+00
 1.000e+00 3.000e+00 0.000e+00 0.000e+00 1.000e+00 1.000e+00 0.000e+00
 0.000e+00 0.000e+00 1.000e+00 0.000e+00 0.000e+00 0.000e+00]
624000 loops cons: [1.734e+03 5.330e+02 2.330e+02 1.250e+02 5.800e+01 4.200e+01 3.700e+01
 2.700e+01 2.000e+01 1.500e+01 8.000e+00 1.000e+01 6.000e+00 4.000e+00
 8.000e+00 9.000e+00 4.000e+00 1.000e+00 5.000e+00 6.000e+00 3.000e+00
 1.000e+00 2.000e+00 3.000e+00 1.000e+00 0.000e+00 2.000e+00 1.000e+00
 1.000e+00 2.000e+00 0.000e+00 0.000e+00 0.000e+00 1.000e+00 1.000e+00
 1.000e+00 3.000e+00 0.000e+00 0.000e+00 1.000e+00 1.000e+00 0.000e+00
 0.000e+00 0.000e+00 1.000e+00 0.000e+00 0.000e+00 0.000e+00]
628800 loops cons: [1.743e+03 5.350e+02 2.330e+02 1.260e+02 6.000e+01 4.300e+01 3.700e+01
 2.700e+01 2.000e+01 1.500e+01 8.000e+00 1.000e+01 7.000e+00 4.000e+00
 8.000e+00 9.000e+00 4.000e+00 1.000e+00 5.000e+00 6.000e+00 3.000e+00
 1.000e+00 2.000e+00 3.000e+00 1.000e+00 0.000e+00 2.000e+00 1.000e+00
 1.000e+00 2.000e+00 0.000e+00 0.000e+00 0.000e+00 1.000e+00 1.000e+00
 1.000e+00 3.000e+00 0.000e+00 0.000e+00 1.000e+00 1.000e+00 0.000e+00
 0.000e+00 0.000e+00 1.000e+00 0.000e+00 0.000e+00 0.000e+00]
633600 loops cons: [1.759e+03 5.380e+02 2.360e+02 1.270e+02 6.200e+01 4.300e+01 3.700e+01
 2.700e+01 2.000e+01 1.500e+01 8.000e+00 1.000e+01 7.000e+00 4.000e+00
 8.000e+00 9.000e+00 4.000e+00 1.000e+00 5.000e+00 6.000e+00 3.000e+00
 1.000e+00 3.000e+00 3.000e+00 1.000e+00 0.000e+00 2.000e+00 1.000e+00
 1.000e+00 2.000e+00 0.000e+00 0.000e+00 0.000e+00 1.000e+00 1.000e+00
 1.000e+00 3.000e+00 0.000e+00 0.000e+00 1.000e+00 1.000e+00 0.000e+00
 0.000e+00 0.000e+00 1.000e+00 0.000e+00 0.000e+00 0.000e+00]
638400 loops cons: [1.77e+03 5.38e+02 2.38e+02 1.28e+02 6.20e+01 4.40e+01 3.70e+01 2.70e+01
 2.00e+01 1.50e+01 8.00e+00 1.00e+01 7.00e+00 4.00e+00 8.00e+00 9.00e+00
 4.00e+00 1.00e+00 5.00e+00 6.00e+00 3.00e+00 1.00e+00 3.00e+00 3.00e+00
 1.00e+00 0.00e+00 2.00e+00 1.00e+00 1.00e+00 2.00e+00 0.00e+00 0.00e+00
 0.00e+00 1.00e+00 1.00e+00 1.00e+00 3.00e+00 0.00e+00 0.00e+00 1.00e+00
 1.00e+00 0.00e+00 0.00e+00 0.00e+00 1.00e+00 0.00e+00 0.00e+00 0.00e+00]
643200 loops cons: [1.785e+03 5.410e+02 2.400e+02 1.290e+02 6.200e+01 4.500e+01 3.700e+01
 2.700e+01 2.000e+01 1.600e+01 8.000e+00 1.000e+01 8.000e+00 4.000e+00
 8.000e+00 9.000e+00 4.000e+00 1.000e+00 5.000e+00 6.000e+00 3.000e+00
 1.000e+00 3.000e+00 3.000e+00 1.000e+00 0.000e+00 2.000e+00 1.000e+00
 1.000e+00 2.000e+00 0.000e+00 0.000e+00 0.000e+00 1.000e+00 1.000e+00
 1.000e+00 3.000e+00 0.000e+00 0.000e+00 1.000e+00 1.000e+00 0.000e+00
 0.000e+00 0.000e+00 1.000e+00 0.000e+00 0.000e+00 0.000e+00]
648000 loops cons: [1.795e+03 5.460e+02 2.430e+02 1.290e+02 6.200e+01 4.600e+01 3.700e+01
 2.800e+01 2.100e+01 1.600e+01 8.000e+00 1.000e+01 8.000e+00 5.000e+00
 8.000e+00 9.000e+00 4.000e+00 1.000e+00 5.000e+00 6.000e+00 3.000e+00
 1.000e+00 3.000e+00 3.000e+00 1.000e+00 0.000e+00 2.000e+00 1.000e+00
 1.000e+00 2.000e+00 0.000e+00 0.000e+00 0.000e+00 1.000e+00 1.000e+00
 1.000e+00 3.000e+00 0.000e+00 0.000e+00 1.000e+00 1.000e+00 0.000e+00
 0.000e+00 0.000e+00 1.000e+00 0.000e+00 0.000e+00 0.000e+00]
652800 loops cons: [1.806e+03 5.490e+02 2.450e+02 1.310e+02 6.300e+01 4.600e+01 3.700e+01
 2.800e+01 2.100e+01 1.600e+01 8.000e+00 1.000e+01 8.000e+00 5.000e+00
 8.000e+00 9.000e+00 4.000e+00 1.000e+00 5.000e+00 6.000e+00 3.000e+00
 1.000e+00 3.000e+00 3.000e+00 1.000e+00 0.000e+00 2.000e+00 1.000e+00
 1.000e+00 2.000e+00 0.000e+00 0.000e+00 0.000e+00 1.000e+00 1.000e+00
 1.000e+00 3.000e+00 0.000e+00 0.000e+00 1.000e+00 1.000e+00 0.000e+00
 0.000e+00 0.000e+00 1.000e+00 0.000e+00 0.000e+00 0.000e+00]
657600 loops cons: [1.82e+03 5.55e+02 2.50e+02 1.31e+02 6.30e+01 4.60e+01 3.80e+01 2.80e+01
 2.10e+01 1.60e+01 8.00e+00 1.00e+01 8.00e+00 6.00e+00 8.00e+00 9.00e+00
 4.00e+00 1.00e+00 5.00e+00 6.00e+00 3.00e+00 1.00e+00 3.00e+00 3.00e+00
 1.00e+00 0.00e+00 2.00e+00 1.00e+00 1.00e+00 2.00e+00 0.00e+00 0.00e+00
 0.00e+00 1.00e+00 1.00e+00 1.00e+00 3.00e+00 0.00e+00 0.00e+00 1.00e+00
 1.00e+00 0.00e+00 0.00e+00 0.00e+00 1.00e+00 0.00e+00 0.00e+00 0.00e+00]
662400 loops cons: [1.834e+03 5.610e+02 2.520e+02 1.310e+02 6.300e+01 4.600e+01 3.800e+01
 2.800e+01 2.100e+01 1.600e+01 8.000e+00 1.000e+01 8.000e+00 6.000e+00
 8.000e+00 9.000e+00 4.000e+00 1.000e+00 5.000e+00 6.000e+00 3.000e+00
 1.000e+00 4.000e+00 3.000e+00 2.000e+00 0.000e+00 2.000e+00 1.000e+00
 1.000e+00 2.000e+00 0.000e+00 0.000e+00 0.000e+00 1.000e+00 1.000e+00
 1.000e+00 3.000e+00 0.000e+00 0.000e+00 1.000e+00 1.000e+00 0.000e+00
 0.000e+00 0.000e+00 1.000e+00 0.000e+00 0.000e+00 0.000e+00]
667200 loops cons: [1.851e+03 5.670e+02 2.530e+02 1.310e+02 6.400e+01 4.600e+01 3.800e+01
 2.800e+01 2.100e+01 1.600e+01 8.000e+00 1.000e+01 8.000e+00 6.000e+00
 8.000e+00 1.000e+01 4.000e+00 1.000e+00 5.000e+00 6.000e+00 3.000e+00
 1.000e+00 4.000e+00 3.000e+00 2.000e+00 0.000e+00 2.000e+00 1.000e+00
 1.000e+00 2.000e+00 0.000e+00 0.000e+00 0.000e+00 1.000e+00 1.000e+00
 1.000e+00 3.000e+00 0.000e+00 0.000e+00 1.000e+00 1.000e+00 0.000e+00
 0.000e+00 0.000e+00 1.000e+00 0.000e+00 0.000e+00 0.000e+00]
672000 loops cons: [1.863e+03 5.690e+02 2.570e+02 1.310e+02 6.400e+01 4.600e+01 3.800e+01
 2.900e+01 2.200e+01 1.600e+01 8.000e+00 1.000e+01 8.000e+00 6.000e+00
 8.000e+00 1.000e+01 4.000e+00 1.000e+00 5.000e+00 6.000e+00 3.000e+00
 1.000e+00 4.000e+00 3.000e+00 2.000e+00 0.000e+00 2.000e+00 1.000e+00
 1.000e+00 2.000e+00 0.000e+00 0.000e+00 0.000e+00 1.000e+00 1.000e+00
 1.000e+00 3.000e+00 1.000e+00 0.000e+00 1.000e+00 1.000e+00 0.000e+00
 0.000e+00 0.000e+00 1.000e+00 0.000e+00 0.000e+00 0.000e+00]
676800 loops cons: [1.879e+03 5.740e+02 2.580e+02 1.330e+02 6.400e+01 4.600e+01 3.800e+01
 2.900e+01 2.200e+01 1.600e+01 8.000e+00 1.000e+01 8.000e+00 6.000e+00
 8.000e+00 1.000e+01 4.000e+00 1.000e+00 5.000e+00 6.000e+00 3.000e+00
 1.000e+00 4.000e+00 3.000e+00 2.000e+00 0.000e+00 2.000e+00 1.000e+00
 1.000e+00 2.000e+00 0.000e+00 0.000e+00 0.000e+00 1.000e+00 1.000e+00
 1.000e+00 3.000e+00 1.000e+00 0.000e+00 1.000e+00 1.000e+00 0.000e+00
 0.000e+00 0.000e+00 1.000e+00 0.000e+00 0.000e+00 0.000e+00]
681600 loops cons: [1.896e+03 5.770e+02 2.580e+02 1.350e+02 6.400e+01 4.700e+01 3.800e+01
 2.900e+01 2.200e+01 1.700e+01 8.000e+00 1.000e+01 8.000e+00 6.000e+00
 8.000e+00 1.000e+01 5.000e+00 1.000e+00 5.000e+00 6.000e+00 3.000e+00
 1.000e+00 4.000e+00 3.000e+00 2.000e+00 0.000e+00 2.000e+00 1.000e+00
 1.000e+00 2.000e+00 0.000e+00 0.000e+00 0.000e+00 1.000e+00 1.000e+00
 1.000e+00 3.000e+00 1.000e+00 0.000e+00 1.000e+00 1.000e+00 0.000e+00
 0.000e+00 0.000e+00 1.000e+00 0.000e+00 0.000e+00 0.000e+00]
686400 loops cons: [1.908e+03 5.820e+02 2.600e+02 1.360e+02 6.500e+01 4.700e+01 3.900e+01
 2.900e+01 2.200e+01 1.800e+01 8.000e+00 1.000e+01 8.000e+00 7.000e+00
 8.000e+00 1.000e+01 5.000e+00 1.000e+00 5.000e+00 6.000e+00 3.000e+00
 1.000e+00 4.000e+00 3.000e+00 2.000e+00 0.000e+00 2.000e+00 1.000e+00
 1.000e+00 2.000e+00 0.000e+00 0.000e+00 0.000e+00 1.000e+00 1.000e+00
 2.000e+00 3.000e+00 1.000e+00 0.000e+00 1.000e+00 1.000e+00 0.000e+00
 0.000e+00 0.000e+00 1.000e+00 0.000e+00 0.000e+00 0.000e+00]
691200 loops cons: [1.919e+03 5.860e+02 2.600e+02 1.360e+02 6.500e+01 4.700e+01 3.900e+01
 2.900e+01 2.200e+01 1.900e+01 9.000e+00 1.000e+01 8.000e+00 7.000e+00
 8.000e+00 1.100e+01 5.000e+00 1.000e+00 5.000e+00 6.000e+00 3.000e+00
 1.000e+00 4.000e+00 3.000e+00 2.000e+00 0.000e+00 2.000e+00 1.000e+00
 1.000e+00 2.000e+00 0.000e+00 0.000e+00 0.000e+00 1.000e+00 1.000e+00
 2.000e+00 3.000e+00 1.000e+00 0.000e+00 1.000e+00 1.000e+00 0.000e+00
 0.000e+00 0.000e+00 1.000e+00 0.000e+00 0.000e+00 0.000e+00]
696000 loops cons: [1.934e+03 5.890e+02 2.620e+02 1.370e+02 6.500e+01 4.700e+01 3.900e+01
 2.900e+01 2.300e+01 1.900e+01 9.000e+00 1.000e+01 8.000e+00 7.000e+00
 8.000e+00 1.100e+01 5.000e+00 1.000e+00 5.000e+00 6.000e+00 4.000e+00
 1.000e+00 4.000e+00 3.000e+00 2.000e+00 0.000e+00 2.000e+00 1.000e+00
 1.000e+00 2.000e+00 0.000e+00 0.000e+00 0.000e+00 1.000e+00 1.000e+00
 2.000e+00 3.000e+00 1.000e+00 0.000e+00 1.000e+00 1.000e+00 0.000e+00
 0.000e+00 0.000e+00 1.000e+00 0.000e+00 0.000e+00 0.000e+00]
700800 loops cons: [1.95e+03 5.93e+02 2.65e+02 1.37e+02 6.50e+01 4.70e+01 3.90e+01 3.00e+01
 2.40e+01 2.00e+01 9.00e+00 1.00e+01 8.00e+00 7.00e+00 8.00e+00 1.10e+01
 5.00e+00 1.00e+00 5.00e+00 6.00e+00 4.00e+00 1.00e+00 4.00e+00 3.00e+00
 2.00e+00 0.00e+00 2.00e+00 1.00e+00 1.00e+00 2.00e+00 0.00e+00 0.00e+00
 0.00e+00 1.00e+00 1.00e+00 2.00e+00 3.00e+00 1.00e+00 0.00e+00 1.00e+00
 1.00e+00 0.00e+00 0.00e+00 0.00e+00 1.00e+00 0.00e+00 0.00e+00 0.00e+00]
705600 loops cons: [1.963e+03 5.970e+02 2.670e+02 1.380e+02 6.500e+01 4.700e+01 3.900e+01
 3.100e+01 2.400e+01 2.000e+01 9.000e+00 1.000e+01 8.000e+00 7.000e+00
 8.000e+00 1.100e+01 5.000e+00 1.000e+00 5.000e+00 6.000e+00 4.000e+00
 1.000e+00 4.000e+00 3.000e+00 2.000e+00 0.000e+00 2.000e+00 1.000e+00
 1.000e+00 2.000e+00 0.000e+00 0.000e+00 0.000e+00 1.000e+00 1.000e+00
 2.000e+00 3.000e+00 1.000e+00 0.000e+00 1.000e+00 1.000e+00 0.000e+00
 0.000e+00 0.000e+00 1.000e+00 0.000e+00 0.000e+00 0.000e+00]
710400 loops cons: [1.974e+03 6.030e+02 2.670e+02 1.400e+02 6.600e+01 4.700e+01 4.000e+01
 3.100e+01 2.400e+01 2.000e+01 9.000e+00 1.000e+01 8.000e+00 7.000e+00
 8.000e+00 1.100e+01 5.000e+00 1.000e+00 5.000e+00 6.000e+00 4.000e+00
 1.000e+00 4.000e+00 3.000e+00 2.000e+00 0.000e+00 2.000e+00 1.000e+00
 1.000e+00 2.000e+00 0.000e+00 0.000e+00 0.000e+00 1.000e+00 1.000e+00
 2.000e+00 3.000e+00 1.000e+00 0.000e+00 1.000e+00 1.000e+00 0.000e+00
 0.000e+00 0.000e+00 1.000e+00 0.000e+00 0.000e+00 0.000e+00]
715200 loops cons: [1.99e+03 6.05e+02 2.69e+02 1.40e+02 6.70e+01 4.70e+01 4.00e+01 3.20e+01
 2.40e+01 2.00e+01 9.00e+00 1.00e+01 8.00e+00 7.00e+00 8.00e+00 1.10e+01
 5.00e+00 1.00e+00 5.00e+00 6.00e+00 4.00e+00 1.00e+00 4.00e+00 3.00e+00
 2.00e+00 0.00e+00 2.00e+00 1.00e+00 1.00e+00 2.00e+00 0.00e+00 1.00e+00
 0.00e+00 1.00e+00 1.00e+00 2.00e+00 3.00e+00 1.00e+00 0.00e+00 1.00e+00
 1.00e+00 0.00e+00 0.00e+00 0.00e+00 1.00e+00 0.00e+00 0.00e+00 0.00e+00]
720000 loops cons: [2.001e+03 6.080e+02 2.750e+02 1.410e+02 6.700e+01 4.700e+01 4.100e+01
 3.200e+01 2.400e+01 2.000e+01 1.000e+01 1.000e+01 8.000e+00 7.000e+00
 8.000e+00 1.100e+01 5.000e+00 1.000e+00 5.000e+00 6.000e+00 4.000e+00
 1.000e+00 4.000e+00 3.000e+00 2.000e+00 0.000e+00 2.000e+00 1.000e+00
 1.000e+00 2.000e+00 0.000e+00 1.000e+00 0.000e+00 1.000e+00 1.000e+00
 2.000e+00 3.000e+00 1.000e+00 0.000e+00 1.000e+00 1.000e+00 0.000e+00
 0.000e+00 0.000e+00 1.000e+00 0.000e+00 0.000e+00 0.000e+00]
724800 loops cons: [2.015e+03 6.120e+02 2.770e+02 1.410e+02 6.700e+01 4.800e+01 4.100e+01
 3.200e+01 2.400e+01 2.000e+01 1.000e+01 1.100e+01 8.000e+00 7.000e+00
 8.000e+00 1.100e+01 5.000e+00 1.000e+00 5.000e+00 6.000e+00 4.000e+00
 1.000e+00 4.000e+00 3.000e+00 2.000e+00 0.000e+00 2.000e+00 1.000e+00
 1.000e+00 2.000e+00 0.000e+00 1.000e+00 0.000e+00 1.000e+00 1.000e+00
 2.000e+00 3.000e+00 1.000e+00 0.000e+00 1.000e+00 1.000e+00 0.000e+00
 0.000e+00 0.000e+00 1.000e+00 0.000e+00 0.000e+00 0.000e+00]
729600 loops cons: [2.035e+03 6.160e+02 2.840e+02 1.420e+02 6.700e+01 4.800e+01 4.200e+01
 3.200e+01 2.400e+01 2.000e+01 1.000e+01 1.100e+01 8.000e+00 7.000e+00
 8.000e+00 1.100e+01 5.000e+00 1.000e+00 5.000e+00 6.000e+00 4.000e+00
 1.000e+00 4.000e+00 3.000e+00 2.000e+00 0.000e+00 2.000e+00 1.000e+00
 1.000e+00 2.000e+00 0.000e+00 1.000e+00 0.000e+00 1.000e+00 1.000e+00
 2.000e+00 3.000e+00 1.000e+00 0.000e+00 1.000e+00 1.000e+00 0.000e+00
 0.000e+00 0.000e+00 1.000e+00 0.000e+00 0.000e+00 0.000e+00]
734400 loops cons: [2.043e+03 6.200e+02 2.840e+02 1.420e+02 6.700e+01 4.800e+01 4.200e+01
 3.300e+01 2.500e+01 2.000e+01 1.000e+01 1.100e+01 8.000e+00 7.000e+00
 8.000e+00 1.100e+01 5.000e+00 1.000e+00 5.000e+00 6.000e+00 4.000e+00
 1.000e+00 4.000e+00 3.000e+00 2.000e+00 0.000e+00 2.000e+00 1.000e+00
 1.000e+00 2.000e+00 0.000e+00 1.000e+00 0.000e+00 1.000e+00 1.000e+00
 2.000e+00 3.000e+00 1.000e+00 0.000e+00 1.000e+00 1.000e+00 0.000e+00
 0.000e+00 0.000e+00 1.000e+00 0.000e+00 0.000e+00 0.000e+00]
739200 loops cons: [2.055e+03 6.260e+02 2.880e+02 1.430e+02 6.700e+01 4.800e+01 4.200e+01
 3.300e+01 2.500e+01 2.000e+01 1.000e+01 1.100e+01 8.000e+00 7.000e+00
 8.000e+00 1.100e+01 5.000e+00 1.000e+00 6.000e+00 6.000e+00 4.000e+00
 1.000e+00 4.000e+00 3.000e+00 2.000e+00 0.000e+00 2.000e+00 1.000e+00
 1.000e+00 2.000e+00 0.000e+00 1.000e+00 0.000e+00 1.000e+00 1.000e+00
 2.000e+00 3.000e+00 1.000e+00 0.000e+00 1.000e+00 1.000e+00 0.000e+00
 0.000e+00 0.000e+00 1.000e+00 0.000e+00 0.000e+00 0.000e+00]
744000 loops cons: [2.071e+03 6.290e+02 2.890e+02 1.450e+02 6.900e+01 4.900e+01 4.200e+01
 3.300e+01 2.500e+01 2.000e+01 1.000e+01 1.100e+01 8.000e+00 7.000e+00
 8.000e+00 1.100e+01 5.000e+00 1.000e+00 6.000e+00 6.000e+00 4.000e+00
 1.000e+00 4.000e+00 3.000e+00 2.000e+00 0.000e+00 2.000e+00 1.000e+00
 1.000e+00 2.000e+00 0.000e+00 1.000e+00 0.000e+00 1.000e+00 1.000e+00
 2.000e+00 3.000e+00 1.000e+00 0.000e+00 1.000e+00 1.000e+00 0.000e+00
 0.000e+00 0.000e+00 1.000e+00 0.000e+00 0.000e+00 0.000e+00]
748800 loops cons: [2.08e+03 6.34e+02 2.93e+02 1.46e+02 7.00e+01 4.90e+01 4.20e+01 3.50e+01
 2.50e+01 2.00e+01 1.00e+01 1.10e+01 8.00e+00 7.00e+00 8.00e+00 1.10e+01
 5.00e+00 1.00e+00 6.00e+00 6.00e+00 4.00e+00 1.00e+00 4.00e+00 3.00e+00
 2.00e+00 0.00e+00 2.00e+00 1.00e+00 1.00e+00 2.00e+00 0.00e+00 1.00e+00
 0.00e+00 1.00e+00 1.00e+00 2.00e+00 3.00e+00 1.00e+00 0.00e+00 1.00e+00
 1.00e+00 0.00e+00 0.00e+00 0.00e+00 1.00e+00 0.00e+00 0.00e+00 0.00e+00]
753600 loops cons: [2.086e+03 6.360e+02 2.940e+02 1.480e+02 7.100e+01 4.900e+01 4.200e+01
 3.500e+01 2.500e+01 2.000e+01 1.000e+01 1.100e+01 8.000e+00 7.000e+00
 8.000e+00 1.100e+01 5.000e+00 1.000e+00 6.000e+00 6.000e+00 4.000e+00
 1.000e+00 4.000e+00 3.000e+00 2.000e+00 0.000e+00 2.000e+00 1.000e+00
 1.000e+00 2.000e+00 0.000e+00 1.000e+00 0.000e+00 1.000e+00 1.000e+00
 2.000e+00 3.000e+00 1.000e+00 0.000e+00 1.000e+00 1.000e+00 0.000e+00
 0.000e+00 0.000e+00 1.000e+00 0.000e+00 0.000e+00 0.000e+00]
758400 loops cons: [2.098e+03 6.430e+02 2.970e+02 1.480e+02 7.200e+01 4.900e+01 4.200e+01
 3.600e+01 2.500e+01 2.000e+01 1.000e+01 1.100e+01 8.000e+00 7.000e+00
 8.000e+00 1.100e+01 5.000e+00 1.000e+00 6.000e+00 6.000e+00 4.000e+00
 1.000e+00 4.000e+00 3.000e+00 2.000e+00 0.000e+00 2.000e+00 1.000e+00
 1.000e+00 2.000e+00 0.000e+00 1.000e+00 0.000e+00 1.000e+00 1.000e+00
 2.000e+00 3.000e+00 1.000e+00 0.000e+00 1.000e+00 1.000e+00 0.000e+00
 0.000e+00 0.000e+00 1.000e+00 0.000e+00 0.000e+00 0.000e+00]
763200 loops cons: [2.117e+03 6.460e+02 2.990e+02 1.500e+02 7.300e+01 4.900e+01 4.200e+01
 3.600e+01 2.700e+01 2.000e+01 1.000e+01 1.100e+01 8.000e+00 7.000e+00
 8.000e+00 1.100e+01 5.000e+00 1.000e+00 6.000e+00 6.000e+00 4.000e+00
 1.000e+00 4.000e+00 3.000e+00 2.000e+00 0.000e+00 2.000e+00 1.000e+00
 1.000e+00 2.000e+00 0.000e+00 1.000e+00 0.000e+00 1.000e+00 1.000e+00
 2.000e+00 3.000e+00 1.000e+00 0.000e+00 1.000e+00 1.000e+00 0.000e+00
 0.000e+00 0.000e+00 1.000e+00 0.000e+00 0.000e+00 0.000e+00]
768000 loops cons: [2.132e+03 6.500e+02 3.000e+02 1.530e+02 7.400e+01 4.900e+01 4.200e+01
 3.600e+01 2.700e+01 2.000e+01 1.000e+01 1.100e+01 8.000e+00 7.000e+00
 8.000e+00 1.100e+01 5.000e+00 1.000e+00 6.000e+00 6.000e+00 4.000e+00
 1.000e+00 4.000e+00 3.000e+00 2.000e+00 0.000e+00 2.000e+00 1.000e+00
 1.000e+00 2.000e+00 0.000e+00 1.000e+00 0.000e+00 1.000e+00 1.000e+00
 2.000e+00 3.000e+00 1.000e+00 0.000e+00 1.000e+00 1.000e+00 0.000e+00
 0.000e+00 0.000e+00 1.000e+00 0.000e+00 0.000e+00 0.000e+00]
772800 loops cons: [2.142e+03 6.560e+02 3.010e+02 1.550e+02 7.500e+01 4.900e+01 4.300e+01
 3.600e+01 2.700e+01 2.000e+01 1.000e+01 1.100e+01 8.000e+00 7.000e+00
 8.000e+00 1.100e+01 5.000e+00 1.000e+00 6.000e+00 6.000e+00 4.000e+00
 1.000e+00 4.000e+00 3.000e+00 2.000e+00 0.000e+00 2.000e+00 1.000e+00
 1.000e+00 2.000e+00 0.000e+00 1.000e+00 0.000e+00 1.000e+00 1.000e+00
 2.000e+00 3.000e+00 1.000e+00 0.000e+00 1.000e+00 1.000e+00 0.000e+00
 0.000e+00 0.000e+00 1.000e+00 0.000e+00 0.000e+00 0.000e+00]
777600 loops cons: [2.153e+03 6.580e+02 3.010e+02 1.550e+02 7.600e+01 4.900e+01 4.300e+01
 3.600e+01 2.700e+01 2.100e+01 1.000e+01 1.100e+01 8.000e+00 7.000e+00
 8.000e+00 1.100e+01 5.000e+00 1.000e+00 6.000e+00 6.000e+00 4.000e+00
 1.000e+00 4.000e+00 3.000e+00 2.000e+00 0.000e+00 2.000e+00 1.000e+00
 1.000e+00 2.000e+00 0.000e+00 1.000e+00 0.000e+00 1.000e+00 1.000e+00
 2.000e+00 3.000e+00 2.000e+00 0.000e+00 1.000e+00 1.000e+00 0.000e+00
 0.000e+00 0.000e+00 1.000e+00 0.000e+00 0.000e+00 0.000e+00]
782400 loops cons: [2.161e+03 6.610e+02 3.050e+02 1.560e+02 7.600e+01 4.900e+01 4.400e+01
 3.600e+01 2.700e+01 2.100e+01 1.000e+01 1.100e+01 8.000e+00 7.000e+00
 8.000e+00 1.100e+01 5.000e+00 1.000e+00 6.000e+00 6.000e+00 4.000e+00
 1.000e+00 4.000e+00 3.000e+00 2.000e+00 0.000e+00 2.000e+00 1.000e+00
 1.000e+00 2.000e+00 1.000e+00 1.000e+00 0.000e+00 1.000e+00 1.000e+00
 2.000e+00 3.000e+00 2.000e+00 0.000e+00 1.000e+00 1.000e+00 0.000e+00
 0.000e+00 0.000e+00 1.000e+00 0.000e+00 0.000e+00 0.000e+00]
787200 loops cons: [2.171e+03 6.650e+02 3.050e+02 1.570e+02 7.600e+01 4.900e+01 4.400e+01
 3.600e+01 2.700e+01 2.100e+01 1.100e+01 1.100e+01 8.000e+00 7.000e+00
 8.000e+00 1.100e+01 5.000e+00 1.000e+00 6.000e+00 6.000e+00 4.000e+00
 1.000e+00 4.000e+00 3.000e+00 2.000e+00 0.000e+00 2.000e+00 1.000e+00
 1.000e+00 2.000e+00 1.000e+00 1.000e+00 0.000e+00 1.000e+00 1.000e+00
 2.000e+00 3.000e+00 2.000e+00 0.000e+00 1.000e+00 1.000e+00 0.000e+00
 0.000e+00 0.000e+00 1.000e+00 0.000e+00 0.000e+00 0.000e+00]
792000 loops cons: [2.183e+03 6.700e+02 3.070e+02 1.570e+02 7.600e+01 4.900e+01 4.400e+01
 3.600e+01 2.800e+01 2.100e+01 1.100e+01 1.100e+01 8.000e+00 7.000e+00
 8.000e+00 1.100e+01 5.000e+00 1.000e+00 6.000e+00 6.000e+00 4.000e+00
 1.000e+00 4.000e+00 3.000e+00 2.000e+00 0.000e+00 2.000e+00 1.000e+00
 1.000e+00 2.000e+00 1.000e+00 1.000e+00 0.000e+00 1.000e+00 1.000e+00
 2.000e+00 3.000e+00 2.000e+00 0.000e+00 1.000e+00 1.000e+00 0.000e+00
 0.000e+00 0.000e+00 1.000e+00 0.000e+00 0.000e+00 0.000e+00]
796800 loops cons: [2.199e+03 6.720e+02 3.080e+02 1.590e+02 7.900e+01 5.000e+01 4.400e+01
 3.600e+01 2.800e+01 2.100e+01 1.100e+01 1.100e+01 8.000e+00 7.000e+00
 8.000e+00 1.100e+01 5.000e+00 1.000e+00 6.000e+00 6.000e+00 4.000e+00
 1.000e+00 4.000e+00 3.000e+00 3.000e+00 0.000e+00 2.000e+00 1.000e+00
 1.000e+00 2.000e+00 1.000e+00 1.000e+00 0.000e+00 1.000e+00 1.000e+00
 2.000e+00 3.000e+00 2.000e+00 0.000e+00 1.000e+00 1.000e+00 0.000e+00
 0.000e+00 0.000e+00 1.000e+00 0.000e+00 0.000e+00 0.000e+00]
801600 loops cons: [2.212e+03 6.750e+02 3.100e+02 1.600e+02 8.100e+01 5.000e+01 4.500e+01
 3.700e+01 2.900e+01 2.100e+01 1.100e+01 1.100e+01 8.000e+00 7.000e+00
 8.000e+00 1.100e+01 5.000e+00 1.000e+00 6.000e+00 6.000e+00 4.000e+00
 1.000e+00 4.000e+00 3.000e+00 3.000e+00 0.000e+00 2.000e+00 1.000e+00
 1.000e+00 2.000e+00 1.000e+00 1.000e+00 0.000e+00 1.000e+00 1.000e+00
 2.000e+00 3.000e+00 2.000e+00 0.000e+00 1.000e+00 1.000e+00 0.000e+00
 0.000e+00 0.000e+00 1.000e+00 0.000e+00 0.000e+00 0.000e+00]
806400 loops cons: [2.218e+03 6.790e+02 3.120e+02 1.600e+02 8.100e+01 5.000e+01 4.500e+01
 3.700e+01 2.900e+01 2.100e+01 1.100e+01 1.200e+01 8.000e+00 7.000e+00
 8.000e+00 1.100e+01 5.000e+00 1.000e+00 6.000e+00 6.000e+00 4.000e+00
 1.000e+00 4.000e+00 3.000e+00 3.000e+00 0.000e+00 2.000e+00 1.000e+00
 1.000e+00 2.000e+00 1.000e+00 1.000e+00 0.000e+00 1.000e+00 1.000e+00
 2.000e+00 3.000e+00 2.000e+00 0.000e+00 1.000e+00 1.000e+00 0.000e+00
 0.000e+00 0.000e+00 1.000e+00 0.000e+00 0.000e+00 0.000e+00]
811200 loops cons: [2.227e+03 6.870e+02 3.150e+02 1.620e+02 8.100e+01 5.100e+01 4.500e+01
 3.800e+01 2.900e+01 2.100e+01 1.100e+01 1.200e+01 8.000e+00 7.000e+00
 8.000e+00 1.100e+01 5.000e+00 1.000e+00 6.000e+00 6.000e+00 4.000e+00
 1.000e+00 4.000e+00 3.000e+00 3.000e+00 0.000e+00 2.000e+00 1.000e+00
 1.000e+00 2.000e+00 1.000e+00 1.000e+00 0.000e+00 1.000e+00 1.000e+00
 2.000e+00 3.000e+00 2.000e+00 0.000e+00 1.000e+00 1.000e+00 0.000e+00
 0.000e+00 0.000e+00 1.000e+00 0.000e+00 0.000e+00 0.000e+00]
816000 loops cons: [2.241e+03 6.960e+02 3.170e+02 1.640e+02 8.100e+01 5.100e+01 4.500e+01
 3.800e+01 2.900e+01 2.100e+01 1.100e+01 1.200e+01 8.000e+00 7.000e+00
 8.000e+00 1.200e+01 5.000e+00 1.000e+00 6.000e+00 6.000e+00 4.000e+00
 1.000e+00 4.000e+00 3.000e+00 3.000e+00 0.000e+00 2.000e+00 1.000e+00
 1.000e+00 2.000e+00 1.000e+00 1.000e+00 0.000e+00 1.000e+00 1.000e+00
 2.000e+00 3.000e+00 2.000e+00 0.000e+00 1.000e+00 1.000e+00 0.000e+00
 0.000e+00 0.000e+00 1.000e+00 0.000e+00 0.000e+00 0.000e+00]
820800 loops cons: [2.251e+03 6.990e+02 3.200e+02 1.650e+02 8.100e+01 5.100e+01 4.500e+01
 3.800e+01 2.900e+01 2.100e+01 1.100e+01 1.200e+01 8.000e+00 7.000e+00
 8.000e+00 1.200e+01 5.000e+00 1.000e+00 6.000e+00 6.000e+00 4.000e+00
 1.000e+00 4.000e+00 3.000e+00 3.000e+00 0.000e+00 2.000e+00 1.000e+00
 1.000e+00 2.000e+00 1.000e+00 1.000e+00 0.000e+00 1.000e+00 1.000e+00
 2.000e+00 3.000e+00 2.000e+00 0.000e+00 1.000e+00 1.000e+00 0.000e+00
 0.000e+00 0.000e+00 1.000e+00 0.000e+00 0.000e+00 0.000e+00]
825600 loops cons: [2.269e+03 7.000e+02 3.200e+02 1.670e+02 8.200e+01 5.100e+01 4.500e+01
 3.800e+01 2.900e+01 2.100e+01 1.100e+01 1.200e+01 8.000e+00 7.000e+00
 8.000e+00 1.200e+01 5.000e+00 1.000e+00 6.000e+00 6.000e+00 4.000e+00
 1.000e+00 4.000e+00 3.000e+00 3.000e+00 0.000e+00 2.000e+00 1.000e+00
 1.000e+00 2.000e+00 1.000e+00 1.000e+00 0.000e+00 1.000e+00 1.000e+00
 2.000e+00 3.000e+00 2.000e+00 0.000e+00 1.000e+00 1.000e+00 0.000e+00
 0.000e+00 0.000e+00 1.000e+00 0.000e+00 0.000e+00 0.000e+00]
830400 loops cons: [2.281e+03 7.050e+02 3.220e+02 1.670e+02 8.200e+01 5.100e+01 4.600e+01
 3.800e+01 2.900e+01 2.100e+01 1.100e+01 1.200e+01 8.000e+00 7.000e+00
 8.000e+00 1.200e+01 5.000e+00 1.000e+00 6.000e+00 6.000e+00 4.000e+00
 1.000e+00 4.000e+00 3.000e+00 3.000e+00 0.000e+00 2.000e+00 1.000e+00
 1.000e+00 2.000e+00 1.000e+00 1.000e+00 0.000e+00 1.000e+00 1.000e+00
 2.000e+00 3.000e+00 2.000e+00 0.000e+00 1.000e+00 1.000e+00 0.000e+00
 0.000e+00 0.000e+00 1.000e+00 0.000e+00 0.000e+00 0.000e+00]
835200 loops cons: [2.296e+03 7.060e+02 3.240e+02 1.690e+02 8.200e+01 5.100e+01 4.600e+01
 4.000e+01 2.900e+01 2.100e+01 1.200e+01 1.200e+01 8.000e+00 7.000e+00
 8.000e+00 1.200e+01 5.000e+00 1.000e+00 7.000e+00 6.000e+00 4.000e+00
 1.000e+00 4.000e+00 3.000e+00 3.000e+00 0.000e+00 2.000e+00 1.000e+00
 1.000e+00 2.000e+00 1.000e+00 1.000e+00 0.000e+00 1.000e+00 1.000e+00
 2.000e+00 3.000e+00 2.000e+00 0.000e+00 1.000e+00 1.000e+00 0.000e+00
 0.000e+00 0.000e+00 1.000e+00 0.000e+00 0.000e+00 0.000e+00]
840000 loops cons: [2.311e+03 7.080e+02 3.260e+02 1.690e+02 8.200e+01 5.100e+01 4.600e+01
 4.100e+01 2.900e+01 2.100e+01 1.200e+01 1.200e+01 8.000e+00 7.000e+00
 8.000e+00 1.200e+01 5.000e+00 1.000e+00 7.000e+00 6.000e+00 4.000e+00
 1.000e+00 4.000e+00 3.000e+00 3.000e+00 0.000e+00 2.000e+00 1.000e+00
 1.000e+00 3.000e+00 1.000e+00 1.000e+00 0.000e+00 1.000e+00 1.000e+00
 2.000e+00 3.000e+00 2.000e+00 0.000e+00 1.000e+00 1.000e+00 0.000e+00
 0.000e+00 0.000e+00 1.000e+00 0.000e+00 0.000e+00 0.000e+00]
844800 loops cons: [2.326e+03 7.140e+02 3.270e+02 1.690e+02 8.200e+01 5.100e+01 4.600e+01
 4.200e+01 2.900e+01 2.100e+01 1.200e+01 1.200e+01 8.000e+00 7.000e+00
 8.000e+00 1.200e+01 5.000e+00 1.000e+00 7.000e+00 6.000e+00 4.000e+00
 1.000e+00 4.000e+00 3.000e+00 3.000e+00 0.000e+00 2.000e+00 1.000e+00
 1.000e+00 3.000e+00 1.000e+00 1.000e+00 0.000e+00 1.000e+00 1.000e+00
 2.000e+00 3.000e+00 2.000e+00 0.000e+00 1.000e+00 1.000e+00 0.000e+00
 0.000e+00 0.000e+00 1.000e+00 0.000e+00 0.000e+00 0.000e+00]
849600 loops cons: [2.34e+03 7.19e+02 3.29e+02 1.71e+02 8.30e+01 5.10e+01 4.60e+01 4.20e+01
 2.90e+01 2.10e+01 1.20e+01 1.20e+01 9.00e+00 7.00e+00 8.00e+00 1.20e+01
 5.00e+00 1.00e+00 7.00e+00 6.00e+00 4.00e+00 1.00e+00 4.00e+00 3.00e+00
 3.00e+00 0.00e+00 2.00e+00 1.00e+00 1.00e+00 3.00e+00 1.00e+00 1.00e+00
 0.00e+00 1.00e+00 1.00e+00 2.00e+00 3.00e+00 2.00e+00 0.00e+00 1.00e+00
 1.00e+00 0.00e+00 0.00e+00 0.00e+00 1.00e+00 0.00e+00 0.00e+00 0.00e+00]
854400 loops cons: [2.353e+03 7.230e+02 3.300e+02 1.720e+02 8.400e+01 5.100e+01 4.600e+01
 4.200e+01 2.900e+01 2.100e+01 1.200e+01 1.200e+01 9.000e+00 7.000e+00
 8.000e+00 1.200e+01 5.000e+00 1.000e+00 7.000e+00 6.000e+00 4.000e+00
 1.000e+00 4.000e+00 3.000e+00 3.000e+00 0.000e+00 2.000e+00 1.000e+00
 1.000e+00 3.000e+00 1.000e+00 1.000e+00 0.000e+00 1.000e+00 1.000e+00
 2.000e+00 3.000e+00 2.000e+00 0.000e+00 1.000e+00 1.000e+00 0.000e+00
 0.000e+00 0.000e+00 1.000e+00 0.000e+00 0.000e+00 0.000e+00]
859200 loops cons: [2.364e+03 7.270e+02 3.330e+02 1.730e+02 8.800e+01 5.200e+01 4.600e+01
 4.200e+01 2.900e+01 2.100e+01 1.200e+01 1.200e+01 9.000e+00 7.000e+00
 8.000e+00 1.200e+01 5.000e+00 1.000e+00 7.000e+00 6.000e+00 4.000e+00
 1.000e+00 4.000e+00 3.000e+00 3.000e+00 0.000e+00 2.000e+00 1.000e+00
 1.000e+00 3.000e+00 1.000e+00 1.000e+00 0.000e+00 1.000e+00 1.000e+00
 2.000e+00 3.000e+00 2.000e+00 0.000e+00 1.000e+00 1.000e+00 0.000e+00
 0.000e+00 0.000e+00 1.000e+00 0.000e+00 0.000e+00 0.000e+00]
864000 loops cons: [2.376e+03 7.280e+02 3.380e+02 1.730e+02 8.900e+01 5.200e+01 4.600e+01
 4.300e+01 2.900e+01 2.100e+01 1.200e+01 1.200e+01 9.000e+00 7.000e+00
 8.000e+00 1.300e+01 5.000e+00 1.000e+00 7.000e+00 6.000e+00 4.000e+00
 1.000e+00 4.000e+00 3.000e+00 3.000e+00 0.000e+00 2.000e+00 1.000e+00
 1.000e+00 3.000e+00 1.000e+00 1.000e+00 0.000e+00 1.000e+00 1.000e+00
 2.000e+00 3.000e+00 2.000e+00 0.000e+00 1.000e+00 1.000e+00 0.000e+00
 0.000e+00 0.000e+00 1.000e+00 0.000e+00 0.000e+00 0.000e+00]
868800 loops cons: [2.388e+03 7.290e+02 3.380e+02 1.730e+02 8.900e+01 5.400e+01 4.600e+01
 4.300e+01 2.900e+01 2.100e+01 1.300e+01 1.200e+01 9.000e+00 7.000e+00
 8.000e+00 1.300e+01 5.000e+00 1.000e+00 7.000e+00 6.000e+00 4.000e+00
 1.000e+00 4.000e+00 3.000e+00 3.000e+00 0.000e+00 2.000e+00 1.000e+00
 1.000e+00 3.000e+00 1.000e+00 1.000e+00 0.000e+00 1.000e+00 1.000e+00
 2.000e+00 3.000e+00 2.000e+00 0.000e+00 1.000e+00 1.000e+00 0.000e+00
 0.000e+00 0.000e+00 1.000e+00 0.000e+00 0.000e+00 0.000e+00]
873600 loops cons: [2.399e+03 7.370e+02 3.400e+02 1.750e+02 9.200e+01 5.400e+01 4.600e+01
 4.300e+01 2.900e+01 2.100e+01 1.300e+01 1.200e+01 9.000e+00 7.000e+00
 8.000e+00 1.300e+01 5.000e+00 1.000e+00 7.000e+00 6.000e+00 4.000e+00
 1.000e+00 4.000e+00 3.000e+00 3.000e+00 0.000e+00 2.000e+00 1.000e+00
 1.000e+00 3.000e+00 1.000e+00 1.000e+00 0.000e+00 1.000e+00 1.000e+00
 2.000e+00 3.000e+00 2.000e+00 0.000e+00 1.000e+00 1.000e+00 0.000e+00
 0.000e+00 0.000e+00 1.000e+00 0.000e+00 0.000e+00 0.000e+00]
878400 loops cons: [2.41e+03 7.41e+02 3.42e+02 1.75e+02 9.30e+01 5.40e+01 4.60e+01 4.40e+01
 2.90e+01 2.20e+01 1.30e+01 1.20e+01 9.00e+00 7.00e+00 8.00e+00 1.30e+01
 5.00e+00 1.00e+00 7.00e+00 6.00e+00 4.00e+00 1.00e+00 4.00e+00 3.00e+00
 3.00e+00 0.00e+00 2.00e+00 1.00e+00 1.00e+00 3.00e+00 1.00e+00 1.00e+00
 0.00e+00 1.00e+00 1.00e+00 2.00e+00 3.00e+00 2.00e+00 0.00e+00 1.00e+00
 1.00e+00 0.00e+00 0.00e+00 0.00e+00 1.00e+00 0.00e+00 0.00e+00 0.00e+00]
883200 loops cons: [2.421e+03 7.460e+02 3.430e+02 1.750e+02 9.300e+01 5.400e+01 4.600e+01
 4.400e+01 2.900e+01 2.200e+01 1.300e+01 1.200e+01 9.000e+00 7.000e+00
 8.000e+00 1.300e+01 5.000e+00 1.000e+00 7.000e+00 6.000e+00 4.000e+00
 1.000e+00 4.000e+00 3.000e+00 3.000e+00 0.000e+00 2.000e+00 1.000e+00
 1.000e+00 3.000e+00 1.000e+00 1.000e+00 0.000e+00 1.000e+00 1.000e+00
 2.000e+00 3.000e+00 2.000e+00 0.000e+00 1.000e+00 1.000e+00 0.000e+00
 0.000e+00 0.000e+00 1.000e+00 0.000e+00 0.000e+00 0.000e+00]
888000 loops cons: [2.434e+03 7.490e+02 3.450e+02 1.750e+02 9.600e+01 5.400e+01 4.700e+01
 4.400e+01 2.900e+01 2.200e+01 1.300e+01 1.200e+01 9.000e+00 7.000e+00
 8.000e+00 1.300e+01 5.000e+00 1.000e+00 7.000e+00 6.000e+00 4.000e+00
 1.000e+00 4.000e+00 3.000e+00 3.000e+00 0.000e+00 2.000e+00 1.000e+00
 1.000e+00 3.000e+00 1.000e+00 1.000e+00 0.000e+00 1.000e+00 1.000e+00
 2.000e+00 3.000e+00 2.000e+00 0.000e+00 1.000e+00 1.000e+00 0.000e+00
 0.000e+00 0.000e+00 1.000e+00 0.000e+00 0.000e+00 0.000e+00]
892800 loops cons: [2.446e+03 7.510e+02 3.450e+02 1.760e+02 9.800e+01 5.500e+01 4.700e+01
 4.400e+01 2.900e+01 2.200e+01 1.300e+01 1.200e+01 9.000e+00 7.000e+00
 8.000e+00 1.300e+01 5.000e+00 1.000e+00 7.000e+00 6.000e+00 4.000e+00
 1.000e+00 4.000e+00 3.000e+00 3.000e+00 0.000e+00 2.000e+00 1.000e+00
 1.000e+00 3.000e+00 1.000e+00 1.000e+00 0.000e+00 1.000e+00 1.000e+00
 2.000e+00 3.000e+00 2.000e+00 0.000e+00 1.000e+00 1.000e+00 0.000e+00
 0.000e+00 0.000e+00 1.000e+00 0.000e+00 0.000e+00 0.000e+00]
897600 loops cons: [2.459e+03 7.560e+02 3.470e+02 1.770e+02 9.800e+01 5.500e+01 4.700e+01
 4.400e+01 2.900e+01 2.200e+01 1.300e+01 1.200e+01 9.000e+00 7.000e+00
 8.000e+00 1.300e+01 5.000e+00 1.000e+00 7.000e+00 6.000e+00 4.000e+00
 1.000e+00 4.000e+00 3.000e+00 3.000e+00 0.000e+00 2.000e+00 1.000e+00
 1.000e+00 3.000e+00 1.000e+00 1.000e+00 0.000e+00 1.000e+00 1.000e+00
 2.000e+00 3.000e+00 2.000e+00 0.000e+00 1.000e+00 1.000e+00 0.000e+00
 0.000e+00 0.000e+00 1.000e+00 0.000e+00 0.000e+00 0.000e+00]
902400 loops cons: [2.473e+03 7.590e+02 3.490e+02 1.790e+02 9.800e+01 5.500e+01 4.700e+01
 4.400e+01 2.900e+01 2.200e+01 1.300e+01 1.200e+01 9.000e+00 7.000e+00
 8.000e+00 1.300e+01 5.000e+00 1.000e+00 7.000e+00 6.000e+00 4.000e+00
 1.000e+00 4.000e+00 3.000e+00 3.000e+00 0.000e+00 2.000e+00 1.000e+00
 1.000e+00 3.000e+00 1.000e+00 1.000e+00 0.000e+00 1.000e+00 1.000e+00
 2.000e+00 3.000e+00 2.000e+00 0.000e+00 1.000e+00 1.000e+00 0.000e+00
 0.000e+00 0.000e+00 1.000e+00 0.000e+00 0.000e+00 0.000e+00]
907200 loops cons: [2.483e+03 7.630e+02 3.510e+02 1.790e+02 9.900e+01 5.500e+01 4.700e+01
 4.400e+01 2.900e+01 2.200e+01 1.300e+01 1.300e+01 9.000e+00 7.000e+00
 8.000e+00 1.300e+01 5.000e+00 1.000e+00 7.000e+00 6.000e+00 4.000e+00
 1.000e+00 4.000e+00 3.000e+00 3.000e+00 0.000e+00 2.000e+00 1.000e+00
 1.000e+00 3.000e+00 1.000e+00 1.000e+00 0.000e+00 1.000e+00 1.000e+00
 2.000e+00 3.000e+00 2.000e+00 0.000e+00 1.000e+00 1.000e+00 0.000e+00
 0.000e+00 0.000e+00 1.000e+00 0.000e+00 0.000e+00 0.000e+00]
912000 loops cons: [2.496e+03 7.650e+02 3.540e+02 1.790e+02 1.000e+02 5.600e+01 4.700e+01
 4.600e+01 2.900e+01 2.200e+01 1.300e+01 1.300e+01 9.000e+00 7.000e+00
 8.000e+00 1.300e+01 5.000e+00 1.000e+00 7.000e+00 6.000e+00 4.000e+00
 1.000e+00 4.000e+00 3.000e+00 3.000e+00 0.000e+00 2.000e+00 1.000e+00
 1.000e+00 3.000e+00 1.000e+00 1.000e+00 0.000e+00 1.000e+00 1.000e+00
 2.000e+00 3.000e+00 2.000e+00 0.000e+00 1.000e+00 1.000e+00 0.000e+00
 0.000e+00 0.000e+00 1.000e+00 0.000e+00 0.000e+00 0.000e+00]
916800 loops cons: [2.51e+03 7.68e+02 3.54e+02 1.80e+02 1.00e+02 5.60e+01 4.80e+01 4.60e+01
 2.90e+01 2.20e+01 1.30e+01 1.30e+01 9.00e+00 7.00e+00 8.00e+00 1.30e+01
 5.00e+00 1.00e+00 7.00e+00 6.00e+00 4.00e+00 1.00e+00 4.00e+00 3.00e+00
 3.00e+00 0.00e+00 2.00e+00 1.00e+00 1.00e+00 3.00e+00 1.00e+00 1.00e+00
 0.00e+00 1.00e+00 1.00e+00 2.00e+00 3.00e+00 2.00e+00 0.00e+00 1.00e+00
 1.00e+00 0.00e+00 0.00e+00 0.00e+00 1.00e+00 0.00e+00 0.00e+00 0.00e+00]
921600 loops cons: [2.524e+03 7.710e+02 3.540e+02 1.830e+02 1.000e+02 5.600e+01 4.800e+01
 4.700e+01 2.900e+01 2.200e+01 1.300e+01 1.400e+01 9.000e+00 7.000e+00
 8.000e+00 1.300e+01 5.000e+00 1.000e+00 7.000e+00 6.000e+00 4.000e+00
 1.000e+00 4.000e+00 3.000e+00 3.000e+00 0.000e+00 2.000e+00 1.000e+00
 1.000e+00 3.000e+00 1.000e+00 1.000e+00 0.000e+00 1.000e+00 1.000e+00
 2.000e+00 3.000e+00 2.000e+00 0.000e+00 1.000e+00 1.000e+00 0.000e+00
 0.000e+00 0.000e+00 1.000e+00 0.000e+00 0.000e+00 0.000e+00]
926400 loops cons: [2.539e+03 7.740e+02 3.560e+02 1.830e+02 1.000e+02 5.700e+01 4.800e+01
 4.700e+01 2.900e+01 2.200e+01 1.300e+01 1.400e+01 9.000e+00 7.000e+00
 8.000e+00 1.300e+01 5.000e+00 1.000e+00 7.000e+00 6.000e+00 4.000e+00
 1.000e+00 4.000e+00 3.000e+00 3.000e+00 0.000e+00 2.000e+00 1.000e+00
 1.000e+00 3.000e+00 1.000e+00 1.000e+00 0.000e+00 1.000e+00 1.000e+00
 2.000e+00 3.000e+00 2.000e+00 0.000e+00 1.000e+00 1.000e+00 0.000e+00
 0.000e+00 0.000e+00 1.000e+00 0.000e+00 0.000e+00 0.000e+00]
931200 loops cons: [2.549e+03 7.790e+02 3.560e+02 1.840e+02 1.000e+02 5.700e+01 4.900e+01
 4.700e+01 3.000e+01 2.300e+01 1.300e+01 1.400e+01 1.000e+01 7.000e+00
 8.000e+00 1.300e+01 5.000e+00 1.000e+00 7.000e+00 6.000e+00 4.000e+00
 1.000e+00 4.000e+00 3.000e+00 3.000e+00 0.000e+00 2.000e+00 1.000e+00
 1.000e+00 3.000e+00 1.000e+00 1.000e+00 0.000e+00 1.000e+00 1.000e+00
 2.000e+00 3.000e+00 2.000e+00 0.000e+00 1.000e+00 1.000e+00 0.000e+00
 0.000e+00 0.000e+00 1.000e+00 0.000e+00 0.000e+00 0.000e+00]
936000 loops cons: [2.562e+03 7.830e+02 3.570e+02 1.840e+02 1.010e+02 5.700e+01 5.000e+01
 4.700e+01 3.000e+01 2.400e+01 1.300e+01 1.400e+01 1.100e+01 7.000e+00
 8.000e+00 1.300e+01 5.000e+00 1.000e+00 7.000e+00 6.000e+00 4.000e+00
 1.000e+00 4.000e+00 3.000e+00 3.000e+00 0.000e+00 2.000e+00 1.000e+00
 1.000e+00 3.000e+00 1.000e+00 1.000e+00 0.000e+00 1.000e+00 1.000e+00
 2.000e+00 3.000e+00 2.000e+00 0.000e+00 1.000e+00 1.000e+00 0.000e+00
 0.000e+00 0.000e+00 1.000e+00 0.000e+00 0.000e+00 0.000e+00]
940800 loops cons: [2.573e+03 7.880e+02 3.600e+02 1.860e+02 1.010e+02 5.700e+01 5.000e+01
 4.800e+01 3.100e+01 2.500e+01 1.300e+01 1.400e+01 1.100e+01 7.000e+00
 8.000e+00 1.400e+01 5.000e+00 1.000e+00 7.000e+00 6.000e+00 4.000e+00
 1.000e+00 4.000e+00 3.000e+00 3.000e+00 0.000e+00 2.000e+00 1.000e+00
 1.000e+00 3.000e+00 1.000e+00 1.000e+00 0.000e+00 1.000e+00 1.000e+00
 2.000e+00 3.000e+00 2.000e+00 0.000e+00 1.000e+00 1.000e+00 0.000e+00
 0.000e+00 0.000e+00 1.000e+00 0.000e+00 0.000e+00 0.000e+00]
945600 loops cons: [2.583e+03 7.980e+02 3.600e+02 1.870e+02 1.030e+02 5.800e+01 5.200e+01
 4.900e+01 3.100e+01 2.500e+01 1.300e+01 1.400e+01 1.100e+01 7.000e+00
 8.000e+00 1.400e+01 5.000e+00 1.000e+00 7.000e+00 6.000e+00 4.000e+00
 1.000e+00 4.000e+00 3.000e+00 3.000e+00 0.000e+00 2.000e+00 1.000e+00
 1.000e+00 3.000e+00 1.000e+00 1.000e+00 0.000e+00 1.000e+00 1.000e+00
 2.000e+00 3.000e+00 2.000e+00 0.000e+00 1.000e+00 1.000e+00 0.000e+00
 0.000e+00 0.000e+00 1.000e+00 0.000e+00 0.000e+00 0.000e+00]
950400 loops cons: [2.59e+03 8.02e+02 3.63e+02 1.88e+02 1.03e+02 5.80e+01 5.30e+01 4.90e+01
 3.10e+01 2.50e+01 1.40e+01 1.40e+01 1.10e+01 7.00e+00 8.00e+00 1.40e+01
 6.00e+00 1.00e+00 7.00e+00 6.00e+00 4.00e+00 1.00e+00 4.00e+00 3.00e+00
 3.00e+00 0.00e+00 2.00e+00 1.00e+00 1.00e+00 3.00e+00 1.00e+00 1.00e+00
 0.00e+00 1.00e+00 1.00e+00 2.00e+00 3.00e+00 2.00e+00 0.00e+00 1.00e+00
 1.00e+00 1.00e+00 0.00e+00 0.00e+00 1.00e+00 0.00e+00 0.00e+00 0.00e+00]
955200 loops cons: [2.603e+03 8.040e+02 3.670e+02 1.890e+02 1.040e+02 5.900e+01 5.300e+01
 4.900e+01 3.100e+01 2.500e+01 1.400e+01 1.400e+01 1.100e+01 7.000e+00
 8.000e+00 1.400e+01 6.000e+00 1.000e+00 7.000e+00 6.000e+00 4.000e+00
 1.000e+00 4.000e+00 3.000e+00 3.000e+00 0.000e+00 2.000e+00 1.000e+00
 1.000e+00 3.000e+00 1.000e+00 1.000e+00 0.000e+00 1.000e+00 1.000e+00
 2.000e+00 3.000e+00 2.000e+00 0.000e+00 1.000e+00 1.000e+00 1.000e+00
 0.000e+00 0.000e+00 1.000e+00 0.000e+00 0.000e+00 0.000e+00]
960000 loops cons: [2.613e+03 8.090e+02 3.710e+02 1.900e+02 1.040e+02 5.900e+01 5.300e+01
 4.900e+01 3.200e+01 2.500e+01 1.400e+01 1.400e+01 1.100e+01 7.000e+00
 8.000e+00 1.400e+01 6.000e+00 1.000e+00 7.000e+00 6.000e+00 4.000e+00
 1.000e+00 4.000e+00 3.000e+00 3.000e+00 0.000e+00 2.000e+00 1.000e+00
 1.000e+00 3.000e+00 1.000e+00 1.000e+00 0.000e+00 1.000e+00 1.000e+00
 2.000e+00 3.000e+00 2.000e+00 0.000e+00 1.000e+00 1.000e+00 1.000e+00
 0.000e+00 0.000e+00 1.000e+00 0.000e+00 0.000e+00 0.000e+00]
964800 loops cons: [2.623e+03 8.160e+02 3.730e+02 1.920e+02 1.040e+02 5.900e+01 5.300e+01
 4.900e+01 3.200e+01 2.500e+01 1.400e+01 1.400e+01 1.100e+01 7.000e+00
 8.000e+00 1.400e+01 6.000e+00 1.000e+00 7.000e+00 6.000e+00 4.000e+00
 1.000e+00 4.000e+00 3.000e+00 3.000e+00 0.000e+00 2.000e+00 1.000e+00
 1.000e+00 3.000e+00 1.000e+00 1.000e+00 0.000e+00 1.000e+00 1.000e+00
 2.000e+00 3.000e+00 2.000e+00 0.000e+00 1.000e+00 1.000e+00 1.000e+00
 0.000e+00 0.000e+00 1.000e+00 0.000e+00 0.000e+00 0.000e+00]
969600 loops cons: [2.637e+03 8.200e+02 3.740e+02 1.940e+02 1.060e+02 5.900e+01 5.300e+01
 4.900e+01 3.200e+01 2.500e+01 1.400e+01 1.400e+01 1.200e+01 7.000e+00
 8.000e+00 1.400e+01 6.000e+00 1.000e+00 7.000e+00 6.000e+00 4.000e+00
 1.000e+00 4.000e+00 3.000e+00 3.000e+00 0.000e+00 2.000e+00 1.000e+00
 1.000e+00 3.000e+00 1.000e+00 1.000e+00 0.000e+00 1.000e+00 1.000e+00
 2.000e+00 3.000e+00 2.000e+00 0.000e+00 1.000e+00 1.000e+00 1.000e+00
 0.000e+00 0.000e+00 1.000e+00 0.000e+00 0.000e+00 0.000e+00]
974400 loops cons: [2.651e+03 8.240e+02 3.750e+02 1.950e+02 1.060e+02 6.100e+01 5.300e+01
 4.900e+01 3.200e+01 2.500e+01 1.400e+01 1.400e+01 1.200e+01 7.000e+00
 8.000e+00 1.400e+01 6.000e+00 1.000e+00 7.000e+00 6.000e+00 4.000e+00
 1.000e+00 4.000e+00 3.000e+00 3.000e+00 0.000e+00 2.000e+00 1.000e+00
 1.000e+00 3.000e+00 1.000e+00 1.000e+00 0.000e+00 1.000e+00 1.000e+00
 2.000e+00 3.000e+00 2.000e+00 0.000e+00 1.000e+00 1.000e+00 1.000e+00
 0.000e+00 0.000e+00 1.000e+00 0.000e+00 0.000e+00 0.000e+00]
979200 loops cons: [2.665e+03 8.270e+02 3.770e+02 1.970e+02 1.060e+02 6.100e+01 5.300e+01
 4.900e+01 3.200e+01 2.500e+01 1.400e+01 1.400e+01 1.200e+01 7.000e+00
 8.000e+00 1.400e+01 6.000e+00 1.000e+00 7.000e+00 6.000e+00 4.000e+00
 1.000e+00 4.000e+00 3.000e+00 3.000e+00 0.000e+00 2.000e+00 1.000e+00
 1.000e+00 3.000e+00 1.000e+00 1.000e+00 0.000e+00 1.000e+00 1.000e+00
 2.000e+00 3.000e+00 2.000e+00 0.000e+00 1.000e+00 1.000e+00 1.000e+00
 0.000e+00 0.000e+00 1.000e+00 0.000e+00 0.000e+00 0.000e+00]
984000 loops cons: [2.678e+03 8.290e+02 3.780e+02 1.980e+02 1.070e+02 6.100e+01 5.300e+01
 4.900e+01 3.200e+01 2.600e+01 1.400e+01 1.400e+01 1.200e+01 7.000e+00
 8.000e+00 1.400e+01 6.000e+00 1.000e+00 7.000e+00 6.000e+00 4.000e+00
 1.000e+00 4.000e+00 3.000e+00 3.000e+00 0.000e+00 2.000e+00 1.000e+00
 1.000e+00 3.000e+00 1.000e+00 1.000e+00 0.000e+00 1.000e+00 1.000e+00
 2.000e+00 3.000e+00 2.000e+00 0.000e+00 1.000e+00 1.000e+00 1.000e+00
 0.000e+00 0.000e+00 1.000e+00 0.000e+00 0.000e+00 0.000e+00]
988800 loops cons: [2.694e+03 8.350e+02 3.800e+02 1.980e+02 1.070e+02 6.100e+01 5.400e+01
 4.900e+01 3.200e+01 2.600e+01 1.400e+01 1.400e+01 1.200e+01 7.000e+00
 8.000e+00 1.400e+01 6.000e+00 1.000e+00 7.000e+00 6.000e+00 4.000e+00
 1.000e+00 4.000e+00 3.000e+00 3.000e+00 0.000e+00 2.000e+00 1.000e+00
 1.000e+00 3.000e+00 1.000e+00 1.000e+00 0.000e+00 1.000e+00 1.000e+00
 2.000e+00 3.000e+00 2.000e+00 0.000e+00 1.000e+00 1.000e+00 1.000e+00
 0.000e+00 0.000e+00 1.000e+00 0.000e+00 0.000e+00 0.000e+00]
993600 loops cons: [2.711e+03 8.440e+02 3.810e+02 1.980e+02 1.070e+02 6.100e+01 5.500e+01
 4.900e+01 3.200e+01 2.600e+01 1.400e+01 1.400e+01 1.200e+01 7.000e+00
 8.000e+00 1.400e+01 6.000e+00 1.000e+00 7.000e+00 6.000e+00 4.000e+00
 1.000e+00 4.000e+00 4.000e+00 3.000e+00 0.000e+00 2.000e+00 1.000e+00
 1.000e+00 3.000e+00 1.000e+00 1.000e+00 0.000e+00 1.000e+00 1.000e+00
 2.000e+00 3.000e+00 2.000e+00 0.000e+00 1.000e+00 1.000e+00 1.000e+00
 0.000e+00 0.000e+00 1.000e+00 0.000e+00 0.000e+00 0.000e+00]
998400 loops cons: [2.731e+03 8.490e+02 3.810e+02 2.000e+02 1.070e+02 6.100e+01 5.500e+01
 4.900e+01 3.300e+01 2.600e+01 1.400e+01 1.400e+01 1.200e+01 8.000e+00
 8.000e+00 1.400e+01 6.000e+00 1.000e+00 7.000e+00 6.000e+00 4.000e+00
 1.000e+00 4.000e+00 4.000e+00 3.000e+00 0.000e+00 2.000e+00 1.000e+00
 1.000e+00 3.000e+00 1.000e+00 1.000e+00 0.000e+00 1.000e+00 1.000e+00
 3.000e+00 3.000e+00 2.000e+00 0.000e+00 1.000e+00 1.000e+00 1.000e+00
 0.000e+00 0.000e+00 1.000e+00 0.000e+00 0.000e+00 0.000e+00]
1003200 loops cons: [2.744e+03 8.510e+02 3.840e+02 2.010e+02 1.070e+02 6.100e+01 5.700e+01
 5.100e+01 3.300e+01 2.600e+01 1.500e+01 1.400e+01 1.200e+01 8.000e+00
 8.000e+00 1.400e+01 6.000e+00 1.000e+00 7.000e+00 6.000e+00 4.000e+00
 1.000e+00 4.000e+00 4.000e+00 3.000e+00 0.000e+00 2.000e+00 1.000e+00
 1.000e+00 3.000e+00 1.000e+00 1.000e+00 0.000e+00 1.000e+00 1.000e+00
 3.000e+00 3.000e+00 2.000e+00 0.000e+00 1.000e+00 1.000e+00 1.000e+00
 0.000e+00 0.000e+00 1.000e+00 0.000e+00 0.000e+00 0.000e+00]
1008000 loops cons: [2.759e+03 8.550e+02 3.860e+02 2.020e+02 1.080e+02 6.200e+01 5.700e+01
 5.100e+01 3.300e+01 2.600e+01 1.500e+01 1.400e+01 1.200e+01 8.000e+00
 8.000e+00 1.400e+01 6.000e+00 1.000e+00 7.000e+00 6.000e+00 4.000e+00
 1.000e+00 4.000e+00 4.000e+00 3.000e+00 0.000e+00 2.000e+00 1.000e+00
 1.000e+00 3.000e+00 1.000e+00 1.000e+00 0.000e+00 1.000e+00 1.000e+00
 3.000e+00 3.000e+00 2.000e+00 0.000e+00 1.000e+00 1.000e+00 1.000e+00
 0.000e+00 0.000e+00 1.000e+00 0.000e+00 0.000e+00 0.000e+00]
1012800 loops cons: [2.771e+03 8.600e+02 3.860e+02 2.020e+02 1.090e+02 6.200e+01 5.700e+01
 5.100e+01 3.300e+01 2.600e+01 1.500e+01 1.400e+01 1.300e+01 8.000e+00
 8.000e+00 1.400e+01 6.000e+00 1.000e+00 7.000e+00 6.000e+00 4.000e+00
 1.000e+00 4.000e+00 4.000e+00 3.000e+00 0.000e+00 2.000e+00 1.000e+00
 1.000e+00 3.000e+00 1.000e+00 1.000e+00 0.000e+00 1.000e+00 1.000e+00
 3.000e+00 3.000e+00 2.000e+00 0.000e+00 1.000e+00 1.000e+00 1.000e+00
 0.000e+00 0.000e+00 1.000e+00 0.000e+00 0.000e+00 0.000e+00]
1017600 loops cons: [2.783e+03 8.640e+02 3.880e+02 2.030e+02 1.090e+02 6.200e+01 5.700e+01
 5.100e+01 3.300e+01 2.600e+01 1.500e+01 1.400e+01 1.300e+01 8.000e+00
 8.000e+00 1.400e+01 6.000e+00 1.000e+00 7.000e+00 7.000e+00 4.000e+00
 1.000e+00 4.000e+00 4.000e+00 3.000e+00 0.000e+00 2.000e+00 1.000e+00
 1.000e+00 3.000e+00 1.000e+00 1.000e+00 0.000e+00 1.000e+00 1.000e+00
 3.000e+00 3.000e+00 2.000e+00 0.000e+00 1.000e+00 1.000e+00 1.000e+00
 0.000e+00 0.000e+00 1.000e+00 0.000e+00 0.000e+00 0.000e+00]
1022400 loops cons: [2.797e+03 8.640e+02 3.900e+02 2.030e+02 1.090e+02 6.200e+01 5.800e+01
 5.200e+01 3.300e+01 2.600e+01 1.500e+01 1.400e+01 1.300e+01 8.000e+00
 8.000e+00 1.400e+01 6.000e+00 1.000e+00 7.000e+00 7.000e+00 4.000e+00
 1.000e+00 4.000e+00 4.000e+00 3.000e+00 0.000e+00 2.000e+00 1.000e+00
 1.000e+00 3.000e+00 1.000e+00 1.000e+00 0.000e+00 1.000e+00 1.000e+00
 3.000e+00 3.000e+00 2.000e+00 0.000e+00 1.000e+00 1.000e+00 1.000e+00
 0.000e+00 0.000e+00 1.000e+00 0.000e+00 0.000e+00 0.000e+00]
1027200 loops cons: [2.807e+03 8.690e+02 3.910e+02 2.040e+02 1.100e+02 6.400e+01 5.800e+01
 5.300e+01 3.300e+01 2.600e+01 1.500e+01 1.400e+01 1.300e+01 8.000e+00
 8.000e+00 1.400e+01 6.000e+00 1.000e+00 7.000e+00 7.000e+00 4.000e+00
 1.000e+00 4.000e+00 4.000e+00 3.000e+00 0.000e+00 2.000e+00 1.000e+00
 1.000e+00 3.000e+00 1.000e+00 1.000e+00 0.000e+00 1.000e+00 1.000e+00
 3.000e+00 3.000e+00 2.000e+00 0.000e+00 1.000e+00 1.000e+00 1.000e+00
 0.000e+00 0.000e+00 1.000e+00 0.000e+00 0.000e+00 0.000e+00]
1032000 loops cons: [2.82e+03 8.73e+02 3.92e+02 2.04e+02 1.10e+02 6.50e+01 5.90e+01 5.40e+01
 3.30e+01 2.60e+01 1.50e+01 1.40e+01 1.30e+01 8.00e+00 8.00e+00 1.40e+01
 6.00e+00 1.00e+00 7.00e+00 7.00e+00 4.00e+00 1.00e+00 4.00e+00 4.00e+00
 3.00e+00 0.00e+00 2.00e+00 1.00e+00 1.00e+00 3.00e+00 1.00e+00 1.00e+00
 0.00e+00 1.00e+00 1.00e+00 3.00e+00 3.00e+00 2.00e+00 0.00e+00 1.00e+00
 1.00e+00 1.00e+00 0.00e+00 0.00e+00 1.00e+00 0.00e+00 0.00e+00 0.00e+00]
1036800 loops cons: [2.83e+03 8.76e+02 3.96e+02 2.06e+02 1.11e+02 6.70e+01 6.00e+01 5.40e+01
 3.30e+01 2.60e+01 1.50e+01 1.40e+01 1.40e+01 8.00e+00 8.00e+00 1.40e+01
 7.00e+00 1.00e+00 7.00e+00 7.00e+00 4.00e+00 1.00e+00 4.00e+00 4.00e+00
 3.00e+00 0.00e+00 2.00e+00 1.00e+00 1.00e+00 3.00e+00 1.00e+00 1.00e+00
 0.00e+00 1.00e+00 1.00e+00 3.00e+00 3.00e+00 2.00e+00 0.00e+00 1.00e+00
 1.00e+00 1.00e+00 0.00e+00 0.00e+00 1.00e+00 0.00e+00 0.00e+00 0.00e+00]
1041600 loops cons: [2.841e+03 8.810e+02 3.970e+02 2.060e+02 1.110e+02 6.700e+01 6.100e+01
 5.400e+01 3.300e+01 2.600e+01 1.500e+01 1.400e+01 1.400e+01 8.000e+00
 8.000e+00 1.400e+01 7.000e+00 1.000e+00 7.000e+00 7.000e+00 4.000e+00
 1.000e+00 4.000e+00 4.000e+00 3.000e+00 0.000e+00 2.000e+00 1.000e+00
 1.000e+00 3.000e+00 1.000e+00 1.000e+00 0.000e+00 1.000e+00 1.000e+00
 3.000e+00 3.000e+00 2.000e+00 0.000e+00 1.000e+00 1.000e+00 1.000e+00
 0.000e+00 0.000e+00 1.000e+00 0.000e+00 0.000e+00 0.000e+00]
1046400 loops cons: [2.858e+03 8.860e+02 3.990e+02 2.060e+02 1.110e+02 6.700e+01 6.100e+01
 5.400e+01 3.300e+01 2.600e+01 1.500e+01 1.400e+01 1.500e+01 8.000e+00
 8.000e+00 1.400e+01 7.000e+00 1.000e+00 7.000e+00 7.000e+00 4.000e+00
 1.000e+00 4.000e+00 4.000e+00 3.000e+00 0.000e+00 2.000e+00 1.000e+00
 1.000e+00 3.000e+00 1.000e+00 1.000e+00 0.000e+00 1.000e+00 1.000e+00
 3.000e+00 3.000e+00 2.000e+00 0.000e+00 1.000e+00 1.000e+00 1.000e+00
 0.000e+00 0.000e+00 1.000e+00 0.000e+00 0.000e+00 0.000e+00]
1051200 loops cons: [2.871e+03 8.890e+02 4.010e+02 2.060e+02 1.110e+02 6.700e+01 6.100e+01
 5.400e+01 3.300e+01 2.600e+01 1.500e+01 1.400e+01 1.500e+01 8.000e+00
 8.000e+00 1.400e+01 7.000e+00 1.000e+00 7.000e+00 7.000e+00 4.000e+00
 1.000e+00 4.000e+00 4.000e+00 3.000e+00 0.000e+00 2.000e+00 1.000e+00
 1.000e+00 3.000e+00 1.000e+00 1.000e+00 0.000e+00 1.000e+00 1.000e+00
 3.000e+00 3.000e+00 2.000e+00 0.000e+00 1.000e+00 1.000e+00 1.000e+00
 0.000e+00 0.000e+00 1.000e+00 0.000e+00 0.000e+00 0.000e+00]
1056000 loops cons: [2.879e+03 8.960e+02 4.010e+02 2.060e+02 1.110e+02 6.800e+01 6.200e+01
 5.400e+01 3.300e+01 2.600e+01 1.500e+01 1.500e+01 1.600e+01 8.000e+00
 8.000e+00 1.400e+01 7.000e+00 1.000e+00 7.000e+00 7.000e+00 4.000e+00
 2.000e+00 4.000e+00 4.000e+00 3.000e+00 0.000e+00 2.000e+00 1.000e+00
 1.000e+00 3.000e+00 1.000e+00 1.000e+00 0.000e+00 1.000e+00 1.000e+00
 3.000e+00 3.000e+00 2.000e+00 0.000e+00 1.000e+00 1.000e+00 1.000e+00
 0.000e+00 0.000e+00 1.000e+00 0.000e+00 0.000e+00 0.000e+00]
1060800 loops cons: [2.897e+03 9.020e+02 4.030e+02 2.060e+02 1.110e+02 6.900e+01 6.200e+01
 5.400e+01 3.400e+01 2.600e+01 1.500e+01 1.600e+01 1.600e+01 8.000e+00
 8.000e+00 1.400e+01 7.000e+00 1.000e+00 7.000e+00 7.000e+00 4.000e+00
 2.000e+00 4.000e+00 4.000e+00 3.000e+00 0.000e+00 2.000e+00 1.000e+00
 1.000e+00 3.000e+00 1.000e+00 1.000e+00 0.000e+00 1.000e+00 1.000e+00
 3.000e+00 3.000e+00 2.000e+00 0.000e+00 1.000e+00 1.000e+00 1.000e+00
 0.000e+00 0.000e+00 1.000e+00 0.000e+00 0.000e+00 0.000e+00]
1065600 loops cons: [2.911e+03 9.040e+02 4.040e+02 2.060e+02 1.120e+02 6.900e+01 6.300e+01
 5.400e+01 3.400e+01 2.600e+01 1.500e+01 1.600e+01 1.600e+01 8.000e+00
 8.000e+00 1.500e+01 7.000e+00 1.000e+00 7.000e+00 7.000e+00 4.000e+00
 2.000e+00 4.000e+00 4.000e+00 3.000e+00 0.000e+00 2.000e+00 1.000e+00
 1.000e+00 3.000e+00 1.000e+00 1.000e+00 0.000e+00 1.000e+00 1.000e+00
 3.000e+00 3.000e+00 2.000e+00 0.000e+00 1.000e+00 1.000e+00 1.000e+00
 0.000e+00 0.000e+00 1.000e+00 0.000e+00 0.000e+00 0.000e+00]
1070400 loops cons: [2.924e+03 9.070e+02 4.090e+02 2.070e+02 1.130e+02 7.000e+01 6.600e+01
 5.400e+01 3.400e+01 2.600e+01 1.500e+01 1.600e+01 1.600e+01 9.000e+00
 8.000e+00 1.500e+01 7.000e+00 1.000e+00 7.000e+00 7.000e+00 4.000e+00
 2.000e+00 4.000e+00 4.000e+00 3.000e+00 0.000e+00 2.000e+00 1.000e+00
 1.000e+00 3.000e+00 1.000e+00 1.000e+00 0.000e+00 1.000e+00 1.000e+00
 3.000e+00 3.000e+00 2.000e+00 0.000e+00 1.000e+00 1.000e+00 1.000e+00
 0.000e+00 0.000e+00 1.000e+00 0.000e+00 0.000e+00 0.000e+00]
1075200 loops cons: [2.934e+03 9.110e+02 4.090e+02 2.070e+02 1.130e+02 7.000e+01 6.600e+01
 5.500e+01 3.400e+01 2.600e+01 1.500e+01 1.600e+01 1.600e+01 9.000e+00
 8.000e+00 1.500e+01 7.000e+00 1.000e+00 7.000e+00 7.000e+00 4.000e+00
 2.000e+00 4.000e+00 4.000e+00 3.000e+00 0.000e+00 2.000e+00 1.000e+00
 1.000e+00 3.000e+00 1.000e+00 1.000e+00 0.000e+00 1.000e+00 2.000e+00
 3.000e+00 3.000e+00 2.000e+00 0.000e+00 1.000e+00 1.000e+00 1.000e+00
 0.000e+00 0.000e+00 1.000e+00 0.000e+00 0.000e+00 0.000e+00]
1080000 loops cons: [2.947e+03 9.150e+02 4.100e+02 2.080e+02 1.130e+02 7.100e+01 6.600e+01
 5.500e+01 3.400e+01 2.600e+01 1.500e+01 1.700e+01 1.600e+01 1.000e+01
 8.000e+00 1.500e+01 7.000e+00 1.000e+00 7.000e+00 7.000e+00 4.000e+00
 2.000e+00 4.000e+00 4.000e+00 3.000e+00 0.000e+00 2.000e+00 1.000e+00
 1.000e+00 3.000e+00 1.000e+00 1.000e+00 0.000e+00 1.000e+00 2.000e+00
 3.000e+00 3.000e+00 2.000e+00 0.000e+00 1.000e+00 1.000e+00 1.000e+00
 0.000e+00 0.000e+00 1.000e+00 0.000e+00 0.000e+00 0.000e+00]
1084800 loops cons: [2.958e+03 9.180e+02 4.110e+02 2.090e+02 1.130e+02 7.100e+01 6.600e+01
 5.600e+01 3.400e+01 2.600e+01 1.500e+01 1.700e+01 1.600e+01 1.000e+01
 8.000e+00 1.500e+01 7.000e+00 1.000e+00 7.000e+00 7.000e+00 4.000e+00
 2.000e+00 4.000e+00 4.000e+00 3.000e+00 0.000e+00 2.000e+00 1.000e+00
 1.000e+00 3.000e+00 1.000e+00 1.000e+00 0.000e+00 1.000e+00 2.000e+00
 3.000e+00 3.000e+00 2.000e+00 0.000e+00 1.000e+00 1.000e+00 1.000e+00
 1.000e+00 0.000e+00 1.000e+00 0.000e+00 0.000e+00 0.000e+00]
1089600 loops cons: [2.968e+03 9.230e+02 4.110e+02 2.090e+02 1.140e+02 7.200e+01 6.600e+01
 5.600e+01 3.400e+01 2.600e+01 1.500e+01 1.700e+01 1.600e+01 1.000e+01
 8.000e+00 1.500e+01 7.000e+00 1.000e+00 7.000e+00 7.000e+00 4.000e+00
 2.000e+00 4.000e+00 4.000e+00 3.000e+00 0.000e+00 2.000e+00 1.000e+00
 1.000e+00 3.000e+00 1.000e+00 1.000e+00 0.000e+00 1.000e+00 2.000e+00
 3.000e+00 3.000e+00 2.000e+00 0.000e+00 1.000e+00 1.000e+00 1.000e+00
 2.000e+00 0.000e+00 1.000e+00 0.000e+00 0.000e+00 0.000e+00]
1094400 loops cons: [2.979e+03 9.270e+02 4.140e+02 2.100e+02 1.160e+02 7.200e+01 6.700e+01
 5.600e+01 3.400e+01 2.700e+01 1.600e+01 1.700e+01 1.600e+01 1.000e+01
 8.000e+00 1.500e+01 7.000e+00 1.000e+00 7.000e+00 7.000e+00 4.000e+00
 2.000e+00 4.000e+00 4.000e+00 3.000e+00 0.000e+00 2.000e+00 1.000e+00
 1.000e+00 3.000e+00 1.000e+00 1.000e+00 0.000e+00 1.000e+00 2.000e+00
 3.000e+00 3.000e+00 2.000e+00 0.000e+00 1.000e+00 1.000e+00 1.000e+00
 3.000e+00 0.000e+00 1.000e+00 0.000e+00 0.000e+00 0.000e+00]
