list_num: 0 cir: [357, 124, 50, 5, 0, 0, 0] concat: [0, 0, 0, 0, 0, 0, 0] 
list_num: 1 cir: [348, 131, 44, 11, 2, 2, 0] concat: [0, 0, 0, 0, 0, 0, 0] 
list_num: 2 cir: [395, 134, 56, 18, 4, 0, 0] concat: [0, 0, 0, 0, 0, 0, 0] 
list_num: 3 cir: [372, 132, 57, 7, 6, 0, 0] concat: [0, 0, 0, 0, 0, 0, 0] 
list_num: 4 cir: [393, 146, 51, 16, 1, 1, 1] concat: [5, 1, 0, 0, 0, 0, 0] 
time 74588.50918793678 seconds
~20 hours


aux_info:

trials = 1500000
sphere_radius = 1

num_steps = [500, 1000, 2000, 5000, 10000, 20000, 50000]

adjusted_number_of_tails_list = [9.605837092497614, 9.606399099955997, 9.606680128346882, 7.685479002619189, 3.8427619851594077, 1.9213866135914897, 7.685559944857391]

list_num 0: point_one_cube_vol = [1250000000000.0, 2500000000000.0, 5000000000000.0, 10000000000000.0, 10000000000000.0, 10000000000000.0, 100000000000000.0]
list_num 1: one_cube_vol = [125000000000.0, 250000000000.0, 500000000000.0, 1000000000000.0, 1000000000000.0, 1000000000000.0, 10000000000000.0]
list_num 2: ten_cube_vol = [12500000000.0, 25000000000.0, 50000000000.0, 100000000000.0, 100000000000.0, 100000000000.0, 1000000000000.0]
list_num 3: one_hundred_cube_vol = [1250000000.0, 2500000000.0, 5000000000.0, 10000000000.0, 10000000000.0, 10000000000.0, 100000000000.0]
list_num 4: one_thousand_cube_vol = [125000000.0, 250000000.0, 500000000.0, 1000000000.0, 1000000000.0, 1000000000.0, 10000000000.0]


