Starting new run concatemerization
concentration: 2
0 loops cons: [0. 0. 0. 0. 0. 0. 0. 0. 0. 0. 0. 0. 0. 0. 0. 0. 0. 0. 0. 0. 0. 0. 0. 0.
 0. 0. 0. 0. 0. 0. 0. 0. 0. 0. 0. 0. 0. 0. 0. 0. 0. 0. 0. 0. 0. 0. 0. 0.]
4800 loops cons: [12.  6.  3.  2.  0.  0.  1.  0.  0.  0.  1.  1.  0.  0.  0.  0.  0.  0.
  0.  0.  0.  0.  0.  0.  0.  0.  0.  0.  0.  0.  0.  0.  0.  0.  0.  0.
  0.  0.  0.  0.  0.  0.  0.  0.  0.  0.  0.  0.]
9600 loops cons: [20. 14.  3.  2.  1.  0.  1.  0.  0.  0.  1.  1.  0.  0.  0.  0.  0.  0.
  0.  0.  0.  0.  0.  0.  0.  0.  0.  0.  0.  0.  0.  0.  0.  0.  0.  0.
  0.  0.  0.  0.  0.  0.  0.  0.  0.  0.  0.  0.]
14400 loops cons: [39. 19.  3.  3.  1.  0.  1.  0.  0.  0.  1.  1.  0.  0.  0.  0.  0.  0.
  0.  0.  0.  0.  0.  0.  0.  0.  0.  0.  0.  0.  0.  0.  0.  0.  0.  0.
  0.  0.  0.  0.  0.  0.  0.  0.  0.  0.  0.  0.]
19200 loops cons: [51. 24.  4.  4.  1.  0.  1.  1.  0.  0.  1.  1.  0.  1.  0.  0.  0.  0.
  0.  0.  0.  0.  0.  0.  0.  0.  0.  0.  0.  0.  0.  0.  0.  0.  0.  0.
  0.  0.  0.  0.  0.  0.  0.  0.  0.  0.  0.  0.]
24000 loops cons: [67. 28.  5.  4.  2.  0.  1.  1.  0.  0.  1.  1.  0.  1.  0.  0.  0.  0.
  0.  0.  0.  0.  0.  0.  0.  0.  0.  0.  0.  0.  0.  0.  0.  0.  0.  0.
  0.  0.  0.  0.  0.  0.  0.  0.  0.  0.  0.  0.]
28800 loops cons: [76. 30.  7.  5.  2.  0.  1.  1.  0.  0.  1.  1.  0.  1.  0.  0.  0.  0.
  0.  0.  0.  0.  0.  0.  0.  0.  0.  0.  0.  0.  0.  0.  0.  0.  0.  0.
  0.  0.  0.  0.  0.  0.  0.  0.  0.  0.  0.  0.]
33600 loops cons: [96. 36.  8.  7.  3.  0.  1.  1.  0.  0.  1.  1.  0.  1.  0.  0.  0.  0.
  0.  0.  0.  0.  0.  0.  0.  0.  0.  0.  0.  0.  0.  1.  0.  0.  0.  0.
  0.  0.  0.  0.  0.  0.  0.  0.  0.  0.  0.  0.]
38400 loops cons: [114.  38.  12.  10.   3.   1.   1.   1.   0.   0.   1.   1.   0.   1.
   0.   0.   0.   0.   0.   0.   0.   0.   1.   0.   0.   0.   0.   0.
   0.   0.   0.   1.   0.   0.   0.   0.   0.   0.   0.   0.   0.   0.
   0.   0.   0.   0.   0.   0.]
43200 loops cons: [129.  43.  14.  10.   3.   1.   1.   2.   0.   0.   2.   1.   1.   1.
   0.   0.   0.   0.   0.   0.   0.   0.   1.   0.   0.   0.   0.   0.
   0.   0.   0.   1.   0.   0.   0.   0.   0.   0.   0.   0.   0.   0.
   0.   0.   0.   0.   0.   0.]
48000 loops cons: [138.  47.  16.  11.   3.   2.   1.   3.   0.   0.   2.   1.   1.   1.
   1.   0.   0.   0.   0.   0.   0.   0.   1.   0.   0.   0.   0.   0.
   0.   0.   0.   1.   0.   0.   0.   0.   0.   0.   0.   0.   0.   0.
   0.   0.   0.   0.   0.   0.]
52800 loops cons: [152.  53.  18.  12.   5.   2.   2.   3.   0.   0.   2.   1.   1.   1.
   1.   0.   0.   0.   0.   0.   0.   0.   1.   0.   0.   0.   0.   0.
   0.   0.   0.   1.   0.   0.   0.   0.   0.   0.   0.   0.   0.   0.
   0.   0.   0.   0.   0.   0.]
57600 loops cons: [162.  59.  21.  12.   6.   2.   3.   3.   1.   0.   2.   1.   1.   1.
   1.   0.   0.   0.   0.   0.   0.   0.   1.   0.   0.   0.   0.   0.
   0.   0.   0.   1.   0.   0.   0.   0.   0.   0.   0.   0.   0.   0.
   0.   0.   0.   0.   0.   0.]
62400 loops cons: [176.  65.  23.  12.   6.   2.   3.   3.   1.   0.   2.   1.   1.   1.
   1.   0.   0.   0.   0.   0.   0.   0.   1.   0.   0.   0.   0.   0.
   0.   0.   0.   1.   0.   0.   0.   1.   0.   0.   0.   0.   0.   0.
   0.   0.   0.   0.   0.   0.]
67200 loops cons: [191.  68.  24.  14.   7.   2.   3.   3.   1.   0.   2.   1.   1.   1.
   1.   0.   0.   0.   0.   0.   0.   1.   1.   0.   0.   0.   0.   0.
   0.   0.   0.   1.   0.   0.   0.   1.   0.   0.   0.   0.   0.   0.
   0.   0.   0.   0.   0.   0.]
72000 loops cons: [199.  74.  24.  15.   7.   2.   3.   3.   1.   0.   2.   1.   2.   1.
   1.   0.   0.   0.   0.   0.   0.   1.   1.   0.   0.   0.   0.   0.
   0.   0.   0.   1.   0.   0.   0.   1.   0.   0.   0.   0.   0.   0.
   0.   0.   0.   0.   0.   0.]
76800 loops cons: [215.  80.  27.  17.   7.   2.   3.   3.   1.   0.   2.   1.   2.   1.
   1.   0.   0.   0.   0.   0.   0.   1.   1.   0.   0.   0.   0.   0.
   0.   0.   0.   1.   0.   0.   0.   1.   0.   0.   0.   0.   0.   0.
   0.   0.   0.   0.   0.   0.]
81600 loops cons: [231.  83.  27.  17.   7.   3.   4.   3.   2.   0.   2.   1.   2.   1.
   1.   0.   0.   0.   0.   0.   0.   1.   1.   0.   0.   0.   0.   0.
   0.   0.   0.   1.   0.   0.   0.   1.   0.   0.   0.   0.   0.   0.
   0.   0.   0.   0.   0.   0.]
86400 loops cons: [244.  87.  28.  18.   7.   3.   5.   3.   2.   0.   2.   1.   2.   1.
   1.   0.   0.   0.   0.   0.   0.   1.   1.   0.   0.   0.   0.   0.
   0.   0.   0.   1.   0.   0.   0.   1.   0.   0.   0.   0.   0.   0.
   0.   0.   0.   0.   0.   0.]
91200 loops cons: [255.  91.  28.  19.   7.   4.   5.   3.   2.   1.   2.   1.   2.   1.
   1.   0.   0.   0.   0.   0.   0.   1.   1.   0.   0.   0.   0.   0.
   0.   0.   0.   1.   0.   0.   0.   1.   0.   0.   0.   0.   0.   0.
   0.   0.   0.   0.   0.   0.]
96000 loops cons: [265.  99.  29.  19.   8.   4.   7.   3.   2.   1.   2.   1.   2.   2.
   1.   0.   0.   0.   0.   0.   0.   1.   1.   0.   0.   0.   0.   0.
   0.   0.   0.   1.   0.   0.   0.   1.   0.   0.   0.   0.   0.   0.
   0.   0.   0.   0.   0.   0.]
100800 loops cons: [277. 101.  30.  19.  10.   4.   7.   3.   2.   1.   2.   1.   2.   2.
   1.   1.   0.   0.   0.   0.   0.   1.   2.   0.   0.   1.   0.   0.
   0.   0.   0.   1.   0.   0.   0.   1.   0.   0.   0.   0.   0.   0.
   0.   0.   0.   0.   0.   0.]
105600 loops cons: [291. 103.  32.  20.  10.   5.   7.   4.   2.   1.   2.   1.   2.   2.
   1.   1.   0.   0.   0.   0.   0.   1.   2.   0.   0.   1.   0.   0.
   0.   0.   0.   1.   0.   0.   0.   1.   0.   0.   0.   0.   0.   0.
   0.   0.   0.   0.   0.   0.]
110400 loops cons: [303. 107.  35.  20.  10.   5.   7.   4.   2.   1.   3.   1.   2.   3.
   1.   1.   0.   0.   0.   0.   0.   1.   2.   0.   0.   1.   0.   0.
   0.   0.   0.   1.   0.   0.   0.   1.   0.   0.   0.   0.   0.   0.
   0.   0.   0.   0.   0.   0.]
115200 loops cons: [317. 108.  37.  21.  11.   5.   7.   4.   2.   1.   3.   1.   2.   3.
   1.   1.   0.   0.   0.   0.   0.   1.   2.   0.   0.   1.   0.   0.
   0.   0.   0.   1.   0.   0.   0.   1.   0.   0.   0.   0.   0.   0.
   0.   0.   0.   0.   0.   0.]
120000 loops cons: [327. 113.  38.  21.  11.   5.   7.   4.   3.   1.   3.   1.   2.   3.
   1.   1.   0.   0.   0.   0.   0.   1.   2.   0.   0.   1.   0.   0.
   0.   0.   0.   1.   0.   0.   0.   1.   0.   0.   0.   0.   0.   0.
   0.   0.   0.   0.   0.   0.]
124800 loops cons: [344. 115.  39.  22.  11.   5.   7.   4.   3.   1.   4.   2.   2.   3.
   1.   1.   1.   0.   0.   0.   0.   1.   2.   0.   0.   1.   0.   0.
   0.   0.   0.   1.   0.   0.   0.   1.   0.   0.   0.   0.   0.   0.
   0.   0.   0.   0.   0.   0.]
129600 loops cons: [357. 119.  41.  23.  12.   6.   7.   5.   3.   1.   4.   2.   2.   3.
   1.   1.   1.   0.   0.   0.   0.   1.   2.   0.   0.   1.   0.   0.
   0.   0.   0.   1.   0.   0.   0.   1.   0.   0.   0.   0.   0.   0.
   0.   0.   0.   0.   0.   0.]
134400 loops cons: [370. 124.  41.  25.  13.   6.   7.   5.   3.   1.   4.   2.   2.   3.
   1.   1.   1.   0.   0.   0.   0.   1.   2.   0.   0.   1.   0.   0.
   0.   0.   0.   1.   0.   0.   0.   1.   0.   0.   0.   0.   0.   0.
   0.   0.   0.   0.   0.   0.]
139200 loops cons: [381. 130.  44.  25.  14.   6.   7.   6.   3.   1.   5.   2.   2.   3.
   1.   1.   1.   0.   0.   0.   0.   1.   2.   0.   0.   1.   0.   0.
   0.   0.   0.   1.   0.   0.   0.   1.   0.   0.   0.   0.   0.   0.
   0.   0.   0.   0.   0.   0.]
144000 loops cons: [392. 133.  47.  26.  15.   7.   9.   6.   3.   1.   5.   2.   2.   3.
   1.   1.   1.   0.   0.   0.   0.   1.   2.   0.   0.   1.   0.   0.
   0.   0.   0.   1.   0.   0.   0.   1.   0.   0.   0.   0.   0.   0.
   0.   0.   0.   0.   0.   0.]
148800 loops cons: [408. 137.  50.  26.  16.   8.   9.   6.   3.   1.   5.   2.   3.   3.
   1.   1.   1.   0.   0.   0.   0.   1.   2.   0.   0.   1.   0.   0.
   0.   0.   0.   1.   0.   0.   0.   1.   0.   0.   0.   0.   0.   0.
   0.   0.   0.   0.   0.   0.]
153600 loops cons: [426. 139.  54.  28.  17.   8.   9.   6.   3.   1.   5.   2.   3.   3.
   1.   1.   1.   0.   0.   0.   0.   1.   2.   0.   0.   1.   0.   0.
   0.   0.   0.   1.   0.   0.   0.   1.   0.   0.   0.   0.   0.   0.
   0.   0.   0.   0.   0.   0.]
158400 loops cons: [438. 146.  57.  29.  17.   8.   9.   7.   3.   1.   5.   2.   3.   3.
   1.   1.   1.   0.   0.   0.   0.   1.   2.   0.   0.   1.   0.   0.
   0.   0.   0.   1.   0.   0.   0.   1.   0.   0.   0.   0.   0.   0.
   0.   0.   0.   0.   0.   0.]
163200 loops cons: [456. 148.  59.  30.  18.   8.   9.   7.   3.   1.   5.   2.   4.   3.
   1.   1.   1.   0.   0.   0.   0.   1.   2.   0.   0.   1.   0.   0.
   0.   0.   0.   1.   0.   0.   0.   1.   0.   0.   0.   0.   0.   0.
   0.   0.   0.   0.   0.   0.]
168000 loops cons: [471. 154.  62.  31.  18.   8.   9.   7.   3.   1.   5.   2.   4.   3.
   1.   1.   1.   0.   0.   0.   0.   1.   2.   0.   0.   1.   0.   0.
   0.   0.   0.   1.   0.   0.   0.   1.   0.   0.   0.   0.   0.   0.
   0.   0.   0.   0.   0.   0.]
172800 loops cons: [485. 156.  66.  32.  20.   8.  11.   7.   3.   2.   5.   2.   4.   3.
   1.   1.   1.   0.   0.   0.   0.   1.   2.   0.   0.   1.   0.   0.
   0.   0.   0.   1.   0.   0.   0.   1.   0.   0.   0.   0.   0.   0.
   0.   0.   0.   0.   0.   0.]
177600 loops cons: [500. 159.  67.  32.  20.   8.  11.   7.   3.   2.   5.   2.   4.   3.
   1.   1.   1.   0.   0.   0.   0.   1.   2.   0.   0.   1.   0.   0.
   0.   0.   0.   1.   0.   0.   0.   1.   0.   0.   0.   0.   0.   0.
   0.   0.   0.   0.   0.   0.]
182400 loops cons: [514. 162.  69.  34.  21.   8.  11.   7.   3.   2.   5.   2.   4.   3.
   1.   1.   1.   0.   0.   0.   0.   1.   2.   0.   0.   1.   0.   0.
   0.   0.   0.   1.   0.   0.   0.   1.   0.   0.   0.   0.   0.   0.
   0.   0.   0.   0.   0.   0.]
187200 loops cons: [524. 164.  72.  34.  21.   9.  11.   8.   3.   2.   5.   2.   5.   3.
   1.   1.   1.   0.   0.   0.   0.   1.   2.   0.   0.   1.   0.   0.
   0.   0.   0.   1.   0.   0.   0.   1.   0.   0.   0.   0.   0.   0.
   0.   0.   0.   0.   0.   0.]
192000 loops cons: [539. 169.  75.  35.  22.   9.  11.   8.   3.   2.   5.   2.   5.   3.
   2.   1.   1.   0.   0.   0.   0.   1.   2.   0.   0.   1.   0.   0.
   0.   0.   0.   1.   0.   0.   0.   1.   0.   0.   0.   0.   0.   0.
   0.   0.   0.   0.   0.   0.]
196800 loops cons: [550. 171.  78.  36.  23.  11.  11.   8.   3.   3.   5.   2.   5.   4.
   2.   1.   1.   0.   0.   0.   0.   1.   2.   0.   0.   1.   0.   0.
   0.   0.   0.   1.   0.   0.   0.   1.   0.   0.   0.   0.   0.   0.
   0.   0.   0.   0.   0.   0.]
201600 loops cons: [555. 174.  80.  37.  23.  11.  11.   9.   3.   3.   5.   2.   5.   4.
   2.   1.   1.   0.   0.   0.   0.   1.   2.   0.   0.   1.   0.   0.
   0.   0.   0.   1.   0.   0.   0.   1.   0.   0.   0.   0.   0.   0.
   0.   0.   0.   0.   0.   0.]
206400 loops cons: [567. 178.  81.  39.  23.  11.  11.   9.   3.   3.   5.   2.   5.   4.
   2.   1.   1.   0.   0.   0.   0.   1.   2.   0.   0.   1.   0.   0.
   0.   0.   0.   1.   0.   0.   0.   1.   0.   0.   0.   0.   0.   0.
   0.   0.   0.   0.   0.   0.]
211200 loops cons: [577. 181.  82.  39.  24.  12.  11.   9.   3.   3.   5.   2.   5.   4.
   2.   1.   1.   0.   0.   0.   0.   1.   2.   0.   0.   1.   0.   0.
   0.   0.   0.   1.   0.   0.   0.   1.   0.   0.   0.   0.   0.   0.
   0.   0.   0.   0.   0.   0.]
216000 loops cons: [593. 186.  85.  41.  24.  12.  13.   9.   3.   3.   5.   2.   5.   4.
   2.   1.   1.   0.   0.   0.   0.   1.   2.   0.   0.   1.   0.   0.
   0.   0.   0.   1.   0.   0.   0.   1.   0.   0.   0.   0.   0.   0.
   0.   0.   0.   0.   0.   0.]
220800 loops cons: [611. 189.  88.  42.  26.  12.  13.   9.   3.   3.   5.   2.   5.   4.
   2.   1.   1.   0.   0.   0.   0.   1.   3.   0.   0.   1.   0.   0.
   0.   0.   0.   1.   0.   0.   0.   1.   0.   0.   0.   0.   0.   0.
   0.   0.   0.   0.   0.   0.]
225600 loops cons: [621. 193.  88.  43.  26.  13.  13.   9.   3.   3.   5.   2.   5.   4.
   2.   1.   1.   0.   0.   0.   0.   1.   3.   0.   0.   1.   0.   0.
   0.   0.   0.   1.   0.   0.   0.   1.   0.   0.   0.   0.   0.   0.
   0.   0.   0.   0.   0.   0.]
230400 loops cons: [635. 194.  90.  44.  26.  13.  14.   9.   3.   3.   5.   2.   5.   5.
   2.   1.   1.   0.   0.   0.   0.   1.   3.   0.   0.   1.   0.   0.
   0.   0.   0.   1.   0.   0.   0.   1.   0.   0.   0.   0.   0.   0.
   0.   0.   0.   0.   0.   0.]
235200 loops cons: [642. 195.  91.  44.  26.  13.  14.  10.   4.   4.   5.   2.   5.   5.
   2.   1.   1.   0.   0.   0.   0.   1.   3.   0.   0.   1.   0.   0.
   0.   0.   0.   1.   0.   0.   0.   1.   0.   0.   0.   0.   0.   0.
   0.   0.   0.   0.   0.   0.]
240000 loops cons: [646. 197.  93.  44.  26.  14.  15.  10.   4.   4.   5.   2.   5.   5.
   2.   1.   1.   0.   0.   0.   0.   1.   3.   0.   0.   1.   0.   0.
   0.   0.   0.   1.   0.   0.   0.   1.   0.   0.   0.   0.   0.   0.
   0.   0.   0.   0.   0.   0.]
244800 loops cons: [657. 200.  98.  44.  27.  16.  15.  10.   4.   4.   5.   2.   5.   5.
   2.   1.   1.   0.   0.   0.   0.   1.   3.   0.   0.   1.   0.   0.
   0.   0.   0.   1.   0.   0.   0.   1.   0.   0.   0.   0.   0.   0.
   0.   0.   0.   0.   0.   0.]
249600 loops cons: [671. 205.  98.  44.  27.  16.  15.  10.   5.   4.   5.   2.   5.   5.
   2.   1.   1.   0.   0.   0.   0.   1.   3.   0.   0.   1.   0.   0.
   0.   0.   0.   1.   0.   0.   0.   1.   0.   0.   0.   0.   0.   0.
   0.   0.   0.   0.   0.   0.]
254400 loops cons: [682. 209.  99.  46.  30.  19.  15.  10.   5.   4.   5.   2.   5.   5.
   2.   1.   1.   0.   0.   0.   0.   1.   3.   0.   0.   1.   0.   0.
   0.   0.   0.   1.   0.   0.   0.   1.   0.   0.   0.   0.   0.   0.
   0.   0.   0.   0.   0.   0.]
259200 loops cons: [697. 216. 100.  49.  33.  19.  15.  10.   5.   4.   5.   2.   5.   5.
   2.   2.   1.   0.   0.   0.   0.   1.   3.   0.   0.   1.   0.   0.
   0.   0.   0.   1.   0.   0.   0.   1.   0.   0.   0.   0.   0.   0.
   0.   0.   0.   0.   0.   0.]
264000 loops cons: [709. 217. 100.  50.  33.  19.  15.  12.   5.   4.   5.   2.   5.   5.
   2.   2.   1.   0.   0.   0.   0.   1.   3.   0.   0.   1.   0.   0.
   0.   0.   0.   1.   0.   0.   0.   1.   0.   0.   0.   0.   0.   0.
   0.   0.   0.   0.   0.   0.]
268800 loops cons: [727. 220. 101.  51.  33.  19.  15.  12.   5.   4.   5.   2.   5.   5.
   2.   2.   1.   0.   0.   0.   0.   1.   3.   0.   0.   1.   0.   0.
   0.   0.   0.   1.   0.   0.   0.   1.   0.   0.   0.   0.   0.   0.
   0.   0.   0.   0.   0.   0.]
273600 loops cons: [738. 222. 102.  51.  33.  20.  15.  12.   5.   4.   5.   2.   6.   5.
   2.   2.   1.   0.   0.   0.   0.   1.   3.   0.   0.   1.   0.   0.
   0.   0.   0.   1.   0.   0.   0.   1.   0.   0.   0.   0.   0.   0.
   0.   0.   0.   0.   0.   0.]
278400 loops cons: [748. 225. 104.  55.  33.  20.  16.  12.   5.   4.   5.   2.   6.   5.
   2.   2.   1.   0.   0.   0.   0.   1.   3.   0.   0.   1.   0.   0.
   0.   0.   0.   1.   0.   0.   0.   1.   0.   0.   0.   0.   0.   0.
   0.   0.   0.   0.   0.   0.]
283200 loops cons: [767. 230. 108.  56.  33.  21.  16.  12.   5.   4.   6.   2.   6.   5.
   2.   2.   2.   0.   0.   0.   0.   1.   3.   0.   0.   1.   0.   0.
   0.   0.   0.   1.   0.   0.   0.   1.   0.   0.   0.   0.   0.   0.
   0.   0.   0.   0.   0.   0.]
288000 loops cons: [781. 237. 109.  57.  34.  23.  17.  14.   5.   4.   6.   2.   6.   5.
   2.   2.   2.   0.   0.   0.   0.   1.   3.   0.   0.   1.   0.   0.
   0.   0.   0.   1.   0.   0.   0.   1.   0.   0.   0.   0.   0.   0.
   0.   0.   0.   0.   0.   0.]
292800 loops cons: [793. 245. 112.  59.  35.  24.  17.  14.   5.   4.   6.   2.   6.   5.
   2.   2.   2.   0.   0.   0.   0.   1.   3.   0.   0.   1.   0.   0.
   0.   0.   0.   1.   0.   0.   0.   1.   0.   0.   0.   0.   0.   0.
   0.   0.   0.   0.   0.   0.]
297600 loops cons: [808. 246. 116.  60.  35.  25.  17.  14.   5.   4.   6.   2.   6.   5.
   2.   2.   2.   0.   0.   0.   0.   1.   3.   0.   0.   1.   0.   0.
   0.   0.   0.   1.   0.   0.   0.   1.   0.   0.   0.   0.   0.   1.
   0.   0.   0.   0.   0.   0.]
302400 loops cons: [827. 250. 118.  61.  35.  25.  18.  14.   5.   4.   6.   2.   6.   5.
   2.   2.   2.   0.   0.   0.   0.   1.   3.   0.   0.   1.   0.   0.
   0.   0.   0.   1.   0.   0.   0.   1.   0.   0.   0.   0.   0.   1.
   0.   0.   0.   0.   0.   0.]
307200 loops cons: [845. 254. 119.  61.  37.  25.  18.  14.   5.   5.   6.   2.   6.   5.
   2.   2.   2.   0.   0.   0.   0.   1.   3.   0.   0.   1.   0.   0.
   0.   0.   0.   1.   0.   0.   0.   1.   0.   0.   0.   0.   0.   1.
   0.   0.   0.   0.   0.   0.]
312000 loops cons: [861. 257. 120.  61.  38.  25.  18.  15.   5.   5.   6.   2.   6.   5.
   3.   2.   2.   0.   0.   0.   0.   1.   3.   0.   0.   1.   0.   0.
   0.   0.   0.   1.   0.   0.   0.   1.   0.   0.   0.   0.   0.   1.
   0.   0.   0.   0.   0.   0.]
316800 loops cons: [871. 263. 124.  63.  39.  25.  18.  15.   5.   5.   6.   2.   6.   5.
   3.   2.   2.   0.   0.   0.   0.   1.   3.   0.   0.   1.   0.   0.
   0.   0.   0.   1.   0.   0.   0.   1.   0.   0.   0.   0.   0.   1.
   0.   0.   0.   0.   0.   0.]
321600 loops cons: [882. 266. 127.  64.  39.  25.  18.  15.   5.   5.   6.   2.   6.   5.
   3.   2.   2.   0.   0.   0.   0.   1.   3.   0.   0.   1.   0.   0.
   0.   0.   0.   1.   0.   0.   0.   1.   0.   0.   0.   0.   0.   1.
   0.   0.   0.   0.   0.   0.]
326400 loops cons: [895. 270. 128.  65.  39.  25.  18.  15.   5.   5.   6.   2.   6.   5.
   3.   2.   2.   0.   0.   0.   0.   1.   3.   0.   0.   1.   0.   0.
   0.   0.   0.   1.   0.   0.   0.   1.   0.   0.   0.   0.   0.   1.
   0.   0.   0.   0.   0.   0.]
331200 loops cons: [904. 275. 129.  65.  40.  27.  18.  16.   6.   6.   6.   2.   6.   5.
   3.   2.   2.   0.   0.   0.   0.   1.   3.   0.   0.   1.   0.   0.
   0.   0.   0.   1.   0.   0.   0.   1.   0.   0.   0.   0.   0.   1.
   0.   0.   0.   0.   0.   0.]
336000 loops cons: [920. 276. 130.  65.  41.  27.  19.  18.   6.   6.   6.   2.   6.   5.
   3.   2.   2.   0.   0.   0.   0.   1.   3.   0.   0.   1.   0.   0.
   0.   0.   0.   1.   0.   0.   0.   1.   0.   0.   0.   0.   0.   1.
   0.   0.   0.   0.   0.   0.]
340800 loops cons: [929. 283. 132.  67.  42.  29.  20.  18.   6.   6.   6.   2.   6.   5.
   3.   2.   2.   0.   0.   0.   0.   1.   3.   0.   0.   1.   0.   0.
   0.   0.   0.   1.   0.   0.   0.   1.   0.   0.   0.   0.   0.   1.
   0.   0.   0.   0.   0.   0.]
345600 loops cons: [939. 291. 134.  68.  43.  30.  20.  18.   7.   6.   6.   2.   6.   5.
   3.   2.   2.   0.   0.   0.   0.   1.   3.   0.   0.   1.   0.   0.
   0.   0.   0.   1.   0.   0.   0.   1.   0.   0.   0.   0.   0.   1.
   0.   0.   0.   0.   0.   0.]
350400 loops cons: [954. 294. 137.  68.  43.  31.  20.  18.   7.   6.   6.   2.   6.   5.
   3.   2.   2.   0.   0.   0.   0.   1.   3.   0.   0.   1.   0.   0.
   0.   0.   0.   1.   0.   0.   0.   1.   0.   0.   0.   0.   0.   1.
   0.   0.   0.   0.   0.   0.]
355200 loops cons: [968. 296. 138.  69.  46.  31.  21.  18.   7.   6.   6.   2.   6.   5.
   3.   2.   2.   0.   0.   0.   0.   1.   3.   0.   0.   1.   0.   0.
   0.   0.   0.   1.   0.   0.   0.   1.   0.   0.   0.   0.   0.   1.
   0.   0.   0.   0.   0.   0.]
360000 loops cons: [980. 298. 140.  70.  46.  31.  22.  18.   7.   6.   6.   3.   6.   5.
   3.   2.   2.   0.   0.   0.   0.   1.   3.   0.   0.   1.   0.   0.
   0.   0.   0.   1.   0.   0.   0.   1.   0.   0.   0.   0.   0.   1.
   0.   0.   0.   0.   0.   0.]
364800 loops cons: [989. 304. 142.  73.  46.  31.  22.  18.   7.   6.   6.   3.   6.   5.
   3.   2.   2.   0.   0.   0.   0.   1.   3.   0.   0.   1.   0.   0.
   0.   0.   0.   1.   0.   0.   0.   1.   0.   0.   0.   0.   0.   1.
   0.   0.   0.   0.   0.   0.]
369600 loops cons: [996. 306. 144.  74.  46.  31.  22.  18.   7.   7.   6.   3.   6.   6.
   3.   2.   2.   0.   0.   0.   0.   1.   3.   0.   0.   1.   0.   0.
   0.   0.   0.   1.   0.   0.   0.   1.   0.   0.   0.   0.   0.   1.
   0.   0.   0.   0.   0.   0.]
374400 loops cons: [1.008e+03 3.090e+02 1.460e+02 7.500e+01 4.600e+01 3.100e+01 2.200e+01
 1.900e+01 7.000e+00 7.000e+00 6.000e+00 3.000e+00 6.000e+00 6.000e+00
 3.000e+00 2.000e+00 2.000e+00 0.000e+00 0.000e+00 0.000e+00 0.000e+00
 1.000e+00 3.000e+00 0.000e+00 0.000e+00 1.000e+00 0.000e+00 0.000e+00
 0.000e+00 0.000e+00 0.000e+00 1.000e+00 0.000e+00 0.000e+00 0.000e+00
 1.000e+00 0.000e+00 0.000e+00 0.000e+00 0.000e+00 0.000e+00 1.000e+00
 0.000e+00 0.000e+00 0.000e+00 0.000e+00 0.000e+00 0.000e+00]
379200 loops cons: [1.027e+03 3.130e+02 1.490e+02 7.500e+01 4.600e+01 3.100e+01 2.300e+01
 1.900e+01 7.000e+00 7.000e+00 6.000e+00 3.000e+00 6.000e+00 6.000e+00
 3.000e+00 2.000e+00 2.000e+00 0.000e+00 0.000e+00 0.000e+00 0.000e+00
 1.000e+00 3.000e+00 0.000e+00 0.000e+00 1.000e+00 0.000e+00 0.000e+00
 0.000e+00 0.000e+00 0.000e+00 1.000e+00 0.000e+00 0.000e+00 0.000e+00
 1.000e+00 0.000e+00 0.000e+00 0.000e+00 0.000e+00 0.000e+00 1.000e+00
 0.000e+00 0.000e+00 0.000e+00 0.000e+00 0.000e+00 0.000e+00]
384000 loops cons: [1.04e+03 3.17e+02 1.50e+02 7.80e+01 4.60e+01 3.10e+01 2.40e+01 1.90e+01
 7.00e+00 7.00e+00 6.00e+00 3.00e+00 6.00e+00 6.00e+00 3.00e+00 2.00e+00
 2.00e+00 0.00e+00 0.00e+00 0.00e+00 0.00e+00 1.00e+00 3.00e+00 0.00e+00
 0.00e+00 1.00e+00 0.00e+00 0.00e+00 0.00e+00 0.00e+00 0.00e+00 1.00e+00
 0.00e+00 0.00e+00 0.00e+00 1.00e+00 0.00e+00 0.00e+00 0.00e+00 0.00e+00
 0.00e+00 1.00e+00 0.00e+00 0.00e+00 0.00e+00 0.00e+00 0.00e+00 0.00e+00]
388800 loops cons: [1.052e+03 3.220e+02 1.520e+02 7.800e+01 4.700e+01 3.100e+01 2.400e+01
 1.900e+01 7.000e+00 7.000e+00 6.000e+00 3.000e+00 6.000e+00 6.000e+00
 4.000e+00 2.000e+00 2.000e+00 0.000e+00 0.000e+00 0.000e+00 0.000e+00
 1.000e+00 3.000e+00 0.000e+00 0.000e+00 2.000e+00 0.000e+00 0.000e+00
 0.000e+00 0.000e+00 0.000e+00 1.000e+00 0.000e+00 0.000e+00 0.000e+00
 1.000e+00 0.000e+00 0.000e+00 0.000e+00 0.000e+00 0.000e+00 1.000e+00
 0.000e+00 0.000e+00 0.000e+00 0.000e+00 0.000e+00 0.000e+00]
393600 loops cons: [1.065e+03 3.250e+02 1.530e+02 7.900e+01 4.800e+01 3.100e+01 2.400e+01
 1.900e+01 8.000e+00 7.000e+00 6.000e+00 3.000e+00 6.000e+00 6.000e+00
 4.000e+00 2.000e+00 2.000e+00 0.000e+00 0.000e+00 0.000e+00 0.000e+00
 1.000e+00 3.000e+00 0.000e+00 0.000e+00 2.000e+00 0.000e+00 0.000e+00
 0.000e+00 0.000e+00 0.000e+00 1.000e+00 0.000e+00 0.000e+00 0.000e+00
 1.000e+00 0.000e+00 0.000e+00 0.000e+00 0.000e+00 0.000e+00 2.000e+00
 0.000e+00 0.000e+00 0.000e+00 0.000e+00 0.000e+00 0.000e+00]
398400 loops cons: [1.082e+03 3.300e+02 1.540e+02 7.900e+01 4.900e+01 3.100e+01 2.500e+01
 1.900e+01 8.000e+00 7.000e+00 6.000e+00 3.000e+00 6.000e+00 6.000e+00
 4.000e+00 2.000e+00 2.000e+00 0.000e+00 0.000e+00 0.000e+00 0.000e+00
 1.000e+00 3.000e+00 0.000e+00 0.000e+00 2.000e+00 0.000e+00 0.000e+00
 0.000e+00 0.000e+00 0.000e+00 1.000e+00 0.000e+00 0.000e+00 0.000e+00
 1.000e+00 0.000e+00 0.000e+00 0.000e+00 0.000e+00 0.000e+00 2.000e+00
 0.000e+00 0.000e+00 0.000e+00 0.000e+00 0.000e+00 0.000e+00]
403200 loops cons: [1.094e+03 3.360e+02 1.560e+02 8.100e+01 4.900e+01 3.100e+01 2.600e+01
 1.900e+01 8.000e+00 7.000e+00 6.000e+00 3.000e+00 6.000e+00 6.000e+00
 4.000e+00 2.000e+00 2.000e+00 1.000e+00 0.000e+00 0.000e+00 0.000e+00
 1.000e+00 3.000e+00 0.000e+00 0.000e+00 2.000e+00 0.000e+00 0.000e+00
 0.000e+00 0.000e+00 0.000e+00 1.000e+00 0.000e+00 0.000e+00 0.000e+00
 1.000e+00 0.000e+00 0.000e+00 0.000e+00 0.000e+00 0.000e+00 2.000e+00
 0.000e+00 0.000e+00 0.000e+00 0.000e+00 0.000e+00 0.000e+00]
408000 loops cons: [1.112e+03 3.440e+02 1.570e+02 8.200e+01 4.900e+01 3.100e+01 2.600e+01
 1.900e+01 8.000e+00 7.000e+00 6.000e+00 3.000e+00 6.000e+00 6.000e+00
 4.000e+00 2.000e+00 2.000e+00 1.000e+00 0.000e+00 0.000e+00 0.000e+00
 1.000e+00 4.000e+00 0.000e+00 0.000e+00 2.000e+00 0.000e+00 0.000e+00
 0.000e+00 0.000e+00 0.000e+00 1.000e+00 0.000e+00 0.000e+00 0.000e+00
 1.000e+00 0.000e+00 0.000e+00 0.000e+00 0.000e+00 0.000e+00 2.000e+00
 0.000e+00 0.000e+00 0.000e+00 0.000e+00 0.000e+00 0.000e+00]
412800 loops cons: [1.129e+03 3.490e+02 1.580e+02 8.300e+01 5.000e+01 3.100e+01 2.600e+01
 1.900e+01 8.000e+00 7.000e+00 6.000e+00 3.000e+00 7.000e+00 6.000e+00
 4.000e+00 2.000e+00 2.000e+00 1.000e+00 0.000e+00 0.000e+00 0.000e+00
 1.000e+00 4.000e+00 0.000e+00 0.000e+00 2.000e+00 0.000e+00 0.000e+00
 0.000e+00 0.000e+00 0.000e+00 1.000e+00 0.000e+00 0.000e+00 0.000e+00
 1.000e+00 0.000e+00 0.000e+00 0.000e+00 0.000e+00 0.000e+00 2.000e+00
 0.000e+00 0.000e+00 0.000e+00 0.000e+00 0.000e+00 0.000e+00]
417600 loops cons: [1.139e+03 3.570e+02 1.600e+02 8.300e+01 5.100e+01 3.100e+01 2.700e+01
 2.000e+01 8.000e+00 7.000e+00 6.000e+00 3.000e+00 8.000e+00 6.000e+00
 4.000e+00 2.000e+00 2.000e+00 1.000e+00 0.000e+00 0.000e+00 0.000e+00
 1.000e+00 4.000e+00 0.000e+00 0.000e+00 2.000e+00 0.000e+00 0.000e+00
 0.000e+00 0.000e+00 0.000e+00 1.000e+00 0.000e+00 0.000e+00 0.000e+00
 1.000e+00 0.000e+00 0.000e+00 0.000e+00 0.000e+00 0.000e+00 2.000e+00
 0.000e+00 0.000e+00 0.000e+00 0.000e+00 0.000e+00 0.000e+00]
422400 loops cons: [1.15e+03 3.58e+02 1.60e+02 8.50e+01 5.10e+01 3.20e+01 2.80e+01 2.00e+01
 9.00e+00 7.00e+00 6.00e+00 3.00e+00 9.00e+00 6.00e+00 4.00e+00 2.00e+00
 2.00e+00 1.00e+00 0.00e+00 0.00e+00 0.00e+00 1.00e+00 4.00e+00 0.00e+00
 0.00e+00 2.00e+00 0.00e+00 0.00e+00 0.00e+00 0.00e+00 0.00e+00 1.00e+00
 0.00e+00 0.00e+00 0.00e+00 1.00e+00 0.00e+00 0.00e+00 0.00e+00 0.00e+00
 0.00e+00 2.00e+00 0.00e+00 0.00e+00 0.00e+00 0.00e+00 0.00e+00 0.00e+00]
427200 loops cons: [1.161e+03 3.650e+02 1.600e+02 8.600e+01 5.200e+01 3.200e+01 2.900e+01
 2.000e+01 9.000e+00 7.000e+00 6.000e+00 3.000e+00 9.000e+00 6.000e+00
 4.000e+00 2.000e+00 2.000e+00 1.000e+00 0.000e+00 0.000e+00 0.000e+00
 1.000e+00 4.000e+00 0.000e+00 0.000e+00 2.000e+00 0.000e+00 0.000e+00
 0.000e+00 0.000e+00 0.000e+00 1.000e+00 0.000e+00 0.000e+00 0.000e+00
 1.000e+00 0.000e+00 0.000e+00 0.000e+00 0.000e+00 0.000e+00 2.000e+00
 0.000e+00 0.000e+00 0.000e+00 0.000e+00 0.000e+00 0.000e+00]
432000 loops cons: [1.17e+03 3.66e+02 1.62e+02 8.70e+01 5.20e+01 3.20e+01 2.90e+01 2.10e+01
 9.00e+00 7.00e+00 6.00e+00 3.00e+00 9.00e+00 6.00e+00 4.00e+00 2.00e+00
 2.00e+00 1.00e+00 0.00e+00 0.00e+00 0.00e+00 1.00e+00 4.00e+00 0.00e+00
 0.00e+00 2.00e+00 0.00e+00 0.00e+00 0.00e+00 0.00e+00 0.00e+00 1.00e+00
 0.00e+00 0.00e+00 0.00e+00 1.00e+00 0.00e+00 0.00e+00 0.00e+00 0.00e+00
 0.00e+00 2.00e+00 0.00e+00 0.00e+00 0.00e+00 0.00e+00 0.00e+00 0.00e+00]
436800 loops cons: [1.186e+03 3.700e+02 1.640e+02 8.800e+01 5.300e+01 3.200e+01 2.900e+01
 2.100e+01 9.000e+00 7.000e+00 6.000e+00 3.000e+00 1.100e+01 6.000e+00
 4.000e+00 2.000e+00 2.000e+00 1.000e+00 0.000e+00 0.000e+00 0.000e+00
 1.000e+00 4.000e+00 0.000e+00 0.000e+00 2.000e+00 0.000e+00 0.000e+00
 0.000e+00 0.000e+00 0.000e+00 1.000e+00 0.000e+00 0.000e+00 0.000e+00
 1.000e+00 0.000e+00 0.000e+00 0.000e+00 0.000e+00 0.000e+00 2.000e+00
 0.000e+00 0.000e+00 0.000e+00 0.000e+00 0.000e+00 0.000e+00]
441600 loops cons: [1.196e+03 3.740e+02 1.650e+02 9.100e+01 5.400e+01 3.200e+01 2.900e+01
 2.100e+01 1.000e+01 7.000e+00 7.000e+00 3.000e+00 1.100e+01 6.000e+00
 4.000e+00 3.000e+00 2.000e+00 1.000e+00 0.000e+00 0.000e+00 0.000e+00
 1.000e+00 4.000e+00 0.000e+00 0.000e+00 2.000e+00 0.000e+00 0.000e+00
 0.000e+00 0.000e+00 0.000e+00 1.000e+00 0.000e+00 0.000e+00 0.000e+00
 1.000e+00 0.000e+00 0.000e+00 0.000e+00 0.000e+00 0.000e+00 2.000e+00
 0.000e+00 0.000e+00 0.000e+00 0.000e+00 0.000e+00 0.000e+00]
446400 loops cons: [1.206e+03 3.770e+02 1.660e+02 9.300e+01 5.500e+01 3.200e+01 2.900e+01
 2.100e+01 1.000e+01 7.000e+00 7.000e+00 4.000e+00 1.100e+01 6.000e+00
 4.000e+00 3.000e+00 2.000e+00 1.000e+00 0.000e+00 0.000e+00 0.000e+00
 1.000e+00 4.000e+00 0.000e+00 0.000e+00 2.000e+00 0.000e+00 0.000e+00
 0.000e+00 0.000e+00 0.000e+00 1.000e+00 0.000e+00 0.000e+00 0.000e+00
 1.000e+00 0.000e+00 0.000e+00 0.000e+00 0.000e+00 0.000e+00 2.000e+00
 0.000e+00 0.000e+00 0.000e+00 0.000e+00 0.000e+00 0.000e+00]
451200 loops cons: [1.213e+03 3.830e+02 1.670e+02 9.400e+01 5.500e+01 3.200e+01 3.000e+01
 2.100e+01 1.000e+01 7.000e+00 7.000e+00 4.000e+00 1.200e+01 6.000e+00
 4.000e+00 3.000e+00 2.000e+00 1.000e+00 0.000e+00 0.000e+00 0.000e+00
 1.000e+00 4.000e+00 0.000e+00 0.000e+00 2.000e+00 0.000e+00 0.000e+00
 0.000e+00 0.000e+00 0.000e+00 1.000e+00 0.000e+00 0.000e+00 0.000e+00
 1.000e+00 0.000e+00 0.000e+00 0.000e+00 0.000e+00 0.000e+00 2.000e+00
 0.000e+00 0.000e+00 0.000e+00 0.000e+00 0.000e+00 0.000e+00]
456000 loops cons: [1.222e+03 3.890e+02 1.700e+02 9.700e+01 5.500e+01 3.200e+01 3.000e+01
 2.200e+01 1.100e+01 7.000e+00 7.000e+00 4.000e+00 1.200e+01 6.000e+00
 4.000e+00 3.000e+00 2.000e+00 1.000e+00 0.000e+00 0.000e+00 0.000e+00
 1.000e+00 4.000e+00 0.000e+00 0.000e+00 2.000e+00 0.000e+00 0.000e+00
 0.000e+00 0.000e+00 0.000e+00 1.000e+00 0.000e+00 0.000e+00 0.000e+00
 1.000e+00 0.000e+00 0.000e+00 0.000e+00 0.000e+00 0.000e+00 2.000e+00
 0.000e+00 0.000e+00 0.000e+00 0.000e+00 0.000e+00 0.000e+00]
460800 loops cons: [1.238e+03 3.950e+02 1.700e+02 9.700e+01 5.500e+01 3.200e+01 3.000e+01
 2.200e+01 1.100e+01 7.000e+00 8.000e+00 5.000e+00 1.200e+01 6.000e+00
 4.000e+00 3.000e+00 2.000e+00 1.000e+00 0.000e+00 0.000e+00 0.000e+00
 1.000e+00 4.000e+00 0.000e+00 0.000e+00 2.000e+00 0.000e+00 0.000e+00
 1.000e+00 0.000e+00 0.000e+00 1.000e+00 0.000e+00 0.000e+00 0.000e+00
 1.000e+00 0.000e+00 0.000e+00 0.000e+00 0.000e+00 0.000e+00 2.000e+00
 0.000e+00 0.000e+00 0.000e+00 0.000e+00 0.000e+00 0.000e+00]
465600 loops cons: [1.248e+03 3.950e+02 1.720e+02 9.700e+01 5.500e+01 3.200e+01 3.100e+01
 2.200e+01 1.100e+01 8.000e+00 8.000e+00 5.000e+00 1.200e+01 6.000e+00
 4.000e+00 3.000e+00 2.000e+00 1.000e+00 0.000e+00 0.000e+00 0.000e+00
 1.000e+00 4.000e+00 0.000e+00 0.000e+00 2.000e+00 0.000e+00 0.000e+00
 1.000e+00 0.000e+00 0.000e+00 1.000e+00 0.000e+00 0.000e+00 0.000e+00
 1.000e+00 0.000e+00 0.000e+00 0.000e+00 0.000e+00 0.000e+00 2.000e+00
 0.000e+00 0.000e+00 0.000e+00 0.000e+00 0.000e+00 0.000e+00]
470400 loops cons: [1.263e+03 4.000e+02 1.750e+02 9.800e+01 5.500e+01 3.200e+01 3.100e+01
 2.200e+01 1.200e+01 8.000e+00 8.000e+00 6.000e+00 1.200e+01 6.000e+00
 4.000e+00 3.000e+00 2.000e+00 1.000e+00 0.000e+00 0.000e+00 0.000e+00
 1.000e+00 4.000e+00 0.000e+00 0.000e+00 2.000e+00 0.000e+00 0.000e+00
 2.000e+00 0.000e+00 0.000e+00 1.000e+00 0.000e+00 0.000e+00 0.000e+00
 1.000e+00 0.000e+00 0.000e+00 0.000e+00 0.000e+00 0.000e+00 2.000e+00
 0.000e+00 0.000e+00 0.000e+00 0.000e+00 0.000e+00 0.000e+00]
475200 loops cons: [1.271e+03 4.020e+02 1.760e+02 9.800e+01 5.600e+01 3.200e+01 3.100e+01
 2.300e+01 1.200e+01 8.000e+00 8.000e+00 6.000e+00 1.200e+01 6.000e+00
 4.000e+00 3.000e+00 2.000e+00 2.000e+00 0.000e+00 0.000e+00 0.000e+00
 1.000e+00 4.000e+00 0.000e+00 0.000e+00 2.000e+00 0.000e+00 0.000e+00
 2.000e+00 0.000e+00 0.000e+00 1.000e+00 0.000e+00 0.000e+00 0.000e+00
 1.000e+00 0.000e+00 0.000e+00 0.000e+00 0.000e+00 0.000e+00 2.000e+00
 0.000e+00 0.000e+00 0.000e+00 0.000e+00 0.000e+00 0.000e+00]
480000 loops cons: [1.283e+03 4.070e+02 1.780e+02 9.900e+01 5.600e+01 3.200e+01 3.100e+01
 2.400e+01 1.200e+01 8.000e+00 8.000e+00 6.000e+00 1.200e+01 6.000e+00
 4.000e+00 3.000e+00 2.000e+00 2.000e+00 0.000e+00 0.000e+00 0.000e+00
 1.000e+00 4.000e+00 0.000e+00 0.000e+00 2.000e+00 0.000e+00 0.000e+00
 2.000e+00 0.000e+00 0.000e+00 1.000e+00 0.000e+00 0.000e+00 0.000e+00
 1.000e+00 0.000e+00 0.000e+00 0.000e+00 0.000e+00 0.000e+00 2.000e+00
 0.000e+00 0.000e+00 0.000e+00 0.000e+00 0.000e+00 0.000e+00]
484800 loops cons: [1.299e+03 4.100e+02 1.790e+02 1.000e+02 5.600e+01 3.200e+01 3.100e+01
 2.400e+01 1.200e+01 8.000e+00 8.000e+00 6.000e+00 1.300e+01 6.000e+00
 4.000e+00 3.000e+00 2.000e+00 2.000e+00 0.000e+00 0.000e+00 0.000e+00
 1.000e+00 4.000e+00 0.000e+00 0.000e+00 2.000e+00 0.000e+00 0.000e+00
 2.000e+00 0.000e+00 0.000e+00 1.000e+00 0.000e+00 0.000e+00 0.000e+00
 1.000e+00 0.000e+00 0.000e+00 0.000e+00 0.000e+00 0.000e+00 2.000e+00
 0.000e+00 0.000e+00 0.000e+00 0.000e+00 0.000e+00 0.000e+00]
489600 loops cons: [1.313e+03 4.130e+02 1.790e+02 1.010e+02 5.600e+01 3.300e+01 3.100e+01
 2.400e+01 1.200e+01 8.000e+00 9.000e+00 6.000e+00 1.300e+01 6.000e+00
 4.000e+00 3.000e+00 2.000e+00 2.000e+00 0.000e+00 0.000e+00 0.000e+00
 1.000e+00 4.000e+00 0.000e+00 0.000e+00 2.000e+00 0.000e+00 0.000e+00
 2.000e+00 0.000e+00 0.000e+00 1.000e+00 0.000e+00 0.000e+00 0.000e+00
 1.000e+00 0.000e+00 0.000e+00 0.000e+00 0.000e+00 0.000e+00 2.000e+00
 0.000e+00 0.000e+00 0.000e+00 0.000e+00 0.000e+00 0.000e+00]
494400 loops cons: [1.322e+03 4.170e+02 1.810e+02 1.020e+02 5.700e+01 3.300e+01 3.200e+01
 2.400e+01 1.200e+01 9.000e+00 9.000e+00 6.000e+00 1.300e+01 6.000e+00
 4.000e+00 3.000e+00 2.000e+00 2.000e+00 0.000e+00 0.000e+00 0.000e+00
 1.000e+00 4.000e+00 0.000e+00 0.000e+00 2.000e+00 0.000e+00 0.000e+00
 2.000e+00 0.000e+00 0.000e+00 1.000e+00 0.000e+00 0.000e+00 0.000e+00
 1.000e+00 0.000e+00 0.000e+00 0.000e+00 0.000e+00 0.000e+00 2.000e+00
 0.000e+00 0.000e+00 0.000e+00 0.000e+00 0.000e+00 0.000e+00]
499200 loops cons: [1.336e+03 4.210e+02 1.810e+02 1.040e+02 5.900e+01 3.300e+01 3.200e+01
 2.400e+01 1.200e+01 9.000e+00 9.000e+00 6.000e+00 1.300e+01 6.000e+00
 4.000e+00 3.000e+00 2.000e+00 2.000e+00 0.000e+00 0.000e+00 0.000e+00
 1.000e+00 4.000e+00 0.000e+00 0.000e+00 2.000e+00 0.000e+00 0.000e+00
 2.000e+00 0.000e+00 0.000e+00 1.000e+00 0.000e+00 0.000e+00 0.000e+00
 1.000e+00 0.000e+00 0.000e+00 0.000e+00 0.000e+00 0.000e+00 2.000e+00
 0.000e+00 0.000e+00 0.000e+00 0.000e+00 0.000e+00 0.000e+00]
504000 loops cons: [1.346e+03 4.240e+02 1.830e+02 1.040e+02 5.900e+01 3.400e+01 3.200e+01
 2.400e+01 1.200e+01 9.000e+00 9.000e+00 6.000e+00 1.300e+01 6.000e+00
 4.000e+00 3.000e+00 3.000e+00 2.000e+00 0.000e+00 0.000e+00 0.000e+00
 1.000e+00 4.000e+00 0.000e+00 0.000e+00 2.000e+00 0.000e+00 0.000e+00
 2.000e+00 0.000e+00 0.000e+00 1.000e+00 0.000e+00 0.000e+00 0.000e+00
 1.000e+00 0.000e+00 0.000e+00 0.000e+00 0.000e+00 0.000e+00 2.000e+00
 0.000e+00 0.000e+00 0.000e+00 0.000e+00 0.000e+00 0.000e+00]
508800 loops cons: [1.364e+03 4.310e+02 1.840e+02 1.050e+02 5.900e+01 3.600e+01 3.500e+01
 2.500e+01 1.200e+01 9.000e+00 9.000e+00 6.000e+00 1.300e+01 6.000e+00
 5.000e+00 3.000e+00 3.000e+00 2.000e+00 0.000e+00 0.000e+00 0.000e+00
 1.000e+00 4.000e+00 0.000e+00 0.000e+00 2.000e+00 0.000e+00 0.000e+00
 2.000e+00 0.000e+00 0.000e+00 1.000e+00 0.000e+00 0.000e+00 0.000e+00
 1.000e+00 0.000e+00 0.000e+00 0.000e+00 0.000e+00 0.000e+00 2.000e+00
 0.000e+00 0.000e+00 0.000e+00 0.000e+00 0.000e+00 0.000e+00]
513600 loops cons: [1.376e+03 4.330e+02 1.850e+02 1.060e+02 5.900e+01 3.600e+01 3.600e+01
 2.500e+01 1.200e+01 1.000e+01 9.000e+00 6.000e+00 1.300e+01 6.000e+00
 5.000e+00 3.000e+00 3.000e+00 2.000e+00 0.000e+00 0.000e+00 0.000e+00
 1.000e+00 4.000e+00 0.000e+00 0.000e+00 2.000e+00 0.000e+00 0.000e+00
 2.000e+00 0.000e+00 0.000e+00 1.000e+00 0.000e+00 0.000e+00 0.000e+00
 1.000e+00 0.000e+00 0.000e+00 0.000e+00 0.000e+00 0.000e+00 2.000e+00
 0.000e+00 0.000e+00 0.000e+00 0.000e+00 0.000e+00 0.000e+00]
518400 loops cons: [1.39e+03 4.37e+02 1.87e+02 1.07e+02 5.90e+01 3.70e+01 3.70e+01 2.50e+01
 1.20e+01 1.00e+01 9.00e+00 6.00e+00 1.30e+01 6.00e+00 5.00e+00 3.00e+00
 3.00e+00 2.00e+00 1.00e+00 0.00e+00 0.00e+00 1.00e+00 4.00e+00 0.00e+00
 0.00e+00 2.00e+00 0.00e+00 0.00e+00 2.00e+00 0.00e+00 0.00e+00 1.00e+00
 0.00e+00 0.00e+00 0.00e+00 1.00e+00 0.00e+00 0.00e+00 0.00e+00 0.00e+00
 0.00e+00 3.00e+00 0.00e+00 0.00e+00 0.00e+00 0.00e+00 0.00e+00 0.00e+00]
523200 loops cons: [1.401e+03 4.410e+02 1.880e+02 1.090e+02 6.000e+01 3.700e+01 3.700e+01
 2.500e+01 1.200e+01 1.000e+01 9.000e+00 6.000e+00 1.300e+01 6.000e+00
 5.000e+00 3.000e+00 3.000e+00 2.000e+00 1.000e+00 0.000e+00 0.000e+00
 1.000e+00 4.000e+00 0.000e+00 0.000e+00 2.000e+00 0.000e+00 0.000e+00
 2.000e+00 0.000e+00 0.000e+00 1.000e+00 0.000e+00 0.000e+00 0.000e+00
 1.000e+00 0.000e+00 0.000e+00 0.000e+00 0.000e+00 0.000e+00 3.000e+00
 0.000e+00 0.000e+00 0.000e+00 0.000e+00 0.000e+00 0.000e+00]
528000 loops cons: [1.411e+03 4.430e+02 1.900e+02 1.110e+02 6.000e+01 3.700e+01 3.700e+01
 2.500e+01 1.200e+01 1.000e+01 9.000e+00 6.000e+00 1.400e+01 6.000e+00
 5.000e+00 3.000e+00 3.000e+00 2.000e+00 1.000e+00 0.000e+00 0.000e+00
 1.000e+00 4.000e+00 0.000e+00 0.000e+00 2.000e+00 0.000e+00 0.000e+00
 2.000e+00 0.000e+00 0.000e+00 1.000e+00 0.000e+00 0.000e+00 0.000e+00
 1.000e+00 0.000e+00 0.000e+00 0.000e+00 0.000e+00 0.000e+00 3.000e+00
 0.000e+00 0.000e+00 0.000e+00 0.000e+00 0.000e+00 0.000e+00]
532800 loops cons: [1.427e+03 4.480e+02 1.910e+02 1.130e+02 6.000e+01 3.700e+01 3.700e+01
 2.500e+01 1.200e+01 1.000e+01 9.000e+00 6.000e+00 1.400e+01 6.000e+00
 5.000e+00 3.000e+00 3.000e+00 2.000e+00 1.000e+00 0.000e+00 0.000e+00
 1.000e+00 4.000e+00 0.000e+00 0.000e+00 2.000e+00 0.000e+00 0.000e+00
 2.000e+00 0.000e+00 0.000e+00 1.000e+00 0.000e+00 0.000e+00 0.000e+00
 1.000e+00 0.000e+00 0.000e+00 0.000e+00 0.000e+00 0.000e+00 3.000e+00
 0.000e+00 0.000e+00 0.000e+00 0.000e+00 0.000e+00 0.000e+00]
537600 loops cons: [1.438e+03 4.510e+02 1.920e+02 1.130e+02 6.000e+01 3.700e+01 3.700e+01
 2.500e+01 1.200e+01 1.000e+01 9.000e+00 6.000e+00 1.400e+01 6.000e+00
 5.000e+00 4.000e+00 3.000e+00 2.000e+00 1.000e+00 0.000e+00 0.000e+00
 1.000e+00 4.000e+00 0.000e+00 0.000e+00 2.000e+00 0.000e+00 0.000e+00
 2.000e+00 0.000e+00 0.000e+00 1.000e+00 0.000e+00 0.000e+00 0.000e+00
 1.000e+00 0.000e+00 0.000e+00 0.000e+00 0.000e+00 0.000e+00 3.000e+00
 0.000e+00 0.000e+00 0.000e+00 0.000e+00 0.000e+00 0.000e+00]
542400 loops cons: [1.455e+03 4.570e+02 1.920e+02 1.130e+02 6.100e+01 3.700e+01 3.700e+01
 2.500e+01 1.200e+01 1.000e+01 9.000e+00 6.000e+00 1.400e+01 6.000e+00
 5.000e+00 4.000e+00 3.000e+00 2.000e+00 1.000e+00 0.000e+00 0.000e+00
 1.000e+00 4.000e+00 0.000e+00 0.000e+00 2.000e+00 0.000e+00 0.000e+00
 2.000e+00 0.000e+00 0.000e+00 1.000e+00 0.000e+00 0.000e+00 0.000e+00
 1.000e+00 0.000e+00 0.000e+00 0.000e+00 0.000e+00 0.000e+00 3.000e+00
 0.000e+00 0.000e+00 0.000e+00 0.000e+00 0.000e+00 0.000e+00]
547200 loops cons: [1.473e+03 4.610e+02 1.940e+02 1.140e+02 6.200e+01 3.700e+01 3.900e+01
 2.500e+01 1.200e+01 1.000e+01 9.000e+00 7.000e+00 1.500e+01 6.000e+00
 5.000e+00 4.000e+00 3.000e+00 2.000e+00 1.000e+00 0.000e+00 0.000e+00
 1.000e+00 4.000e+00 0.000e+00 0.000e+00 2.000e+00 0.000e+00 0.000e+00
 2.000e+00 0.000e+00 0.000e+00 1.000e+00 0.000e+00 0.000e+00 0.000e+00
 1.000e+00 0.000e+00 0.000e+00 0.000e+00 0.000e+00 0.000e+00 3.000e+00
 0.000e+00 0.000e+00 0.000e+00 0.000e+00 0.000e+00 0.000e+00]
552000 loops cons: [1.489e+03 4.630e+02 1.980e+02 1.150e+02 6.200e+01 3.700e+01 3.900e+01
 2.500e+01 1.300e+01 1.000e+01 9.000e+00 7.000e+00 1.500e+01 6.000e+00
 5.000e+00 4.000e+00 3.000e+00 2.000e+00 1.000e+00 0.000e+00 0.000e+00
 1.000e+00 4.000e+00 0.000e+00 0.000e+00 2.000e+00 0.000e+00 0.000e+00
 2.000e+00 0.000e+00 0.000e+00 1.000e+00 0.000e+00 0.000e+00 0.000e+00
 1.000e+00 0.000e+00 0.000e+00 0.000e+00 0.000e+00 0.000e+00 3.000e+00
 0.000e+00 0.000e+00 0.000e+00 0.000e+00 0.000e+00 0.000e+00]
556800 loops cons: [1.496e+03 4.690e+02 2.000e+02 1.170e+02 6.200e+01 3.700e+01 3.900e+01
 2.500e+01 1.300e+01 1.000e+01 9.000e+00 7.000e+00 1.500e+01 6.000e+00
 5.000e+00 4.000e+00 3.000e+00 2.000e+00 1.000e+00 0.000e+00 0.000e+00
 1.000e+00 4.000e+00 0.000e+00 0.000e+00 2.000e+00 0.000e+00 0.000e+00
 2.000e+00 0.000e+00 0.000e+00 1.000e+00 0.000e+00 0.000e+00 0.000e+00
 1.000e+00 0.000e+00 0.000e+00 0.000e+00 0.000e+00 0.000e+00 3.000e+00
 0.000e+00 0.000e+00 0.000e+00 0.000e+00 0.000e+00 0.000e+00]
561600 loops cons: [1.513e+03 4.720e+02 2.010e+02 1.170e+02 6.200e+01 3.700e+01 3.900e+01
 2.600e+01 1.300e+01 1.000e+01 9.000e+00 7.000e+00 1.500e+01 6.000e+00
 5.000e+00 4.000e+00 3.000e+00 2.000e+00 1.000e+00 0.000e+00 0.000e+00
 1.000e+00 4.000e+00 0.000e+00 0.000e+00 2.000e+00 0.000e+00 0.000e+00
 2.000e+00 0.000e+00 0.000e+00 1.000e+00 0.000e+00 0.000e+00 0.000e+00
 1.000e+00 0.000e+00 0.000e+00 0.000e+00 0.000e+00 0.000e+00 3.000e+00
 0.000e+00 0.000e+00 0.000e+00 0.000e+00 0.000e+00 0.000e+00]
566400 loops cons: [1.523e+03 4.760e+02 2.010e+02 1.180e+02 6.200e+01 3.700e+01 3.900e+01
 2.600e+01 1.300e+01 1.000e+01 9.000e+00 7.000e+00 1.500e+01 6.000e+00
 5.000e+00 4.000e+00 3.000e+00 2.000e+00 1.000e+00 0.000e+00 0.000e+00
 1.000e+00 4.000e+00 0.000e+00 0.000e+00 2.000e+00 0.000e+00 0.000e+00
 2.000e+00 0.000e+00 0.000e+00 1.000e+00 0.000e+00 0.000e+00 0.000e+00
 1.000e+00 0.000e+00 0.000e+00 0.000e+00 0.000e+00 0.000e+00 3.000e+00
 0.000e+00 0.000e+00 0.000e+00 0.000e+00 0.000e+00 0.000e+00]
571200 loops cons: [1.541e+03 4.840e+02 2.020e+02 1.210e+02 6.200e+01 3.700e+01 3.900e+01
 2.600e+01 1.300e+01 1.000e+01 9.000e+00 7.000e+00 1.500e+01 6.000e+00
 5.000e+00 4.000e+00 3.000e+00 2.000e+00 1.000e+00 0.000e+00 0.000e+00
 1.000e+00 4.000e+00 0.000e+00 0.000e+00 2.000e+00 0.000e+00 0.000e+00
 2.000e+00 0.000e+00 0.000e+00 1.000e+00 0.000e+00 0.000e+00 0.000e+00
 1.000e+00 0.000e+00 0.000e+00 0.000e+00 0.000e+00 0.000e+00 3.000e+00
 0.000e+00 0.000e+00 0.000e+00 0.000e+00 0.000e+00 0.000e+00]
576000 loops cons: [1.55e+03 4.87e+02 2.02e+02 1.21e+02 6.20e+01 3.70e+01 4.00e+01 2.60e+01
 1.30e+01 1.00e+01 9.00e+00 7.00e+00 1.50e+01 6.00e+00 5.00e+00 4.00e+00
 3.00e+00 2.00e+00 1.00e+00 0.00e+00 0.00e+00 1.00e+00 4.00e+00 0.00e+00
 0.00e+00 3.00e+00 0.00e+00 0.00e+00 2.00e+00 0.00e+00 0.00e+00 1.00e+00
 0.00e+00 0.00e+00 0.00e+00 1.00e+00 0.00e+00 0.00e+00 0.00e+00 0.00e+00
 0.00e+00 3.00e+00 0.00e+00 0.00e+00 0.00e+00 0.00e+00 0.00e+00 0.00e+00]
580800 loops cons: [1.566e+03 4.910e+02 2.060e+02 1.220e+02 6.400e+01 3.700e+01 4.000e+01
 2.600e+01 1.300e+01 1.000e+01 9.000e+00 7.000e+00 1.500e+01 6.000e+00
 5.000e+00 4.000e+00 3.000e+00 2.000e+00 1.000e+00 0.000e+00 0.000e+00
 1.000e+00 4.000e+00 0.000e+00 0.000e+00 3.000e+00 0.000e+00 0.000e+00
 2.000e+00 0.000e+00 0.000e+00 1.000e+00 0.000e+00 0.000e+00 0.000e+00
 1.000e+00 0.000e+00 0.000e+00 0.000e+00 0.000e+00 0.000e+00 3.000e+00
 0.000e+00 0.000e+00 0.000e+00 0.000e+00 0.000e+00 0.000e+00]
585600 loops cons: [1.581e+03 4.950e+02 2.080e+02 1.230e+02 6.400e+01 3.700e+01 4.000e+01
 2.700e+01 1.300e+01 1.000e+01 9.000e+00 7.000e+00 1.500e+01 6.000e+00
 5.000e+00 4.000e+00 3.000e+00 2.000e+00 1.000e+00 0.000e+00 0.000e+00
 1.000e+00 4.000e+00 0.000e+00 0.000e+00 3.000e+00 0.000e+00 0.000e+00
 2.000e+00 0.000e+00 0.000e+00 1.000e+00 0.000e+00 0.000e+00 0.000e+00
 1.000e+00 0.000e+00 0.000e+00 0.000e+00 0.000e+00 0.000e+00 3.000e+00
 0.000e+00 0.000e+00 0.000e+00 0.000e+00 0.000e+00 0.000e+00]
590400 loops cons: [1.593e+03 5.000e+02 2.110e+02 1.230e+02 6.500e+01 3.700e+01 4.000e+01
 2.700e+01 1.300e+01 1.000e+01 9.000e+00 7.000e+00 1.500e+01 6.000e+00
 5.000e+00 4.000e+00 3.000e+00 2.000e+00 1.000e+00 0.000e+00 0.000e+00
 1.000e+00 4.000e+00 0.000e+00 0.000e+00 3.000e+00 0.000e+00 0.000e+00
 2.000e+00 0.000e+00 0.000e+00 1.000e+00 0.000e+00 0.000e+00 0.000e+00
 1.000e+00 0.000e+00 0.000e+00 0.000e+00 0.000e+00 0.000e+00 3.000e+00
 0.000e+00 0.000e+00 0.000e+00 0.000e+00 0.000e+00 0.000e+00]
595200 loops cons: [1.61e+03 5.03e+02 2.13e+02 1.23e+02 6.50e+01 3.70e+01 4.00e+01 2.70e+01
 1.30e+01 1.00e+01 9.00e+00 7.00e+00 1.60e+01 6.00e+00 5.00e+00 4.00e+00
 3.00e+00 2.00e+00 1.00e+00 0.00e+00 0.00e+00 1.00e+00 4.00e+00 0.00e+00
 0.00e+00 3.00e+00 0.00e+00 0.00e+00 2.00e+00 0.00e+00 0.00e+00 1.00e+00
 0.00e+00 0.00e+00 0.00e+00 1.00e+00 0.00e+00 0.00e+00 0.00e+00 0.00e+00
 0.00e+00 3.00e+00 0.00e+00 0.00e+00 0.00e+00 0.00e+00 0.00e+00 0.00e+00]
600000 loops cons: [1.622e+03 5.090e+02 2.180e+02 1.250e+02 6.500e+01 3.700e+01 4.100e+01
 2.700e+01 1.300e+01 1.000e+01 9.000e+00 7.000e+00 1.600e+01 6.000e+00
 5.000e+00 4.000e+00 3.000e+00 2.000e+00 1.000e+00 0.000e+00 0.000e+00
 1.000e+00 4.000e+00 0.000e+00 0.000e+00 3.000e+00 0.000e+00 0.000e+00
 2.000e+00 0.000e+00 0.000e+00 1.000e+00 0.000e+00 0.000e+00 0.000e+00
 1.000e+00 0.000e+00 0.000e+00 0.000e+00 0.000e+00 0.000e+00 3.000e+00
 0.000e+00 0.000e+00 0.000e+00 0.000e+00 0.000e+00 0.000e+00]
604800 loops cons: [1.633e+03 5.120e+02 2.190e+02 1.250e+02 6.500e+01 3.800e+01 4.200e+01
 2.700e+01 1.300e+01 1.000e+01 1.000e+01 7.000e+00 1.600e+01 6.000e+00
 5.000e+00 4.000e+00 3.000e+00 2.000e+00 1.000e+00 0.000e+00 0.000e+00
 1.000e+00 4.000e+00 0.000e+00 0.000e+00 3.000e+00 0.000e+00 0.000e+00
 2.000e+00 0.000e+00 0.000e+00 1.000e+00 0.000e+00 0.000e+00 0.000e+00
 1.000e+00 0.000e+00 0.000e+00 0.000e+00 0.000e+00 0.000e+00 3.000e+00
 0.000e+00 0.000e+00 0.000e+00 0.000e+00 0.000e+00 0.000e+00]
609600 loops cons: [1.649e+03 5.150e+02 2.210e+02 1.260e+02 6.500e+01 3.800e+01 4.300e+01
 2.700e+01 1.400e+01 1.000e+01 1.000e+01 7.000e+00 1.600e+01 6.000e+00
 5.000e+00 4.000e+00 3.000e+00 2.000e+00 1.000e+00 0.000e+00 0.000e+00
 1.000e+00 4.000e+00 0.000e+00 0.000e+00 3.000e+00 0.000e+00 0.000e+00
 2.000e+00 0.000e+00 0.000e+00 1.000e+00 0.000e+00 0.000e+00 0.000e+00
 1.000e+00 0.000e+00 0.000e+00 0.000e+00 0.000e+00 0.000e+00 3.000e+00
 0.000e+00 0.000e+00 0.000e+00 0.000e+00 0.000e+00 0.000e+00]
614400 loops cons: [1.669e+03 5.180e+02 2.250e+02 1.260e+02 6.600e+01 3.800e+01 4.300e+01
 2.700e+01 1.400e+01 1.000e+01 1.000e+01 7.000e+00 1.600e+01 6.000e+00
 5.000e+00 4.000e+00 3.000e+00 2.000e+00 1.000e+00 0.000e+00 0.000e+00
 1.000e+00 4.000e+00 0.000e+00 0.000e+00 3.000e+00 0.000e+00 0.000e+00
 2.000e+00 0.000e+00 0.000e+00 1.000e+00 0.000e+00 0.000e+00 0.000e+00
 1.000e+00 0.000e+00 0.000e+00 0.000e+00 0.000e+00 0.000e+00 3.000e+00
 0.000e+00 0.000e+00 0.000e+00 0.000e+00 0.000e+00 0.000e+00]
619200 loops cons: [1.68e+03 5.20e+02 2.29e+02 1.27e+02 6.60e+01 3.80e+01 4.30e+01 2.70e+01
 1.40e+01 1.10e+01 1.00e+01 7.00e+00 1.60e+01 6.00e+00 5.00e+00 4.00e+00
 3.00e+00 2.00e+00 1.00e+00 0.00e+00 0.00e+00 2.00e+00 4.00e+00 0.00e+00
 0.00e+00 3.00e+00 0.00e+00 0.00e+00 2.00e+00 0.00e+00 0.00e+00 1.00e+00
 0.00e+00 0.00e+00 0.00e+00 1.00e+00 0.00e+00 0.00e+00 0.00e+00 0.00e+00
 0.00e+00 3.00e+00 0.00e+00 0.00e+00 0.00e+00 0.00e+00 0.00e+00 0.00e+00]
624000 loops cons: [1.692e+03 5.260e+02 2.310e+02 1.280e+02 6.700e+01 3.800e+01 4.300e+01
 2.800e+01 1.400e+01 1.100e+01 1.000e+01 7.000e+00 1.700e+01 6.000e+00
 5.000e+00 4.000e+00 3.000e+00 2.000e+00 1.000e+00 0.000e+00 1.000e+00
 2.000e+00 4.000e+00 0.000e+00 0.000e+00 3.000e+00 0.000e+00 0.000e+00
 2.000e+00 0.000e+00 0.000e+00 1.000e+00 0.000e+00 0.000e+00 0.000e+00
 1.000e+00 0.000e+00 0.000e+00 0.000e+00 0.000e+00 0.000e+00 3.000e+00
 0.000e+00 0.000e+00 0.000e+00 0.000e+00 0.000e+00 0.000e+00]
628800 loops cons: [1.701e+03 5.310e+02 2.340e+02 1.280e+02 6.700e+01 3.900e+01 4.300e+01
 2.800e+01 1.400e+01 1.100e+01 1.000e+01 7.000e+00 1.700e+01 6.000e+00
 5.000e+00 4.000e+00 3.000e+00 2.000e+00 1.000e+00 0.000e+00 1.000e+00
 2.000e+00 4.000e+00 0.000e+00 0.000e+00 3.000e+00 0.000e+00 0.000e+00
 2.000e+00 0.000e+00 0.000e+00 1.000e+00 0.000e+00 0.000e+00 0.000e+00
 1.000e+00 0.000e+00 0.000e+00 0.000e+00 0.000e+00 0.000e+00 3.000e+00
 0.000e+00 0.000e+00 0.000e+00 0.000e+00 0.000e+00 0.000e+00]
633600 loops cons: [1.713e+03 5.350e+02 2.360e+02 1.280e+02 6.700e+01 4.000e+01 4.400e+01
 3.000e+01 1.400e+01 1.100e+01 1.000e+01 7.000e+00 1.700e+01 6.000e+00
 5.000e+00 4.000e+00 3.000e+00 2.000e+00 1.000e+00 0.000e+00 1.000e+00
 2.000e+00 4.000e+00 0.000e+00 0.000e+00 3.000e+00 0.000e+00 0.000e+00
 2.000e+00 0.000e+00 0.000e+00 1.000e+00 0.000e+00 0.000e+00 0.000e+00
 1.000e+00 0.000e+00 0.000e+00 0.000e+00 0.000e+00 0.000e+00 3.000e+00
 0.000e+00 0.000e+00 0.000e+00 0.000e+00 0.000e+00 0.000e+00]
638400 loops cons: [1.726e+03 5.410e+02 2.360e+02 1.290e+02 6.800e+01 4.000e+01 4.400e+01
 3.000e+01 1.400e+01 1.200e+01 1.000e+01 7.000e+00 1.700e+01 6.000e+00
 5.000e+00 5.000e+00 3.000e+00 2.000e+00 1.000e+00 0.000e+00 1.000e+00
 2.000e+00 4.000e+00 0.000e+00 0.000e+00 3.000e+00 0.000e+00 0.000e+00
 2.000e+00 0.000e+00 0.000e+00 1.000e+00 0.000e+00 0.000e+00 0.000e+00
 1.000e+00 0.000e+00 0.000e+00 0.000e+00 0.000e+00 0.000e+00 3.000e+00
 0.000e+00 0.000e+00 0.000e+00 0.000e+00 0.000e+00 0.000e+00]
643200 loops cons: [1.741e+03 5.420e+02 2.370e+02 1.330e+02 6.800e+01 4.100e+01 4.400e+01
 3.100e+01 1.400e+01 1.200e+01 1.000e+01 7.000e+00 1.700e+01 6.000e+00
 5.000e+00 5.000e+00 3.000e+00 2.000e+00 1.000e+00 0.000e+00 1.000e+00
 2.000e+00 4.000e+00 0.000e+00 0.000e+00 3.000e+00 0.000e+00 0.000e+00
 2.000e+00 0.000e+00 0.000e+00 1.000e+00 0.000e+00 0.000e+00 0.000e+00
 1.000e+00 0.000e+00 0.000e+00 0.000e+00 0.000e+00 0.000e+00 3.000e+00
 0.000e+00 0.000e+00 0.000e+00 0.000e+00 0.000e+00 0.000e+00]
648000 loops cons: [1.753e+03 5.470e+02 2.410e+02 1.350e+02 6.800e+01 4.200e+01 4.400e+01
 3.100e+01 1.400e+01 1.200e+01 1.000e+01 7.000e+00 1.700e+01 6.000e+00
 5.000e+00 5.000e+00 3.000e+00 2.000e+00 1.000e+00 0.000e+00 1.000e+00
 2.000e+00 4.000e+00 0.000e+00 0.000e+00 3.000e+00 0.000e+00 0.000e+00
 2.000e+00 0.000e+00 0.000e+00 1.000e+00 0.000e+00 0.000e+00 0.000e+00
 1.000e+00 0.000e+00 0.000e+00 0.000e+00 0.000e+00 0.000e+00 3.000e+00
 0.000e+00 0.000e+00 0.000e+00 0.000e+00 0.000e+00 0.000e+00]
652800 loops cons: [1.762e+03 5.520e+02 2.440e+02 1.370e+02 6.900e+01 4.300e+01 4.400e+01
 3.100e+01 1.400e+01 1.200e+01 1.000e+01 7.000e+00 1.700e+01 6.000e+00
 5.000e+00 5.000e+00 3.000e+00 2.000e+00 1.000e+00 0.000e+00 1.000e+00
 2.000e+00 4.000e+00 0.000e+00 0.000e+00 3.000e+00 0.000e+00 0.000e+00
 2.000e+00 0.000e+00 0.000e+00 1.000e+00 0.000e+00 0.000e+00 0.000e+00
 1.000e+00 0.000e+00 0.000e+00 0.000e+00 0.000e+00 0.000e+00 3.000e+00
 0.000e+00 0.000e+00 0.000e+00 0.000e+00 0.000e+00 0.000e+00]
657600 loops cons: [1.779e+03 5.560e+02 2.450e+02 1.410e+02 6.900e+01 4.400e+01 4.400e+01
 3.100e+01 1.500e+01 1.200e+01 1.000e+01 7.000e+00 1.700e+01 6.000e+00
 5.000e+00 5.000e+00 3.000e+00 2.000e+00 1.000e+00 0.000e+00 1.000e+00
 2.000e+00 4.000e+00 0.000e+00 0.000e+00 3.000e+00 1.000e+00 0.000e+00
 2.000e+00 0.000e+00 0.000e+00 1.000e+00 0.000e+00 0.000e+00 0.000e+00
 1.000e+00 0.000e+00 0.000e+00 0.000e+00 0.000e+00 0.000e+00 3.000e+00
 0.000e+00 0.000e+00 0.000e+00 0.000e+00 0.000e+00 0.000e+00]
662400 loops cons: [1.794e+03 5.600e+02 2.460e+02 1.410e+02 7.000e+01 4.400e+01 4.400e+01
 3.100e+01 1.500e+01 1.200e+01 1.000e+01 8.000e+00 1.700e+01 6.000e+00
 5.000e+00 5.000e+00 3.000e+00 2.000e+00 1.000e+00 0.000e+00 1.000e+00
 2.000e+00 4.000e+00 0.000e+00 0.000e+00 3.000e+00 1.000e+00 0.000e+00
 2.000e+00 0.000e+00 0.000e+00 1.000e+00 0.000e+00 0.000e+00 0.000e+00
 1.000e+00 0.000e+00 0.000e+00 0.000e+00 0.000e+00 0.000e+00 3.000e+00
 0.000e+00 0.000e+00 0.000e+00 0.000e+00 0.000e+00 0.000e+00]
667200 loops cons: [1.805e+03 5.630e+02 2.470e+02 1.430e+02 7.000e+01 4.400e+01 4.400e+01
 3.100e+01 1.500e+01 1.200e+01 1.000e+01 8.000e+00 1.700e+01 6.000e+00
 5.000e+00 5.000e+00 3.000e+00 2.000e+00 1.000e+00 0.000e+00 1.000e+00
 3.000e+00 4.000e+00 0.000e+00 0.000e+00 3.000e+00 1.000e+00 0.000e+00
 2.000e+00 0.000e+00 0.000e+00 1.000e+00 0.000e+00 0.000e+00 0.000e+00
 1.000e+00 0.000e+00 0.000e+00 0.000e+00 0.000e+00 0.000e+00 3.000e+00
 0.000e+00 0.000e+00 0.000e+00 0.000e+00 0.000e+00 0.000e+00]
672000 loops cons: [1.823e+03 5.690e+02 2.480e+02 1.440e+02 7.000e+01 4.400e+01 4.400e+01
 3.100e+01 1.500e+01 1.200e+01 1.000e+01 8.000e+00 1.700e+01 6.000e+00
 5.000e+00 5.000e+00 4.000e+00 2.000e+00 1.000e+00 0.000e+00 1.000e+00
 3.000e+00 4.000e+00 0.000e+00 0.000e+00 3.000e+00 1.000e+00 0.000e+00
 2.000e+00 0.000e+00 0.000e+00 1.000e+00 0.000e+00 0.000e+00 0.000e+00
 1.000e+00 0.000e+00 0.000e+00 0.000e+00 0.000e+00 0.000e+00 3.000e+00
 0.000e+00 0.000e+00 0.000e+00 0.000e+00 0.000e+00 0.000e+00]
676800 loops cons: [1.838e+03 5.740e+02 2.490e+02 1.450e+02 7.100e+01 4.500e+01 4.500e+01
 3.200e+01 1.500e+01 1.200e+01 1.000e+01 8.000e+00 1.700e+01 6.000e+00
 5.000e+00 5.000e+00 4.000e+00 2.000e+00 1.000e+00 0.000e+00 1.000e+00
 3.000e+00 4.000e+00 0.000e+00 0.000e+00 3.000e+00 1.000e+00 0.000e+00
 2.000e+00 0.000e+00 0.000e+00 1.000e+00 0.000e+00 0.000e+00 0.000e+00
 1.000e+00 0.000e+00 0.000e+00 0.000e+00 0.000e+00 0.000e+00 3.000e+00
 0.000e+00 0.000e+00 0.000e+00 0.000e+00 0.000e+00 0.000e+00]
681600 loops cons: [1.856e+03 5.760e+02 2.510e+02 1.460e+02 7.400e+01 4.500e+01 4.500e+01
 3.300e+01 1.500e+01 1.200e+01 1.000e+01 8.000e+00 1.800e+01 6.000e+00
 5.000e+00 5.000e+00 4.000e+00 2.000e+00 1.000e+00 0.000e+00 1.000e+00
 3.000e+00 4.000e+00 0.000e+00 0.000e+00 3.000e+00 1.000e+00 0.000e+00
 2.000e+00 0.000e+00 0.000e+00 1.000e+00 0.000e+00 0.000e+00 0.000e+00
 1.000e+00 0.000e+00 0.000e+00 0.000e+00 0.000e+00 0.000e+00 3.000e+00
 0.000e+00 0.000e+00 0.000e+00 0.000e+00 0.000e+00 0.000e+00]
686400 loops cons: [1.868e+03 5.800e+02 2.540e+02 1.460e+02 7.500e+01 4.500e+01 4.500e+01
 3.300e+01 1.500e+01 1.200e+01 1.000e+01 8.000e+00 1.800e+01 6.000e+00
 5.000e+00 5.000e+00 4.000e+00 2.000e+00 1.000e+00 0.000e+00 1.000e+00
 3.000e+00 4.000e+00 0.000e+00 1.000e+00 3.000e+00 1.000e+00 0.000e+00
 2.000e+00 0.000e+00 0.000e+00 1.000e+00 0.000e+00 0.000e+00 0.000e+00
 1.000e+00 0.000e+00 0.000e+00 0.000e+00 0.000e+00 0.000e+00 3.000e+00
 0.000e+00 1.000e+00 0.000e+00 0.000e+00 0.000e+00 0.000e+00]
691200 loops cons: [1.883e+03 5.860e+02 2.550e+02 1.490e+02 7.500e+01 4.500e+01 4.500e+01
 3.300e+01 1.500e+01 1.200e+01 1.000e+01 8.000e+00 1.900e+01 6.000e+00
 5.000e+00 5.000e+00 4.000e+00 2.000e+00 1.000e+00 0.000e+00 1.000e+00
 3.000e+00 4.000e+00 0.000e+00 1.000e+00 3.000e+00 1.000e+00 0.000e+00
 2.000e+00 1.000e+00 0.000e+00 1.000e+00 0.000e+00 0.000e+00 0.000e+00
 1.000e+00 0.000e+00 0.000e+00 0.000e+00 0.000e+00 0.000e+00 3.000e+00
 0.000e+00 1.000e+00 0.000e+00 0.000e+00 0.000e+00 0.000e+00]
696000 loops cons: [1.898e+03 5.890e+02 2.550e+02 1.510e+02 7.600e+01 4.500e+01 4.500e+01
 3.300e+01 1.500e+01 1.200e+01 1.000e+01 8.000e+00 1.900e+01 6.000e+00
 5.000e+00 5.000e+00 4.000e+00 2.000e+00 1.000e+00 1.000e+00 1.000e+00
 3.000e+00 4.000e+00 0.000e+00 1.000e+00 3.000e+00 1.000e+00 1.000e+00
 2.000e+00 1.000e+00 0.000e+00 1.000e+00 0.000e+00 0.000e+00 0.000e+00
 1.000e+00 0.000e+00 0.000e+00 0.000e+00 0.000e+00 0.000e+00 3.000e+00
 0.000e+00 1.000e+00 0.000e+00 0.000e+00 0.000e+00 0.000e+00]
700800 loops cons: [1.914e+03 5.940e+02 2.570e+02 1.510e+02 7.600e+01 4.500e+01 4.500e+01
 3.300e+01 1.600e+01 1.200e+01 1.000e+01 8.000e+00 1.900e+01 6.000e+00
 5.000e+00 5.000e+00 5.000e+00 2.000e+00 1.000e+00 2.000e+00 1.000e+00
 3.000e+00 4.000e+00 0.000e+00 1.000e+00 3.000e+00 1.000e+00 1.000e+00
 2.000e+00 1.000e+00 0.000e+00 1.000e+00 0.000e+00 0.000e+00 0.000e+00
 1.000e+00 0.000e+00 0.000e+00 0.000e+00 0.000e+00 0.000e+00 3.000e+00
 0.000e+00 1.000e+00 0.000e+00 0.000e+00 0.000e+00 0.000e+00]
705600 loops cons: [1.924e+03 6.000e+02 2.610e+02 1.520e+02 7.700e+01 4.700e+01 4.600e+01
 3.300e+01 1.600e+01 1.300e+01 1.000e+01 8.000e+00 1.900e+01 6.000e+00
 5.000e+00 5.000e+00 5.000e+00 2.000e+00 1.000e+00 2.000e+00 1.000e+00
 3.000e+00 4.000e+00 0.000e+00 1.000e+00 3.000e+00 1.000e+00 1.000e+00
 2.000e+00 1.000e+00 0.000e+00 1.000e+00 0.000e+00 0.000e+00 0.000e+00
 1.000e+00 0.000e+00 0.000e+00 0.000e+00 0.000e+00 0.000e+00 3.000e+00
 0.000e+00 1.000e+00 0.000e+00 0.000e+00 0.000e+00 0.000e+00]
710400 loops cons: [1.935e+03 6.040e+02 2.640e+02 1.540e+02 7.700e+01 4.700e+01 4.600e+01
 3.300e+01 1.600e+01 1.300e+01 1.000e+01 8.000e+00 1.900e+01 6.000e+00
 5.000e+00 5.000e+00 5.000e+00 2.000e+00 1.000e+00 2.000e+00 1.000e+00
 3.000e+00 4.000e+00 0.000e+00 1.000e+00 3.000e+00 1.000e+00 1.000e+00
 2.000e+00 1.000e+00 0.000e+00 1.000e+00 0.000e+00 0.000e+00 0.000e+00
 1.000e+00 0.000e+00 0.000e+00 0.000e+00 0.000e+00 0.000e+00 3.000e+00
 0.000e+00 1.000e+00 0.000e+00 0.000e+00 0.000e+00 0.000e+00]
715200 loops cons: [1.951e+03 6.160e+02 2.670e+02 1.560e+02 7.800e+01 4.700e+01 4.600e+01
 3.300e+01 1.600e+01 1.300e+01 1.000e+01 8.000e+00 1.900e+01 6.000e+00
 5.000e+00 5.000e+00 5.000e+00 2.000e+00 1.000e+00 2.000e+00 1.000e+00
 3.000e+00 4.000e+00 0.000e+00 1.000e+00 3.000e+00 1.000e+00 1.000e+00
 2.000e+00 1.000e+00 0.000e+00 1.000e+00 0.000e+00 0.000e+00 0.000e+00
 1.000e+00 0.000e+00 1.000e+00 0.000e+00 0.000e+00 0.000e+00 3.000e+00
 0.000e+00 1.000e+00 0.000e+00 0.000e+00 0.000e+00 0.000e+00]
720000 loops cons: [1.969e+03 6.180e+02 2.680e+02 1.580e+02 7.800e+01 4.800e+01 4.600e+01
 3.400e+01 1.600e+01 1.300e+01 1.000e+01 8.000e+00 1.900e+01 6.000e+00
 5.000e+00 5.000e+00 5.000e+00 2.000e+00 1.000e+00 2.000e+00 1.000e+00
 3.000e+00 4.000e+00 0.000e+00 1.000e+00 3.000e+00 1.000e+00 1.000e+00
 2.000e+00 1.000e+00 0.000e+00 1.000e+00 0.000e+00 0.000e+00 0.000e+00
 1.000e+00 0.000e+00 1.000e+00 0.000e+00 0.000e+00 0.000e+00 3.000e+00
 0.000e+00 1.000e+00 0.000e+00 0.000e+00 0.000e+00 0.000e+00]
724800 loops cons: [1.986e+03 6.220e+02 2.680e+02 1.590e+02 7.800e+01 4.800e+01 4.600e+01
 3.500e+01 1.600e+01 1.400e+01 1.000e+01 8.000e+00 1.900e+01 7.000e+00
 5.000e+00 5.000e+00 5.000e+00 2.000e+00 1.000e+00 2.000e+00 1.000e+00
 3.000e+00 4.000e+00 0.000e+00 1.000e+00 3.000e+00 1.000e+00 1.000e+00
 2.000e+00 1.000e+00 0.000e+00 1.000e+00 0.000e+00 0.000e+00 0.000e+00
 1.000e+00 0.000e+00 1.000e+00 0.000e+00 0.000e+00 0.000e+00 3.000e+00
 0.000e+00 1.000e+00 0.000e+00 0.000e+00 0.000e+00 0.000e+00]
729600 loops cons: [2.002e+03 6.310e+02 2.700e+02 1.590e+02 7.900e+01 4.800e+01 4.700e+01
 3.500e+01 1.600e+01 1.400e+01 1.000e+01 8.000e+00 1.900e+01 7.000e+00
 5.000e+00 5.000e+00 5.000e+00 2.000e+00 1.000e+00 2.000e+00 1.000e+00
 3.000e+00 4.000e+00 0.000e+00 1.000e+00 3.000e+00 1.000e+00 1.000e+00
 2.000e+00 1.000e+00 0.000e+00 1.000e+00 0.000e+00 0.000e+00 0.000e+00
 1.000e+00 0.000e+00 1.000e+00 0.000e+00 0.000e+00 0.000e+00 3.000e+00
 0.000e+00 1.000e+00 0.000e+00 0.000e+00 0.000e+00 0.000e+00]
734400 loops cons: [2.014e+03 6.320e+02 2.710e+02 1.590e+02 7.900e+01 4.800e+01 4.700e+01
 3.500e+01 1.600e+01 1.400e+01 1.000e+01 8.000e+00 1.900e+01 7.000e+00
 5.000e+00 5.000e+00 5.000e+00 2.000e+00 1.000e+00 2.000e+00 1.000e+00
 3.000e+00 4.000e+00 0.000e+00 1.000e+00 3.000e+00 1.000e+00 1.000e+00
 2.000e+00 1.000e+00 0.000e+00 1.000e+00 0.000e+00 0.000e+00 0.000e+00
 1.000e+00 0.000e+00 1.000e+00 0.000e+00 0.000e+00 0.000e+00 3.000e+00
 0.000e+00 1.000e+00 0.000e+00 0.000e+00 0.000e+00 0.000e+00]
739200 loops cons: [2.029e+03 6.370e+02 2.720e+02 1.590e+02 7.900e+01 4.800e+01 4.800e+01
 3.500e+01 1.600e+01 1.400e+01 1.000e+01 8.000e+00 1.900e+01 7.000e+00
 5.000e+00 5.000e+00 5.000e+00 2.000e+00 1.000e+00 2.000e+00 1.000e+00
 3.000e+00 4.000e+00 0.000e+00 1.000e+00 3.000e+00 1.000e+00 1.000e+00
 2.000e+00 1.000e+00 0.000e+00 1.000e+00 0.000e+00 0.000e+00 1.000e+00
 1.000e+00 0.000e+00 1.000e+00 0.000e+00 0.000e+00 0.000e+00 3.000e+00
 0.000e+00 1.000e+00 0.000e+00 0.000e+00 0.000e+00 0.000e+00]
744000 loops cons: [2.042e+03 6.440e+02 2.730e+02 1.600e+02 8.100e+01 4.800e+01 4.900e+01
 3.500e+01 1.600e+01 1.400e+01 1.000e+01 8.000e+00 1.900e+01 7.000e+00
 5.000e+00 5.000e+00 5.000e+00 2.000e+00 1.000e+00 2.000e+00 1.000e+00
 3.000e+00 4.000e+00 0.000e+00 1.000e+00 3.000e+00 1.000e+00 1.000e+00
 2.000e+00 1.000e+00 0.000e+00 1.000e+00 0.000e+00 0.000e+00 1.000e+00
 1.000e+00 0.000e+00 1.000e+00 0.000e+00 0.000e+00 0.000e+00 3.000e+00
 0.000e+00 1.000e+00 0.000e+00 0.000e+00 0.000e+00 0.000e+00]
748800 loops cons: [2.057e+03 6.480e+02 2.740e+02 1.620e+02 8.300e+01 4.800e+01 5.000e+01
 3.600e+01 1.600e+01 1.400e+01 1.000e+01 8.000e+00 1.900e+01 8.000e+00
 5.000e+00 5.000e+00 5.000e+00 2.000e+00 1.000e+00 2.000e+00 1.000e+00
 3.000e+00 4.000e+00 0.000e+00 1.000e+00 3.000e+00 1.000e+00 1.000e+00
 2.000e+00 1.000e+00 0.000e+00 1.000e+00 0.000e+00 0.000e+00 1.000e+00
 1.000e+00 0.000e+00 1.000e+00 0.000e+00 0.000e+00 0.000e+00 3.000e+00
 0.000e+00 1.000e+00 0.000e+00 0.000e+00 0.000e+00 0.000e+00]
753600 loops cons: [2.065e+03 6.550e+02 2.760e+02 1.640e+02 8.400e+01 4.900e+01 5.000e+01
 3.600e+01 1.600e+01 1.400e+01 1.000e+01 8.000e+00 1.900e+01 8.000e+00
 5.000e+00 5.000e+00 5.000e+00 2.000e+00 1.000e+00 2.000e+00 1.000e+00
 3.000e+00 4.000e+00 0.000e+00 1.000e+00 3.000e+00 1.000e+00 1.000e+00
 2.000e+00 1.000e+00 0.000e+00 1.000e+00 0.000e+00 0.000e+00 1.000e+00
 1.000e+00 0.000e+00 1.000e+00 0.000e+00 0.000e+00 0.000e+00 3.000e+00
 0.000e+00 1.000e+00 0.000e+00 0.000e+00 0.000e+00 0.000e+00]
758400 loops cons: [2.075e+03 6.590e+02 2.770e+02 1.640e+02 8.400e+01 4.900e+01 5.000e+01
 3.700e+01 1.600e+01 1.400e+01 1.000e+01 8.000e+00 1.900e+01 8.000e+00
 5.000e+00 5.000e+00 6.000e+00 2.000e+00 1.000e+00 2.000e+00 1.000e+00
 3.000e+00 4.000e+00 0.000e+00 1.000e+00 3.000e+00 1.000e+00 1.000e+00
 2.000e+00 1.000e+00 0.000e+00 1.000e+00 0.000e+00 0.000e+00 1.000e+00
 1.000e+00 0.000e+00 1.000e+00 0.000e+00 0.000e+00 0.000e+00 3.000e+00
 0.000e+00 1.000e+00 0.000e+00 0.000e+00 0.000e+00 0.000e+00]
763200 loops cons: [2.088e+03 6.630e+02 2.820e+02 1.660e+02 8.500e+01 4.900e+01 5.000e+01
 3.700e+01 1.700e+01 1.400e+01 1.000e+01 8.000e+00 1.900e+01 8.000e+00
 5.000e+00 5.000e+00 6.000e+00 2.000e+00 1.000e+00 2.000e+00 1.000e+00
 3.000e+00 4.000e+00 0.000e+00 1.000e+00 3.000e+00 1.000e+00 1.000e+00
 2.000e+00 2.000e+00 0.000e+00 1.000e+00 0.000e+00 0.000e+00 1.000e+00
 1.000e+00 0.000e+00 1.000e+00 0.000e+00 0.000e+00 0.000e+00 3.000e+00
 0.000e+00 1.000e+00 0.000e+00 0.000e+00 0.000e+00 0.000e+00]
768000 loops cons: [2.106e+03 6.670e+02 2.850e+02 1.680e+02 8.500e+01 4.900e+01 5.000e+01
 3.700e+01 1.700e+01 1.400e+01 1.000e+01 8.000e+00 1.900e+01 8.000e+00
 5.000e+00 5.000e+00 6.000e+00 2.000e+00 1.000e+00 2.000e+00 1.000e+00
 3.000e+00 4.000e+00 0.000e+00 1.000e+00 3.000e+00 1.000e+00 1.000e+00
 2.000e+00 2.000e+00 0.000e+00 1.000e+00 0.000e+00 0.000e+00 1.000e+00
 1.000e+00 0.000e+00 1.000e+00 0.000e+00 0.000e+00 0.000e+00 3.000e+00
 0.000e+00 1.000e+00 0.000e+00 0.000e+00 0.000e+00 0.000e+00]
772800 loops cons: [2.12e+03 6.70e+02 2.86e+02 1.69e+02 8.60e+01 5.00e+01 5.20e+01 3.80e+01
 1.70e+01 1.40e+01 1.00e+01 8.00e+00 1.90e+01 8.00e+00 5.00e+00 5.00e+00
 6.00e+00 2.00e+00 1.00e+00 2.00e+00 1.00e+00 3.00e+00 4.00e+00 0.00e+00
 1.00e+00 3.00e+00 1.00e+00 1.00e+00 2.00e+00 2.00e+00 0.00e+00 1.00e+00
 0.00e+00 0.00e+00 1.00e+00 1.00e+00 0.00e+00 1.00e+00 0.00e+00 0.00e+00
 0.00e+00 3.00e+00 0.00e+00 1.00e+00 0.00e+00 0.00e+00 0.00e+00 0.00e+00]
777600 loops cons: [2.131e+03 6.730e+02 2.870e+02 1.690e+02 8.600e+01 5.000e+01 5.300e+01
 3.800e+01 1.700e+01 1.400e+01 1.000e+01 8.000e+00 1.900e+01 8.000e+00
 5.000e+00 5.000e+00 6.000e+00 2.000e+00 1.000e+00 2.000e+00 1.000e+00
 3.000e+00 4.000e+00 0.000e+00 1.000e+00 3.000e+00 1.000e+00 1.000e+00
 2.000e+00 2.000e+00 0.000e+00 1.000e+00 0.000e+00 0.000e+00 1.000e+00
 1.000e+00 0.000e+00 1.000e+00 0.000e+00 0.000e+00 0.000e+00 3.000e+00
 0.000e+00 1.000e+00 0.000e+00 0.000e+00 0.000e+00 0.000e+00]
782400 loops cons: [2.147e+03 6.760e+02 2.880e+02 1.690e+02 8.600e+01 5.000e+01 5.400e+01
 3.800e+01 1.800e+01 1.400e+01 1.000e+01 8.000e+00 1.900e+01 8.000e+00
 5.000e+00 5.000e+00 6.000e+00 2.000e+00 1.000e+00 2.000e+00 1.000e+00
 3.000e+00 4.000e+00 0.000e+00 1.000e+00 3.000e+00 1.000e+00 1.000e+00
 2.000e+00 2.000e+00 0.000e+00 1.000e+00 0.000e+00 0.000e+00 1.000e+00
 1.000e+00 0.000e+00 1.000e+00 0.000e+00 0.000e+00 0.000e+00 3.000e+00
 0.000e+00 1.000e+00 0.000e+00 0.000e+00 0.000e+00 0.000e+00]
787200 loops cons: [2.16e+03 6.81e+02 2.94e+02 1.70e+02 8.70e+01 5.10e+01 5.40e+01 4.10e+01
 1.80e+01 1.40e+01 1.00e+01 8.00e+00 1.90e+01 8.00e+00 6.00e+00 5.00e+00
 6.00e+00 3.00e+00 1.00e+00 2.00e+00 1.00e+00 3.00e+00 4.00e+00 0.00e+00
 1.00e+00 3.00e+00 1.00e+00 1.00e+00 2.00e+00 3.00e+00 0.00e+00 1.00e+00
 0.00e+00 0.00e+00 1.00e+00 1.00e+00 0.00e+00 1.00e+00 0.00e+00 0.00e+00
 0.00e+00 3.00e+00 0.00e+00 1.00e+00 0.00e+00 0.00e+00 0.00e+00 0.00e+00]
792000 loops cons: [2.172e+03 6.880e+02 2.950e+02 1.720e+02 8.900e+01 5.100e+01 5.400e+01
 4.200e+01 1.800e+01 1.400e+01 1.000e+01 8.000e+00 1.900e+01 8.000e+00
 6.000e+00 5.000e+00 6.000e+00 3.000e+00 1.000e+00 2.000e+00 1.000e+00
 3.000e+00 4.000e+00 0.000e+00 1.000e+00 3.000e+00 1.000e+00 1.000e+00
 2.000e+00 3.000e+00 0.000e+00 1.000e+00 0.000e+00 0.000e+00 1.000e+00
 1.000e+00 0.000e+00 1.000e+00 0.000e+00 0.000e+00 0.000e+00 3.000e+00
 0.000e+00 1.000e+00 0.000e+00 0.000e+00 0.000e+00 0.000e+00]
796800 loops cons: [2.182e+03 6.950e+02 2.990e+02 1.750e+02 8.900e+01 5.100e+01 5.600e+01
 4.300e+01 1.900e+01 1.400e+01 1.000e+01 9.000e+00 1.900e+01 8.000e+00
 6.000e+00 5.000e+00 6.000e+00 3.000e+00 1.000e+00 2.000e+00 1.000e+00
 3.000e+00 4.000e+00 0.000e+00 1.000e+00 3.000e+00 1.000e+00 1.000e+00
 2.000e+00 3.000e+00 0.000e+00 1.000e+00 0.000e+00 0.000e+00 1.000e+00
 1.000e+00 0.000e+00 1.000e+00 0.000e+00 0.000e+00 0.000e+00 3.000e+00
 0.000e+00 1.000e+00 0.000e+00 0.000e+00 0.000e+00 0.000e+00]
801600 loops cons: [2.192e+03 6.990e+02 3.010e+02 1.750e+02 8.900e+01 5.100e+01 5.600e+01
 4.300e+01 1.900e+01 1.400e+01 1.000e+01 9.000e+00 1.900e+01 8.000e+00
 6.000e+00 5.000e+00 6.000e+00 3.000e+00 1.000e+00 2.000e+00 1.000e+00
 3.000e+00 4.000e+00 0.000e+00 1.000e+00 3.000e+00 1.000e+00 1.000e+00
 2.000e+00 3.000e+00 0.000e+00 1.000e+00 0.000e+00 0.000e+00 1.000e+00
 1.000e+00 0.000e+00 1.000e+00 0.000e+00 0.000e+00 0.000e+00 3.000e+00
 0.000e+00 1.000e+00 0.000e+00 0.000e+00 0.000e+00 0.000e+00]
806400 loops cons: [2.207e+03 7.010e+02 3.010e+02 1.760e+02 9.000e+01 5.100e+01 5.600e+01
 4.300e+01 2.000e+01 1.400e+01 1.000e+01 9.000e+00 2.000e+01 8.000e+00
 6.000e+00 5.000e+00 6.000e+00 3.000e+00 1.000e+00 2.000e+00 1.000e+00
 3.000e+00 4.000e+00 0.000e+00 1.000e+00 3.000e+00 1.000e+00 1.000e+00
 2.000e+00 3.000e+00 0.000e+00 2.000e+00 1.000e+00 0.000e+00 1.000e+00
 1.000e+00 0.000e+00 1.000e+00 0.000e+00 0.000e+00 0.000e+00 3.000e+00
 0.000e+00 1.000e+00 0.000e+00 0.000e+00 0.000e+00 0.000e+00]
811200 loops cons: [2.222e+03 7.050e+02 3.060e+02 1.770e+02 9.000e+01 5.200e+01 5.600e+01
 4.300e+01 2.000e+01 1.400e+01 1.000e+01 9.000e+00 2.000e+01 8.000e+00
 6.000e+00 5.000e+00 6.000e+00 3.000e+00 1.000e+00 2.000e+00 1.000e+00
 3.000e+00 4.000e+00 0.000e+00 1.000e+00 3.000e+00 1.000e+00 1.000e+00
 2.000e+00 3.000e+00 0.000e+00 2.000e+00 1.000e+00 0.000e+00 1.000e+00
 1.000e+00 0.000e+00 1.000e+00 0.000e+00 0.000e+00 0.000e+00 3.000e+00
 0.000e+00 1.000e+00 0.000e+00 0.000e+00 0.000e+00 0.000e+00]
816000 loops cons: [2.236e+03 7.100e+02 3.080e+02 1.780e+02 9.000e+01 5.200e+01 5.600e+01
 4.400e+01 2.200e+01 1.400e+01 1.000e+01 1.000e+01 2.000e+01 8.000e+00
 6.000e+00 6.000e+00 6.000e+00 3.000e+00 1.000e+00 2.000e+00 1.000e+00
 3.000e+00 4.000e+00 0.000e+00 1.000e+00 3.000e+00 1.000e+00 1.000e+00
 2.000e+00 3.000e+00 0.000e+00 2.000e+00 1.000e+00 0.000e+00 1.000e+00
 1.000e+00 0.000e+00 1.000e+00 0.000e+00 0.000e+00 0.000e+00 3.000e+00
 0.000e+00 1.000e+00 0.000e+00 0.000e+00 0.000e+00 0.000e+00]
820800 loops cons: [2.244e+03 7.130e+02 3.100e+02 1.780e+02 9.000e+01 5.200e+01 5.600e+01
 4.400e+01 2.200e+01 1.400e+01 1.000e+01 1.000e+01 2.000e+01 8.000e+00
 6.000e+00 6.000e+00 6.000e+00 3.000e+00 1.000e+00 2.000e+00 1.000e+00
 3.000e+00 4.000e+00 0.000e+00 1.000e+00 3.000e+00 1.000e+00 1.000e+00
 2.000e+00 3.000e+00 0.000e+00 2.000e+00 1.000e+00 0.000e+00 1.000e+00
 1.000e+00 0.000e+00 1.000e+00 0.000e+00 0.000e+00 0.000e+00 3.000e+00
 0.000e+00 1.000e+00 0.000e+00 0.000e+00 0.000e+00 0.000e+00]
825600 loops cons: [2.252e+03 7.210e+02 3.100e+02 1.780e+02 9.000e+01 5.200e+01 5.600e+01
 4.400e+01 2.200e+01 1.400e+01 1.000e+01 1.000e+01 2.000e+01 8.000e+00
 6.000e+00 6.000e+00 6.000e+00 3.000e+00 1.000e+00 2.000e+00 1.000e+00
 3.000e+00 4.000e+00 0.000e+00 1.000e+00 3.000e+00 1.000e+00 1.000e+00
 2.000e+00 3.000e+00 0.000e+00 2.000e+00 1.000e+00 0.000e+00 1.000e+00
 1.000e+00 0.000e+00 1.000e+00 0.000e+00 0.000e+00 0.000e+00 3.000e+00
 0.000e+00 1.000e+00 0.000e+00 0.000e+00 0.000e+00 0.000e+00]
830400 loops cons: [2.266e+03 7.250e+02 3.120e+02 1.780e+02 9.100e+01 5.200e+01 5.700e+01
 4.500e+01 2.200e+01 1.500e+01 1.100e+01 1.100e+01 2.000e+01 8.000e+00
 6.000e+00 6.000e+00 6.000e+00 3.000e+00 1.000e+00 2.000e+00 1.000e+00
 3.000e+00 4.000e+00 0.000e+00 1.000e+00 3.000e+00 1.000e+00 1.000e+00
 2.000e+00 3.000e+00 0.000e+00 2.000e+00 1.000e+00 0.000e+00 1.000e+00
 1.000e+00 0.000e+00 1.000e+00 0.000e+00 0.000e+00 0.000e+00 3.000e+00
 0.000e+00 1.000e+00 0.000e+00 0.000e+00 0.000e+00 0.000e+00]
835200 loops cons: [2.286e+03 7.270e+02 3.140e+02 1.790e+02 9.200e+01 5.200e+01 5.700e+01
 4.500e+01 2.200e+01 1.500e+01 1.100e+01 1.100e+01 2.000e+01 8.000e+00
 6.000e+00 6.000e+00 6.000e+00 3.000e+00 2.000e+00 2.000e+00 1.000e+00
 3.000e+00 4.000e+00 0.000e+00 1.000e+00 3.000e+00 1.000e+00 1.000e+00
 2.000e+00 3.000e+00 1.000e+00 2.000e+00 1.000e+00 0.000e+00 1.000e+00
 1.000e+00 0.000e+00 1.000e+00 0.000e+00 0.000e+00 0.000e+00 3.000e+00
 0.000e+00 1.000e+00 0.000e+00 0.000e+00 0.000e+00 0.000e+00]
840000 loops cons: [2.298e+03 7.280e+02 3.160e+02 1.790e+02 9.200e+01 5.300e+01 5.700e+01
 4.500e+01 2.200e+01 1.500e+01 1.100e+01 1.100e+01 2.000e+01 8.000e+00
 6.000e+00 6.000e+00 7.000e+00 3.000e+00 2.000e+00 2.000e+00 1.000e+00
 3.000e+00 4.000e+00 0.000e+00 1.000e+00 3.000e+00 1.000e+00 1.000e+00
 2.000e+00 3.000e+00 1.000e+00 2.000e+00 1.000e+00 0.000e+00 1.000e+00
 1.000e+00 0.000e+00 1.000e+00 0.000e+00 0.000e+00 0.000e+00 3.000e+00
 0.000e+00 1.000e+00 0.000e+00 0.000e+00 0.000e+00 0.000e+00]
844800 loops cons: [2.316e+03 7.350e+02 3.160e+02 1.790e+02 9.300e+01 5.300e+01 5.700e+01
 4.500e+01 2.300e+01 1.500e+01 1.100e+01 1.100e+01 2.000e+01 8.000e+00
 6.000e+00 6.000e+00 7.000e+00 3.000e+00 2.000e+00 2.000e+00 1.000e+00
 3.000e+00 4.000e+00 0.000e+00 1.000e+00 3.000e+00 1.000e+00 1.000e+00
 2.000e+00 3.000e+00 1.000e+00 2.000e+00 1.000e+00 0.000e+00 1.000e+00
 1.000e+00 0.000e+00 1.000e+00 0.000e+00 0.000e+00 0.000e+00 3.000e+00
 0.000e+00 1.000e+00 0.000e+00 0.000e+00 0.000e+00 0.000e+00]
849600 loops cons: [2.328e+03 7.410e+02 3.160e+02 1.800e+02 9.300e+01 5.400e+01 5.700e+01
 4.500e+01 2.300e+01 1.500e+01 1.100e+01 1.100e+01 2.000e+01 8.000e+00
 6.000e+00 6.000e+00 7.000e+00 3.000e+00 2.000e+00 3.000e+00 1.000e+00
 3.000e+00 4.000e+00 0.000e+00 1.000e+00 3.000e+00 2.000e+00 1.000e+00
 2.000e+00 3.000e+00 1.000e+00 2.000e+00 1.000e+00 0.000e+00 1.000e+00
 1.000e+00 0.000e+00 1.000e+00 0.000e+00 0.000e+00 0.000e+00 3.000e+00
 0.000e+00 1.000e+00 0.000e+00 0.000e+00 0.000e+00 0.000e+00]
854400 loops cons: [2.339e+03 7.430e+02 3.180e+02 1.830e+02 9.300e+01 5.500e+01 5.800e+01
 4.500e+01 2.300e+01 1.500e+01 1.100e+01 1.100e+01 2.000e+01 8.000e+00
 6.000e+00 6.000e+00 7.000e+00 3.000e+00 2.000e+00 3.000e+00 1.000e+00
 3.000e+00 4.000e+00 0.000e+00 1.000e+00 3.000e+00 2.000e+00 1.000e+00
 2.000e+00 3.000e+00 1.000e+00 2.000e+00 1.000e+00 0.000e+00 1.000e+00
 1.000e+00 0.000e+00 1.000e+00 0.000e+00 0.000e+00 0.000e+00 3.000e+00
 0.000e+00 1.000e+00 0.000e+00 0.000e+00 0.000e+00 0.000e+00]
859200 loops cons: [2.352e+03 7.470e+02 3.200e+02 1.860e+02 9.300e+01 5.500e+01 5.800e+01
 4.500e+01 2.500e+01 1.500e+01 1.100e+01 1.100e+01 2.000e+01 8.000e+00
 6.000e+00 6.000e+00 7.000e+00 3.000e+00 2.000e+00 3.000e+00 1.000e+00
 3.000e+00 4.000e+00 0.000e+00 1.000e+00 3.000e+00 2.000e+00 1.000e+00
 2.000e+00 3.000e+00 1.000e+00 2.000e+00 1.000e+00 0.000e+00 1.000e+00
 1.000e+00 0.000e+00 1.000e+00 0.000e+00 0.000e+00 0.000e+00 3.000e+00
 0.000e+00 1.000e+00 0.000e+00 0.000e+00 0.000e+00 0.000e+00]
864000 loops cons: [2.367e+03 7.520e+02 3.210e+02 1.880e+02 9.500e+01 5.500e+01 5.800e+01
 4.500e+01 2.500e+01 1.600e+01 1.200e+01 1.100e+01 2.000e+01 8.000e+00
 6.000e+00 6.000e+00 7.000e+00 3.000e+00 2.000e+00 3.000e+00 1.000e+00
 3.000e+00 4.000e+00 0.000e+00 1.000e+00 3.000e+00 2.000e+00 1.000e+00
 2.000e+00 3.000e+00 1.000e+00 2.000e+00 1.000e+00 0.000e+00 1.000e+00
 1.000e+00 0.000e+00 1.000e+00 0.000e+00 0.000e+00 0.000e+00 3.000e+00
 0.000e+00 1.000e+00 0.000e+00 0.000e+00 0.000e+00 0.000e+00]
868800 loops cons: [2.383e+03 7.550e+02 3.230e+02 1.880e+02 9.500e+01 5.500e+01 5.800e+01
 4.500e+01 2.500e+01 1.600e+01 1.300e+01 1.100e+01 2.000e+01 8.000e+00
 6.000e+00 6.000e+00 7.000e+00 3.000e+00 2.000e+00 3.000e+00 1.000e+00
 3.000e+00 4.000e+00 0.000e+00 1.000e+00 3.000e+00 2.000e+00 1.000e+00
 2.000e+00 3.000e+00 1.000e+00 2.000e+00 1.000e+00 0.000e+00 1.000e+00
 1.000e+00 0.000e+00 1.000e+00 0.000e+00 0.000e+00 0.000e+00 3.000e+00
 0.000e+00 1.000e+00 0.000e+00 0.000e+00 0.000e+00 0.000e+00]
873600 loops cons: [2.389e+03 7.590e+02 3.260e+02 1.890e+02 9.600e+01 5.500e+01 5.800e+01
 4.500e+01 2.500e+01 1.600e+01 1.300e+01 1.100e+01 2.000e+01 8.000e+00
 6.000e+00 6.000e+00 7.000e+00 3.000e+00 2.000e+00 3.000e+00 1.000e+00
 3.000e+00 4.000e+00 0.000e+00 1.000e+00 3.000e+00 2.000e+00 1.000e+00
 2.000e+00 3.000e+00 1.000e+00 2.000e+00 1.000e+00 0.000e+00 1.000e+00
 1.000e+00 0.000e+00 1.000e+00 0.000e+00 0.000e+00 0.000e+00 3.000e+00
 0.000e+00 1.000e+00 0.000e+00 0.000e+00 0.000e+00 0.000e+00]
878400 loops cons: [2.406e+03 7.630e+02 3.290e+02 1.890e+02 9.600e+01 5.500e+01 5.900e+01
 4.500e+01 2.600e+01 1.600e+01 1.300e+01 1.200e+01 2.000e+01 8.000e+00
 6.000e+00 6.000e+00 7.000e+00 3.000e+00 2.000e+00 3.000e+00 1.000e+00
 3.000e+00 4.000e+00 0.000e+00 1.000e+00 3.000e+00 2.000e+00 1.000e+00
 2.000e+00 3.000e+00 1.000e+00 2.000e+00 1.000e+00 0.000e+00 1.000e+00
 1.000e+00 0.000e+00 1.000e+00 0.000e+00 0.000e+00 0.000e+00 3.000e+00
 0.000e+00 1.000e+00 0.000e+00 0.000e+00 0.000e+00 0.000e+00]
883200 loops cons: [2.416e+03 7.660e+02 3.290e+02 1.890e+02 9.600e+01 5.500e+01 6.000e+01
 4.500e+01 2.700e+01 1.600e+01 1.300e+01 1.200e+01 2.000e+01 8.000e+00
 6.000e+00 6.000e+00 7.000e+00 3.000e+00 2.000e+00 3.000e+00 1.000e+00
 3.000e+00 4.000e+00 0.000e+00 1.000e+00 3.000e+00 2.000e+00 1.000e+00
 2.000e+00 3.000e+00 1.000e+00 2.000e+00 1.000e+00 0.000e+00 1.000e+00
 1.000e+00 0.000e+00 1.000e+00 0.000e+00 0.000e+00 0.000e+00 3.000e+00
 0.000e+00 1.000e+00 0.000e+00 0.000e+00 0.000e+00 0.000e+00]
888000 loops cons: [2.424e+03 7.690e+02 3.290e+02 1.890e+02 9.700e+01 5.500e+01 6.000e+01
 4.500e+01 2.700e+01 1.600e+01 1.300e+01 1.200e+01 2.000e+01 8.000e+00
 6.000e+00 6.000e+00 7.000e+00 3.000e+00 2.000e+00 3.000e+00 1.000e+00
 3.000e+00 4.000e+00 0.000e+00 1.000e+00 3.000e+00 2.000e+00 1.000e+00
 2.000e+00 3.000e+00 1.000e+00 2.000e+00 1.000e+00 0.000e+00 1.000e+00
 1.000e+00 0.000e+00 1.000e+00 0.000e+00 0.000e+00 0.000e+00 3.000e+00
 0.000e+00 1.000e+00 0.000e+00 0.000e+00 0.000e+00 0.000e+00]
892800 loops cons: [2.431e+03 7.700e+02 3.290e+02 1.900e+02 9.700e+01 5.500e+01 6.200e+01
 4.500e+01 2.700e+01 1.600e+01 1.300e+01 1.200e+01 2.000e+01 8.000e+00
 6.000e+00 6.000e+00 7.000e+00 3.000e+00 2.000e+00 3.000e+00 1.000e+00
 3.000e+00 4.000e+00 0.000e+00 1.000e+00 3.000e+00 2.000e+00 1.000e+00
 2.000e+00 3.000e+00 1.000e+00 2.000e+00 1.000e+00 0.000e+00 1.000e+00
 1.000e+00 0.000e+00 1.000e+00 0.000e+00 0.000e+00 0.000e+00 3.000e+00
 0.000e+00 1.000e+00 0.000e+00 0.000e+00 0.000e+00 0.000e+00]
897600 loops cons: [2.445e+03 7.780e+02 3.330e+02 1.920e+02 9.700e+01 5.500e+01 6.200e+01
 4.500e+01 2.700e+01 1.600e+01 1.300e+01 1.200e+01 2.000e+01 9.000e+00
 7.000e+00 6.000e+00 7.000e+00 3.000e+00 2.000e+00 3.000e+00 1.000e+00
 3.000e+00 4.000e+00 0.000e+00 1.000e+00 3.000e+00 2.000e+00 1.000e+00
 2.000e+00 3.000e+00 1.000e+00 2.000e+00 1.000e+00 0.000e+00 1.000e+00
 1.000e+00 0.000e+00 1.000e+00 0.000e+00 0.000e+00 0.000e+00 3.000e+00
 0.000e+00 1.000e+00 0.000e+00 0.000e+00 0.000e+00 0.000e+00]
902400 loops cons: [2.457e+03 7.790e+02 3.370e+02 1.930e+02 9.700e+01 5.500e+01 6.200e+01
 4.500e+01 2.800e+01 1.600e+01 1.300e+01 1.200e+01 2.000e+01 9.000e+00
 7.000e+00 6.000e+00 7.000e+00 3.000e+00 2.000e+00 3.000e+00 1.000e+00
 3.000e+00 4.000e+00 0.000e+00 1.000e+00 3.000e+00 2.000e+00 1.000e+00
 2.000e+00 3.000e+00 1.000e+00 2.000e+00 1.000e+00 0.000e+00 1.000e+00
 1.000e+00 0.000e+00 1.000e+00 0.000e+00 0.000e+00 0.000e+00 3.000e+00
 0.000e+00 1.000e+00 0.000e+00 0.000e+00 0.000e+00 0.000e+00]
907200 loops cons: [2.459e+03 7.850e+02 3.380e+02 1.930e+02 9.700e+01 5.500e+01 6.200e+01
 4.500e+01 2.800e+01 1.600e+01 1.300e+01 1.200e+01 2.000e+01 9.000e+00
 7.000e+00 6.000e+00 7.000e+00 3.000e+00 2.000e+00 3.000e+00 1.000e+00
 3.000e+00 4.000e+00 0.000e+00 1.000e+00 3.000e+00 2.000e+00 1.000e+00
 2.000e+00 3.000e+00 1.000e+00 2.000e+00 1.000e+00 0.000e+00 1.000e+00
 1.000e+00 0.000e+00 1.000e+00 0.000e+00 0.000e+00 0.000e+00 3.000e+00
 0.000e+00 1.000e+00 0.000e+00 0.000e+00 0.000e+00 0.000e+00]
912000 loops cons: [2.473e+03 7.910e+02 3.430e+02 1.940e+02 9.700e+01 5.600e+01 6.200e+01
 4.500e+01 2.800e+01 1.700e+01 1.300e+01 1.200e+01 2.000e+01 9.000e+00
 7.000e+00 6.000e+00 7.000e+00 3.000e+00 2.000e+00 3.000e+00 1.000e+00
 3.000e+00 4.000e+00 0.000e+00 1.000e+00 3.000e+00 2.000e+00 1.000e+00
 2.000e+00 3.000e+00 1.000e+00 2.000e+00 1.000e+00 0.000e+00 1.000e+00
 1.000e+00 0.000e+00 1.000e+00 0.000e+00 0.000e+00 0.000e+00 3.000e+00
 0.000e+00 1.000e+00 0.000e+00 0.000e+00 0.000e+00 0.000e+00]
916800 loops cons: [2.487e+03 7.980e+02 3.430e+02 1.940e+02 9.700e+01 5.700e+01 6.200e+01
 4.500e+01 2.800e+01 1.700e+01 1.300e+01 1.200e+01 2.000e+01 9.000e+00
 7.000e+00 6.000e+00 7.000e+00 3.000e+00 2.000e+00 3.000e+00 1.000e+00
 3.000e+00 4.000e+00 0.000e+00 1.000e+00 3.000e+00 2.000e+00 1.000e+00
 2.000e+00 3.000e+00 1.000e+00 2.000e+00 1.000e+00 0.000e+00 1.000e+00
 1.000e+00 0.000e+00 1.000e+00 0.000e+00 0.000e+00 0.000e+00 3.000e+00
 0.000e+00 1.000e+00 0.000e+00 0.000e+00 0.000e+00 0.000e+00]
921600 loops cons: [2.50e+03 8.03e+02 3.45e+02 1.94e+02 9.70e+01 5.80e+01 6.20e+01 4.50e+01
 2.80e+01 1.70e+01 1.30e+01 1.20e+01 2.00e+01 9.00e+00 7.00e+00 6.00e+00
 7.00e+00 3.00e+00 2.00e+00 3.00e+00 1.00e+00 3.00e+00 4.00e+00 0.00e+00
 1.00e+00 3.00e+00 2.00e+00 1.00e+00 2.00e+00 3.00e+00 1.00e+00 2.00e+00
 1.00e+00 0.00e+00 1.00e+00 1.00e+00 0.00e+00 1.00e+00 0.00e+00 0.00e+00
 0.00e+00 3.00e+00 0.00e+00 1.00e+00 0.00e+00 0.00e+00 0.00e+00 0.00e+00]
926400 loops cons: [2.515e+03 8.120e+02 3.480e+02 1.960e+02 9.700e+01 5.800e+01 6.200e+01
 4.500e+01 2.800e+01 1.700e+01 1.300e+01 1.200e+01 2.100e+01 1.000e+01
 7.000e+00 6.000e+00 7.000e+00 3.000e+00 2.000e+00 3.000e+00 2.000e+00
 3.000e+00 4.000e+00 0.000e+00 1.000e+00 3.000e+00 2.000e+00 1.000e+00
 2.000e+00 3.000e+00 1.000e+00 2.000e+00 1.000e+00 0.000e+00 1.000e+00
 1.000e+00 0.000e+00 1.000e+00 0.000e+00 0.000e+00 0.000e+00 3.000e+00
 0.000e+00 1.000e+00 0.000e+00 0.000e+00 0.000e+00 0.000e+00]
931200 loops cons: [2.528e+03 8.200e+02 3.530e+02 1.960e+02 9.700e+01 5.900e+01 6.200e+01
 4.500e+01 2.900e+01 1.700e+01 1.300e+01 1.200e+01 2.100e+01 1.000e+01
 7.000e+00 6.000e+00 7.000e+00 3.000e+00 2.000e+00 3.000e+00 2.000e+00
 3.000e+00 4.000e+00 0.000e+00 1.000e+00 3.000e+00 2.000e+00 2.000e+00
 2.000e+00 3.000e+00 1.000e+00 2.000e+00 1.000e+00 0.000e+00 1.000e+00
 1.000e+00 0.000e+00 1.000e+00 0.000e+00 0.000e+00 0.000e+00 3.000e+00
 0.000e+00 1.000e+00 0.000e+00 0.000e+00 0.000e+00 0.000e+00]
936000 loops cons: [2.541e+03 8.250e+02 3.540e+02 1.970e+02 9.700e+01 5.900e+01 6.300e+01
 4.500e+01 2.900e+01 1.700e+01 1.300e+01 1.200e+01 2.200e+01 1.000e+01
 7.000e+00 6.000e+00 7.000e+00 3.000e+00 2.000e+00 3.000e+00 2.000e+00
 3.000e+00 4.000e+00 0.000e+00 1.000e+00 3.000e+00 2.000e+00 2.000e+00
 3.000e+00 3.000e+00 1.000e+00 2.000e+00 1.000e+00 0.000e+00 1.000e+00
 1.000e+00 0.000e+00 1.000e+00 0.000e+00 0.000e+00 0.000e+00 3.000e+00
 0.000e+00 1.000e+00 0.000e+00 0.000e+00 0.000e+00 0.000e+00]
940800 loops cons: [2.559e+03 8.280e+02 3.540e+02 1.980e+02 9.700e+01 5.900e+01 6.500e+01
 4.500e+01 2.900e+01 1.700e+01 1.300e+01 1.200e+01 2.200e+01 1.000e+01
 7.000e+00 6.000e+00 7.000e+00 3.000e+00 2.000e+00 3.000e+00 2.000e+00
 3.000e+00 4.000e+00 0.000e+00 1.000e+00 3.000e+00 2.000e+00 2.000e+00
 3.000e+00 3.000e+00 1.000e+00 2.000e+00 1.000e+00 0.000e+00 1.000e+00
 1.000e+00 0.000e+00 1.000e+00 0.000e+00 0.000e+00 0.000e+00 3.000e+00
 0.000e+00 1.000e+00 0.000e+00 0.000e+00 0.000e+00 0.000e+00]
945600 loops cons: [2.574e+03 8.300e+02 3.540e+02 2.020e+02 9.800e+01 6.000e+01 6.600e+01
 4.500e+01 2.900e+01 1.700e+01 1.300e+01 1.200e+01 2.200e+01 1.000e+01
 7.000e+00 6.000e+00 7.000e+00 3.000e+00 2.000e+00 3.000e+00 2.000e+00
 3.000e+00 5.000e+00 0.000e+00 1.000e+00 3.000e+00 2.000e+00 3.000e+00
 3.000e+00 3.000e+00 1.000e+00 2.000e+00 1.000e+00 0.000e+00 1.000e+00
 1.000e+00 0.000e+00 1.000e+00 0.000e+00 0.000e+00 0.000e+00 3.000e+00
 0.000e+00 1.000e+00 0.000e+00 0.000e+00 0.000e+00 0.000e+00]
950400 loops cons: [2.594e+03 8.370e+02 3.560e+02 2.040e+02 9.800e+01 6.000e+01 6.700e+01
 4.600e+01 2.900e+01 1.700e+01 1.300e+01 1.200e+01 2.200e+01 1.000e+01
 7.000e+00 6.000e+00 7.000e+00 3.000e+00 2.000e+00 3.000e+00 2.000e+00
 3.000e+00 5.000e+00 0.000e+00 1.000e+00 3.000e+00 2.000e+00 3.000e+00
 3.000e+00 3.000e+00 1.000e+00 2.000e+00 1.000e+00 0.000e+00 1.000e+00
 1.000e+00 0.000e+00 1.000e+00 0.000e+00 0.000e+00 0.000e+00 3.000e+00
 0.000e+00 1.000e+00 0.000e+00 0.000e+00 0.000e+00 0.000e+00]
955200 loops cons: [2.609e+03 8.430e+02 3.570e+02 2.050e+02 9.800e+01 6.000e+01 6.800e+01
 4.700e+01 2.900e+01 1.700e+01 1.300e+01 1.200e+01 2.200e+01 1.000e+01
 7.000e+00 6.000e+00 7.000e+00 3.000e+00 2.000e+00 3.000e+00 2.000e+00
 3.000e+00 5.000e+00 0.000e+00 1.000e+00 3.000e+00 2.000e+00 3.000e+00
 3.000e+00 3.000e+00 1.000e+00 2.000e+00 1.000e+00 0.000e+00 1.000e+00
 1.000e+00 0.000e+00 1.000e+00 0.000e+00 0.000e+00 0.000e+00 3.000e+00
 0.000e+00 1.000e+00 0.000e+00 0.000e+00 0.000e+00 0.000e+00]
960000 loops cons: [2.619e+03 8.490e+02 3.590e+02 2.050e+02 9.800e+01 6.000e+01 6.800e+01
 4.700e+01 3.000e+01 1.700e+01 1.300e+01 1.200e+01 2.200e+01 1.000e+01
 7.000e+00 6.000e+00 7.000e+00 3.000e+00 3.000e+00 3.000e+00 2.000e+00
 3.000e+00 5.000e+00 0.000e+00 1.000e+00 3.000e+00 2.000e+00 3.000e+00
 3.000e+00 3.000e+00 1.000e+00 2.000e+00 1.000e+00 0.000e+00 1.000e+00
 1.000e+00 0.000e+00 1.000e+00 0.000e+00 0.000e+00 0.000e+00 3.000e+00
 0.000e+00 1.000e+00 0.000e+00 0.000e+00 0.000e+00 0.000e+00]
964800 loops cons: [2.626e+03 8.540e+02 3.610e+02 2.070e+02 9.800e+01 6.100e+01 6.800e+01
 4.700e+01 3.000e+01 1.700e+01 1.300e+01 1.200e+01 2.200e+01 1.000e+01
 7.000e+00 7.000e+00 7.000e+00 3.000e+00 3.000e+00 3.000e+00 2.000e+00
 3.000e+00 5.000e+00 0.000e+00 1.000e+00 3.000e+00 2.000e+00 3.000e+00
 3.000e+00 3.000e+00 1.000e+00 2.000e+00 1.000e+00 0.000e+00 1.000e+00
 1.000e+00 0.000e+00 1.000e+00 0.000e+00 0.000e+00 0.000e+00 3.000e+00
 0.000e+00 1.000e+00 0.000e+00 0.000e+00 0.000e+00 0.000e+00]
969600 loops cons: [2.64e+03 8.55e+02 3.65e+02 2.07e+02 9.80e+01 6.10e+01 6.80e+01 4.70e+01
 3.10e+01 1.70e+01 1.30e+01 1.20e+01 2.20e+01 1.00e+01 7.00e+00 7.00e+00
 7.00e+00 3.00e+00 3.00e+00 3.00e+00 2.00e+00 3.00e+00 5.00e+00 0.00e+00
 1.00e+00 3.00e+00 2.00e+00 3.00e+00 3.00e+00 3.00e+00 1.00e+00 2.00e+00
 1.00e+00 0.00e+00 1.00e+00 1.00e+00 0.00e+00 1.00e+00 0.00e+00 0.00e+00
 0.00e+00 3.00e+00 0.00e+00 1.00e+00 0.00e+00 0.00e+00 0.00e+00 0.00e+00]
974400 loops cons: [2.654e+03 8.580e+02 3.670e+02 2.080e+02 9.800e+01 6.200e+01 6.900e+01
 4.700e+01 3.100e+01 1.800e+01 1.300e+01 1.200e+01 2.200e+01 1.000e+01
 7.000e+00 7.000e+00 8.000e+00 3.000e+00 3.000e+00 3.000e+00 2.000e+00
 3.000e+00 5.000e+00 0.000e+00 1.000e+00 3.000e+00 2.000e+00 3.000e+00
 3.000e+00 3.000e+00 1.000e+00 2.000e+00 1.000e+00 0.000e+00 1.000e+00
 1.000e+00 0.000e+00 1.000e+00 0.000e+00 0.000e+00 0.000e+00 3.000e+00
 0.000e+00 1.000e+00 0.000e+00 0.000e+00 0.000e+00 0.000e+00]
979200 loops cons: [2.669e+03 8.640e+02 3.700e+02 2.090e+02 9.800e+01 6.300e+01 6.900e+01
 4.700e+01 3.100e+01 1.800e+01 1.300e+01 1.200e+01 2.200e+01 1.000e+01
 7.000e+00 7.000e+00 8.000e+00 4.000e+00 3.000e+00 3.000e+00 2.000e+00
 3.000e+00 5.000e+00 0.000e+00 1.000e+00 3.000e+00 2.000e+00 3.000e+00
 3.000e+00 3.000e+00 1.000e+00 2.000e+00 1.000e+00 0.000e+00 1.000e+00
 1.000e+00 0.000e+00 1.000e+00 0.000e+00 0.000e+00 0.000e+00 3.000e+00
 0.000e+00 1.000e+00 0.000e+00 0.000e+00 0.000e+00 0.000e+00]
984000 loops cons: [2.679e+03 8.650e+02 3.720e+02 2.130e+02 9.800e+01 6.300e+01 6.900e+01
 4.700e+01 3.100e+01 1.900e+01 1.400e+01 1.200e+01 2.200e+01 1.000e+01
 7.000e+00 7.000e+00 8.000e+00 4.000e+00 3.000e+00 3.000e+00 2.000e+00
 3.000e+00 5.000e+00 1.000e+00 1.000e+00 3.000e+00 2.000e+00 3.000e+00
 3.000e+00 3.000e+00 1.000e+00 2.000e+00 1.000e+00 0.000e+00 1.000e+00
 1.000e+00 0.000e+00 1.000e+00 0.000e+00 0.000e+00 0.000e+00 3.000e+00
 0.000e+00 1.000e+00 0.000e+00 0.000e+00 0.000e+00 0.000e+00]
988800 loops cons: [2.693e+03 8.690e+02 3.730e+02 2.150e+02 9.800e+01 6.400e+01 6.900e+01
 4.700e+01 3.100e+01 1.900e+01 1.400e+01 1.200e+01 2.200e+01 1.000e+01
 7.000e+00 7.000e+00 8.000e+00 4.000e+00 3.000e+00 3.000e+00 2.000e+00
 3.000e+00 5.000e+00 1.000e+00 1.000e+00 3.000e+00 2.000e+00 3.000e+00
 3.000e+00 3.000e+00 1.000e+00 2.000e+00 1.000e+00 0.000e+00 1.000e+00
 1.000e+00 0.000e+00 1.000e+00 0.000e+00 0.000e+00 0.000e+00 3.000e+00
 0.000e+00 1.000e+00 0.000e+00 0.000e+00 0.000e+00 0.000e+00]
993600 loops cons: [2.705e+03 8.770e+02 3.740e+02 2.160e+02 9.800e+01 6.400e+01 7.000e+01
 4.700e+01 3.100e+01 1.900e+01 1.400e+01 1.200e+01 2.200e+01 1.000e+01
 7.000e+00 7.000e+00 8.000e+00 4.000e+00 3.000e+00 3.000e+00 2.000e+00
 3.000e+00 5.000e+00 1.000e+00 1.000e+00 3.000e+00 2.000e+00 3.000e+00
 3.000e+00 3.000e+00 1.000e+00 2.000e+00 1.000e+00 0.000e+00 1.000e+00
 1.000e+00 0.000e+00 1.000e+00 0.000e+00 0.000e+00 0.000e+00 3.000e+00
 0.000e+00 1.000e+00 0.000e+00 0.000e+00 0.000e+00 0.000e+00]
998400 loops cons: [2.72e+03 8.84e+02 3.76e+02 2.17e+02 9.80e+01 6.40e+01 7.00e+01 4.70e+01
 3.10e+01 1.90e+01 1.40e+01 1.20e+01 2.20e+01 1.00e+01 7.00e+00 7.00e+00
 8.00e+00 4.00e+00 3.00e+00 3.00e+00 2.00e+00 3.00e+00 5.00e+00 1.00e+00
 1.00e+00 3.00e+00 2.00e+00 3.00e+00 3.00e+00 3.00e+00 1.00e+00 3.00e+00
 1.00e+00 0.00e+00 1.00e+00 1.00e+00 0.00e+00 1.00e+00 0.00e+00 0.00e+00
 0.00e+00 3.00e+00 0.00e+00 1.00e+00 0.00e+00 0.00e+00 0.00e+00 0.00e+00]
1003200 loops cons: [2.731e+03 8.880e+02 3.760e+02 2.180e+02 9.800e+01 6.400e+01 7.000e+01
 4.700e+01 3.100e+01 1.900e+01 1.400e+01 1.200e+01 2.200e+01 1.000e+01
 7.000e+00 7.000e+00 8.000e+00 4.000e+00 3.000e+00 3.000e+00 2.000e+00
 3.000e+00 5.000e+00 1.000e+00 1.000e+00 3.000e+00 2.000e+00 3.000e+00
 3.000e+00 3.000e+00 1.000e+00 3.000e+00 1.000e+00 0.000e+00 1.000e+00
 1.000e+00 0.000e+00 1.000e+00 0.000e+00 0.000e+00 0.000e+00 3.000e+00
 0.000e+00 1.000e+00 0.000e+00 0.000e+00 0.000e+00 0.000e+00]
1008000 loops cons: [2.739e+03 8.910e+02 3.780e+02 2.180e+02 9.800e+01 6.400e+01 7.000e+01
 4.700e+01 3.200e+01 2.000e+01 1.400e+01 1.200e+01 2.300e+01 1.000e+01
 7.000e+00 7.000e+00 8.000e+00 4.000e+00 3.000e+00 3.000e+00 2.000e+00
 3.000e+00 5.000e+00 1.000e+00 1.000e+00 3.000e+00 2.000e+00 3.000e+00
 3.000e+00 3.000e+00 1.000e+00 3.000e+00 2.000e+00 0.000e+00 1.000e+00
 1.000e+00 0.000e+00 1.000e+00 0.000e+00 0.000e+00 0.000e+00 3.000e+00
 0.000e+00 1.000e+00 0.000e+00 0.000e+00 0.000e+00 0.000e+00]
1012800 loops cons: [2.75e+03 8.92e+02 3.81e+02 2.18e+02 1.00e+02 6.50e+01 7.00e+01 4.70e+01
 3.20e+01 2.00e+01 1.40e+01 1.20e+01 2.30e+01 1.00e+01 7.00e+00 7.00e+00
 9.00e+00 4.00e+00 3.00e+00 3.00e+00 2.00e+00 3.00e+00 5.00e+00 1.00e+00
 1.00e+00 3.00e+00 2.00e+00 3.00e+00 3.00e+00 3.00e+00 1.00e+00 3.00e+00
 2.00e+00 0.00e+00 1.00e+00 1.00e+00 0.00e+00 1.00e+00 0.00e+00 0.00e+00
 0.00e+00 3.00e+00 0.00e+00 1.00e+00 0.00e+00 0.00e+00 0.00e+00 0.00e+00]
1017600 loops cons: [2.76e+03 8.97e+02 3.82e+02 2.19e+02 1.00e+02 6.50e+01 7.00e+01 4.70e+01
 3.20e+01 2.00e+01 1.40e+01 1.20e+01 2.30e+01 1.00e+01 7.00e+00 7.00e+00
 9.00e+00 4.00e+00 3.00e+00 3.00e+00 2.00e+00 3.00e+00 5.00e+00 1.00e+00
 1.00e+00 3.00e+00 2.00e+00 3.00e+00 3.00e+00 3.00e+00 1.00e+00 3.00e+00
 2.00e+00 0.00e+00 1.00e+00 1.00e+00 0.00e+00 1.00e+00 0.00e+00 0.00e+00
 0.00e+00 3.00e+00 0.00e+00 1.00e+00 0.00e+00 0.00e+00 0.00e+00 0.00e+00]
1022400 loops cons: [2.776e+03 9.010e+02 3.860e+02 2.210e+02 1.010e+02 6.700e+01 7.000e+01
 4.900e+01 3.300e+01 2.000e+01 1.500e+01 1.300e+01 2.300e+01 1.000e+01
 7.000e+00 7.000e+00 9.000e+00 4.000e+00 3.000e+00 3.000e+00 2.000e+00
 3.000e+00 5.000e+00 1.000e+00 1.000e+00 3.000e+00 2.000e+00 3.000e+00
 3.000e+00 3.000e+00 1.000e+00 3.000e+00 3.000e+00 0.000e+00 1.000e+00
 1.000e+00 0.000e+00 1.000e+00 0.000e+00 0.000e+00 0.000e+00 3.000e+00
 0.000e+00 1.000e+00 0.000e+00 0.000e+00 0.000e+00 0.000e+00]
1027200 loops cons: [2.785e+03 9.060e+02 3.860e+02 2.220e+02 1.010e+02 6.700e+01 7.000e+01
 4.900e+01 3.300e+01 2.000e+01 1.500e+01 1.300e+01 2.300e+01 1.100e+01
 7.000e+00 7.000e+00 9.000e+00 4.000e+00 3.000e+00 3.000e+00 2.000e+00
 3.000e+00 5.000e+00 1.000e+00 1.000e+00 3.000e+00 2.000e+00 3.000e+00
 3.000e+00 3.000e+00 1.000e+00 3.000e+00 3.000e+00 0.000e+00 1.000e+00
 1.000e+00 0.000e+00 1.000e+00 0.000e+00 0.000e+00 0.000e+00 3.000e+00
 0.000e+00 1.000e+00 0.000e+00 0.000e+00 0.000e+00 0.000e+00]
1032000 loops cons: [2.794e+03 9.090e+02 3.900e+02 2.220e+02 1.020e+02 6.700e+01 7.100e+01
 4.900e+01 3.300e+01 2.100e+01 1.500e+01 1.300e+01 2.300e+01 1.100e+01
 7.000e+00 8.000e+00 9.000e+00 4.000e+00 3.000e+00 3.000e+00 2.000e+00
 3.000e+00 5.000e+00 1.000e+00 1.000e+00 3.000e+00 2.000e+00 3.000e+00
 3.000e+00 3.000e+00 1.000e+00 3.000e+00 3.000e+00 0.000e+00 1.000e+00
 1.000e+00 0.000e+00 1.000e+00 0.000e+00 0.000e+00 0.000e+00 3.000e+00
 0.000e+00 1.000e+00 0.000e+00 0.000e+00 0.000e+00 0.000e+00]
1036800 loops cons: [2.805e+03 9.160e+02 3.920e+02 2.240e+02 1.020e+02 6.700e+01 7.100e+01
 5.000e+01 3.300e+01 2.100e+01 1.500e+01 1.300e+01 2.400e+01 1.100e+01
 7.000e+00 8.000e+00 9.000e+00 4.000e+00 3.000e+00 3.000e+00 2.000e+00
 3.000e+00 5.000e+00 1.000e+00 1.000e+00 3.000e+00 2.000e+00 3.000e+00
 3.000e+00 3.000e+00 1.000e+00 3.000e+00 3.000e+00 0.000e+00 1.000e+00
 1.000e+00 0.000e+00 1.000e+00 0.000e+00 0.000e+00 0.000e+00 3.000e+00
 0.000e+00 1.000e+00 0.000e+00 0.000e+00 0.000e+00 0.000e+00]
1041600 loops cons: [2.816e+03 9.190e+02 3.960e+02 2.260e+02 1.030e+02 6.700e+01 7.100e+01
 5.100e+01 3.300e+01 2.100e+01 1.500e+01 1.300e+01 2.500e+01 1.100e+01
 7.000e+00 8.000e+00 9.000e+00 5.000e+00 3.000e+00 3.000e+00 2.000e+00
 3.000e+00 5.000e+00 1.000e+00 1.000e+00 3.000e+00 2.000e+00 3.000e+00
 3.000e+00 3.000e+00 1.000e+00 3.000e+00 3.000e+00 0.000e+00 1.000e+00
 1.000e+00 0.000e+00 1.000e+00 0.000e+00 0.000e+00 0.000e+00 3.000e+00
 0.000e+00 1.000e+00 0.000e+00 0.000e+00 0.000e+00 0.000e+00]
1046400 loops cons: [2.83e+03 9.24e+02 3.97e+02 2.29e+02 1.04e+02 6.70e+01 7.20e+01 5.10e+01
 3.30e+01 2.10e+01 1.50e+01 1.30e+01 2.50e+01 1.10e+01 7.00e+00 8.00e+00
 9.00e+00 6.00e+00 3.00e+00 3.00e+00 2.00e+00 3.00e+00 5.00e+00 1.00e+00
 1.00e+00 3.00e+00 2.00e+00 3.00e+00 3.00e+00 3.00e+00 1.00e+00 3.00e+00
 3.00e+00 0.00e+00 1.00e+00 1.00e+00 0.00e+00 1.00e+00 0.00e+00 0.00e+00
 0.00e+00 3.00e+00 0.00e+00 1.00e+00 0.00e+00 0.00e+00 0.00e+00 0.00e+00]
1051200 loops cons: [2.842e+03 9.280e+02 3.990e+02 2.300e+02 1.050e+02 6.700e+01 7.200e+01
 5.200e+01 3.300e+01 2.200e+01 1.500e+01 1.400e+01 2.500e+01 1.100e+01
 7.000e+00 8.000e+00 9.000e+00 6.000e+00 3.000e+00 3.000e+00 2.000e+00
 3.000e+00 5.000e+00 1.000e+00 1.000e+00 3.000e+00 2.000e+00 3.000e+00
 3.000e+00 3.000e+00 1.000e+00 3.000e+00 3.000e+00 0.000e+00 1.000e+00
 1.000e+00 0.000e+00 1.000e+00 0.000e+00 0.000e+00 0.000e+00 3.000e+00
 0.000e+00 1.000e+00 0.000e+00 0.000e+00 0.000e+00 0.000e+00]
1056000 loops cons: [2.858e+03 9.320e+02 3.990e+02 2.310e+02 1.080e+02 6.700e+01 7.200e+01
 5.300e+01 3.300e+01 2.200e+01 1.500e+01 1.400e+01 2.500e+01 1.100e+01
 7.000e+00 8.000e+00 9.000e+00 6.000e+00 3.000e+00 3.000e+00 2.000e+00
 3.000e+00 5.000e+00 1.000e+00 1.000e+00 3.000e+00 2.000e+00 3.000e+00
 3.000e+00 3.000e+00 1.000e+00 3.000e+00 3.000e+00 0.000e+00 1.000e+00
 1.000e+00 0.000e+00 1.000e+00 0.000e+00 0.000e+00 0.000e+00 3.000e+00
 0.000e+00 1.000e+00 0.000e+00 0.000e+00 0.000e+00 0.000e+00]
1060800 loops cons: [2.871e+03 9.340e+02 4.000e+02 2.320e+02 1.080e+02 6.700e+01 7.300e+01
 5.300e+01 3.300e+01 2.200e+01 1.500e+01 1.400e+01 2.500e+01 1.100e+01
 7.000e+00 8.000e+00 9.000e+00 7.000e+00 3.000e+00 3.000e+00 2.000e+00
 3.000e+00 5.000e+00 1.000e+00 1.000e+00 3.000e+00 2.000e+00 3.000e+00
 3.000e+00 3.000e+00 1.000e+00 3.000e+00 3.000e+00 0.000e+00 1.000e+00
 1.000e+00 0.000e+00 1.000e+00 0.000e+00 0.000e+00 0.000e+00 3.000e+00
 0.000e+00 1.000e+00 0.000e+00 0.000e+00 0.000e+00 0.000e+00]
1065600 loops cons: [2.878e+03 9.360e+02 4.040e+02 2.340e+02 1.080e+02 6.700e+01 7.300e+01
 5.300e+01 3.300e+01 2.200e+01 1.500e+01 1.400e+01 2.500e+01 1.100e+01
 7.000e+00 8.000e+00 9.000e+00 7.000e+00 3.000e+00 3.000e+00 2.000e+00
 3.000e+00 5.000e+00 1.000e+00 1.000e+00 3.000e+00 2.000e+00 3.000e+00
 3.000e+00 3.000e+00 1.000e+00 3.000e+00 3.000e+00 0.000e+00 1.000e+00
 1.000e+00 0.000e+00 1.000e+00 0.000e+00 0.000e+00 0.000e+00 3.000e+00
 0.000e+00 1.000e+00 0.000e+00 0.000e+00 0.000e+00 0.000e+00]
1070400 loops cons: [2.887e+03 9.410e+02 4.050e+02 2.340e+02 1.080e+02 6.800e+01 7.300e+01
 5.300e+01 3.300e+01 2.200e+01 1.700e+01 1.400e+01 2.500e+01 1.100e+01
 7.000e+00 8.000e+00 9.000e+00 7.000e+00 3.000e+00 3.000e+00 2.000e+00
 3.000e+00 5.000e+00 1.000e+00 1.000e+00 3.000e+00 2.000e+00 3.000e+00
 3.000e+00 3.000e+00 1.000e+00 3.000e+00 3.000e+00 0.000e+00 1.000e+00
 1.000e+00 0.000e+00 1.000e+00 0.000e+00 0.000e+00 0.000e+00 3.000e+00
 0.000e+00 1.000e+00 0.000e+00 0.000e+00 0.000e+00 0.000e+00]
1075200 loops cons: [2.901e+03 9.440e+02 4.050e+02 2.360e+02 1.100e+02 6.800e+01 7.300e+01
 5.300e+01 3.300e+01 2.200e+01 1.700e+01 1.400e+01 2.500e+01 1.100e+01
 7.000e+00 8.000e+00 9.000e+00 7.000e+00 3.000e+00 3.000e+00 2.000e+00
 3.000e+00 5.000e+00 1.000e+00 1.000e+00 3.000e+00 2.000e+00 3.000e+00
 3.000e+00 3.000e+00 1.000e+00 3.000e+00 3.000e+00 0.000e+00 1.000e+00
 1.000e+00 0.000e+00 1.000e+00 0.000e+00 0.000e+00 0.000e+00 3.000e+00
 0.000e+00 1.000e+00 0.000e+00 0.000e+00 0.000e+00 0.000e+00]
1080000 loops cons: [2.911e+03 9.460e+02 4.080e+02 2.380e+02 1.100e+02 6.800e+01 7.300e+01
 5.300e+01 3.300e+01 2.200e+01 1.700e+01 1.400e+01 2.600e+01 1.100e+01
 7.000e+00 8.000e+00 1.000e+01 7.000e+00 3.000e+00 3.000e+00 2.000e+00
 3.000e+00 5.000e+00 1.000e+00 1.000e+00 3.000e+00 2.000e+00 3.000e+00
 3.000e+00 3.000e+00 1.000e+00 3.000e+00 3.000e+00 0.000e+00 1.000e+00
 1.000e+00 0.000e+00 1.000e+00 0.000e+00 0.000e+00 0.000e+00 3.000e+00
 0.000e+00 1.000e+00 0.000e+00 0.000e+00 0.000e+00 0.000e+00]
1084800 loops cons: [2.926e+03 9.510e+02 4.090e+02 2.380e+02 1.110e+02 6.800e+01 7.300e+01
 5.300e+01 3.300e+01 2.200e+01 1.700e+01 1.400e+01 2.600e+01 1.100e+01
 7.000e+00 8.000e+00 1.000e+01 7.000e+00 3.000e+00 3.000e+00 2.000e+00
 3.000e+00 5.000e+00 1.000e+00 1.000e+00 3.000e+00 2.000e+00 3.000e+00
 3.000e+00 3.000e+00 1.000e+00 3.000e+00 3.000e+00 0.000e+00 1.000e+00
 1.000e+00 0.000e+00 1.000e+00 0.000e+00 0.000e+00 0.000e+00 3.000e+00
 0.000e+00 1.000e+00 0.000e+00 0.000e+00 0.000e+00 0.000e+00]
