Starting new run concatemerization
concentration: 2
0 loops cons: [0. 0. 0. 0. 0. 0. 0. 0. 0. 0. 0. 0. 0. 0. 0. 0. 0. 0. 0. 0. 0. 0. 0. 0.
 0. 0. 0. 0. 0. 0. 0. 0. 0. 0. 0. 0. 0. 0. 0. 0. 0. 0. 0. 0. 0. 0. 0. 0.]
4800 loops cons: [15.  8.  1.  0.  1.  0.  0.  0.  0.  0.  0.  0.  0.  0.  0.  0.  0.  0.
  0.  0.  0.  0.  0.  0.  0.  0.  0.  0.  0.  0.  0.  0.  0.  0.  0.  0.
  0.  0.  0.  0.  0.  0.  0.  0.  0.  0.  0.  0.]
9600 loops cons: [26. 12.  1.  2.  1.  1.  2.  0.  0.  0.  0.  1.  0.  0.  0.  0.  0.  0.
  1.  0.  0.  0.  0.  0.  0.  0.  0.  0.  0.  0.  0.  0.  0.  0.  1.  0.
  0.  0.  0.  0.  0.  0.  0.  0.  0.  0.  0.  0.]
14400 loops cons: [41. 17.  2.  2.  1.  1.  2.  0.  0.  0.  0.  1.  0.  0.  0.  0.  0.  0.
  1.  0.  0.  0.  0.  0.  0.  0.  0.  0.  0.  0.  0.  0.  0.  0.  1.  0.
  0.  0.  0.  0.  0.  0.  0.  0.  0.  0.  0.  0.]
19200 loops cons: [57. 23.  3.  4.  2.  1.  3.  1.  0.  0.  1.  1.  0.  0.  0.  0.  0.  0.
  1.  0.  0.  0.  0.  0.  0.  0.  0.  0.  0.  0.  0.  0.  0.  0.  1.  0.
  0.  0.  0.  0.  0.  0.  0.  0.  0.  0.  0.  0.]
24000 loops cons: [70. 25.  4.  6.  2.  1.  3.  1.  1.  0.  1.  1.  0.  0.  0.  0.  0.  0.
  1.  0.  0.  0.  0.  0.  0.  0.  0.  0.  0.  0.  0.  0.  0.  0.  1.  0.
  0.  0.  0.  0.  0.  0.  0.  0.  0.  0.  0.  0.]
28800 loops cons: [81. 26.  6.  8.  3.  1.  3.  1.  1.  0.  1.  1.  0.  0.  0.  0.  0.  0.
  1.  0.  0.  0.  0.  0.  0.  0.  0.  0.  0.  0.  0.  0.  0.  0.  1.  0.
  0.  0.  0.  0.  0.  0.  0.  0.  0.  0.  0.  0.]
33600 loops cons: [89. 32.  6.  9.  4.  1.  4.  1.  1.  0.  1.  1.  0.  0.  0.  0.  0.  0.
  1.  0.  0.  1.  0.  0.  0.  0.  0.  0.  0.  0.  0.  0.  0.  0.  1.  0.
  0.  0.  0.  0.  0.  0.  0.  0.  0.  0.  0.  0.]
38400 loops cons: [114.  38.   8.   9.   4.   1.   4.   1.   1.   0.   1.   1.   0.   0.
   1.   0.   0.   0.   1.   0.   0.   1.   0.   0.   0.   0.   0.   0.
   0.   0.   0.   0.   0.   0.   1.   0.   0.   0.   0.   0.   0.   0.
   0.   0.   0.   0.   0.   0.]
43200 loops cons: [126.  43.   9.  10.   5.   1.   4.   1.   1.   0.   1.   1.   0.   0.
   1.   0.   0.   0.   1.   0.   0.   1.   0.   0.   0.   0.   0.   0.
   0.   0.   0.   0.   0.   0.   1.   0.   0.   0.   0.   0.   0.   0.
   0.   0.   0.   0.   0.   0.]
48000 loops cons: [136.  47.  13.  10.   5.   1.   4.   1.   1.   0.   2.   1.   0.   0.
   1.   0.   0.   0.   1.   0.   0.   1.   0.   0.   0.   0.   0.   0.
   0.   0.   0.   0.   0.   0.   1.   0.   0.   0.   0.   0.   0.   0.
   0.   0.   0.   0.   0.   0.]
52800 loops cons: [147.  48.  13.  10.   7.   1.   4.   2.   1.   0.   2.   1.   0.   0.
   1.   0.   0.   0.   1.   0.   0.   1.   0.   0.   0.   0.   0.   0.
   0.   0.   0.   0.   0.   0.   1.   0.   0.   0.   0.   0.   0.   0.
   0.   0.   0.   0.   0.   0.]
57600 loops cons: [165.  50.  16.  10.   8.   1.   4.   2.   2.   1.   2.   2.   0.   0.
   1.   0.   0.   0.   1.   0.   0.   1.   0.   0.   0.   0.   0.   0.
   0.   0.   0.   0.   0.   0.   1.   0.   0.   0.   0.   0.   0.   0.
   0.   0.   0.   0.   0.   0.]
62400 loops cons: [177.  53.  18.  10.   8.   1.   5.   3.   2.   1.   2.   2.   0.   0.
   1.   0.   0.   0.   1.   0.   0.   1.   0.   0.   0.   0.   0.   0.
   0.   0.   0.   0.   0.   0.   1.   0.   0.   0.   0.   0.   0.   0.
   0.   0.   0.   0.   0.   0.]
67200 loops cons: [193.  55.  21.  11.   9.   1.   5.   3.   2.   1.   2.   2.   0.   0.
   1.   0.   0.   0.   1.   0.   0.   1.   0.   0.   0.   0.   0.   0.
   0.   0.   0.   0.   0.   0.   1.   0.   0.   0.   0.   0.   0.   0.
   0.   0.   0.   0.   0.   0.]
72000 loops cons: [210.  59.  23.  12.  10.   1.   5.   4.   2.   1.   2.   2.   0.   0.
   1.   0.   0.   0.   1.   0.   0.   1.   0.   0.   0.   0.   0.   0.
   0.   0.   0.   0.   0.   0.   1.   0.   0.   0.   0.   0.   0.   0.
   0.   0.   0.   0.   0.   0.]
76800 loops cons: [223.  63.  23.  13.  10.   2.   5.   5.   2.   1.   2.   2.   0.   1.
   1.   0.   0.   0.   1.   0.   0.   1.   0.   0.   0.   0.   0.   0.
   0.   0.   0.   0.   0.   0.   1.   0.   0.   0.   0.   0.   0.   0.
   0.   0.   0.   0.   0.   0.]
81600 loops cons: [241.  63.  27.  14.  10.   2.   5.   5.   2.   1.   2.   2.   0.   1.
   1.   0.   0.   0.   1.   0.   0.   1.   0.   0.   0.   0.   0.   0.
   0.   0.   0.   0.   0.   0.   1.   0.   0.   0.   0.   0.   0.   0.
   0.   0.   0.   0.   0.   0.]
86400 loops cons: [254.  68.  30.  14.  10.   2.   5.   5.   2.   1.   2.   2.   0.   1.
   1.   0.   0.   0.   1.   0.   0.   1.   0.   0.   0.   0.   0.   0.
   0.   0.   0.   0.   0.   0.   1.   0.   0.   0.   0.   0.   0.   0.
   0.   0.   0.   0.   0.   0.]
91200 loops cons: [267.  73.  30.  16.  10.   2.   5.   6.   2.   1.   2.   2.   0.   1.
   1.   0.   0.   0.   1.   0.   0.   1.   1.   0.   0.   0.   0.   0.
   0.   0.   0.   0.   0.   0.   1.   0.   0.   0.   0.   0.   0.   0.
   0.   0.   0.   0.   0.   0.]
96000 loops cons: [289.  79.  32.  18.  12.   2.   5.   6.   2.   1.   2.   2.   0.   1.
   1.   0.   0.   0.   1.   0.   0.   1.   1.   0.   0.   0.   0.   0.
   0.   0.   0.   0.   0.   0.   1.   0.   0.   0.   0.   0.   0.   0.
   0.   0.   0.   0.   0.   0.]
100800 loops cons: [302.  84.  36.  22.  12.   3.   5.   6.   2.   1.   2.   2.   0.   1.
   1.   0.   0.   0.   1.   0.   0.   1.   1.   0.   0.   0.   0.   0.
   0.   0.   0.   0.   0.   0.   1.   0.   0.   0.   0.   0.   0.   0.
   0.   0.   0.   0.   0.   0.]
105600 loops cons: [314.  88.  36.  23.  12.   3.   5.   6.   2.   1.   3.   2.   0.   1.
   1.   0.   0.   0.   1.   0.   0.   1.   1.   0.   0.   0.   0.   0.
   0.   0.   0.   0.   0.   0.   1.   0.   0.   0.   0.   0.   0.   0.
   0.   0.   0.   0.   0.   0.]
110400 loops cons: [325.  91.  37.  24.  13.   4.   6.   6.   3.   1.   3.   2.   0.   1.
   1.   0.   0.   0.   1.   0.   0.   1.   1.   0.   0.   0.   0.   0.
   0.   0.   0.   0.   0.   0.   1.   0.   0.   0.   0.   0.   0.   0.
   0.   0.   0.   0.   0.   0.]
115200 loops cons: [338.  93.  39.  24.  13.   5.   7.   7.   4.   1.   3.   2.   0.   1.
   1.   0.   0.   0.   1.   0.   0.   1.   1.   0.   0.   0.   0.   0.
   0.   0.   0.   0.   0.   0.   1.   0.   0.   0.   0.   0.   0.   0.
   0.   0.   0.   0.   0.   0.]
120000 loops cons: [350.  94.  40.  25.  14.   5.   7.   7.   4.   1.   3.   2.   0.   1.
   1.   0.   0.   0.   1.   0.   0.   1.   1.   0.   0.   0.   0.   0.
   0.   0.   0.   0.   0.   0.   1.   0.   0.   0.   0.   0.   0.   0.
   0.   0.   0.   0.   0.   0.]
124800 loops cons: [361. 100.  41.  26.  14.   5.   7.   7.   4.   2.   3.   2.   0.   1.
   1.   0.   0.   0.   1.   0.   0.   1.   1.   0.   0.   2.   0.   0.
   0.   0.   0.   0.   0.   0.   1.   0.   0.   0.   0.   0.   0.   0.
   0.   0.   0.   0.   0.   0.]
129600 loops cons: [379. 103.  44.  26.  14.   5.   8.   7.   4.   2.   3.   2.   0.   1.
   1.   0.   1.   0.   1.   0.   0.   1.   1.   0.   0.   2.   0.   0.
   0.   0.   0.   0.   0.   0.   1.   0.   0.   0.   0.   0.   0.   0.
   0.   0.   0.   0.   0.   0.]
134400 loops cons: [393. 110.  45.  27.  14.   6.   8.   7.   4.   2.   5.   2.   0.   1.
   1.   0.   1.   0.   1.   0.   0.   1.   1.   0.   0.   2.   0.   0.
   0.   0.   0.   0.   0.   0.   1.   0.   0.   0.   0.   0.   0.   0.
   0.   0.   0.   0.   0.   0.]
139200 loops cons: [405. 117.  45.  29.  14.   7.   8.   7.   4.   2.   5.   2.   0.   1.
   1.   0.   1.   0.   1.   0.   0.   2.   1.   0.   0.   2.   0.   0.
   0.   0.   0.   0.   0.   0.   1.   0.   0.   0.   0.   0.   0.   0.
   0.   0.   0.   0.   0.   0.]
144000 loops cons: [425. 119.  47.  29.  14.   7.   9.   8.   4.   2.   5.   2.   0.   1.
   1.   0.   1.   0.   1.   0.   0.   2.   1.   0.   0.   2.   0.   0.
   0.   0.   0.   0.   0.   0.   1.   0.   0.   0.   0.   0.   0.   0.
   0.   0.   0.   0.   0.   0.]
148800 loops cons: [435. 122.  47.  31.  16.   8.   9.   8.   4.   2.   5.   2.   0.   1.
   1.   0.   1.   0.   1.   0.   0.   2.   1.   0.   0.   2.   0.   0.
   0.   0.   0.   0.   0.   0.   1.   0.   0.   0.   0.   0.   0.   0.
   0.   0.   0.   0.   0.   0.]
153600 loops cons: [445. 125.  48.  33.  16.   8.  10.   8.   4.   2.   5.   2.   0.   1.
   1.   0.   1.   0.   1.   0.   0.   2.   1.   0.   0.   2.   0.   0.
   0.   0.   0.   0.   0.   0.   1.   0.   0.   0.   0.   0.   0.   0.
   0.   0.   0.   0.   0.   0.]
158400 loops cons: [458. 129.  49.  33.  16.   8.  10.   8.   4.   2.   5.   2.   0.   1.
   1.   0.   1.   0.   1.   0.   0.   2.   1.   0.   0.   2.   0.   0.
   0.   0.   0.   0.   0.   0.   1.   0.   0.   0.   0.   0.   0.   0.
   0.   0.   0.   0.   0.   0.]
163200 loops cons: [473. 133.  55.  33.  16.   8.  10.   9.   4.   2.   5.   2.   0.   1.
   1.   0.   1.   0.   1.   0.   0.   2.   1.   0.   0.   2.   0.   0.
   0.   0.   0.   0.   0.   0.   1.   0.   0.   0.   0.   0.   0.   0.
   0.   0.   0.   0.   0.   0.]
168000 loops cons: [489. 139.  56.  33.  16.   8.  10.   9.   4.   2.   5.   2.   0.   1.
   1.   0.   1.   0.   1.   0.   0.   2.   1.   0.   0.   2.   0.   0.
   0.   0.   0.   0.   0.   0.   1.   0.   0.   0.   0.   0.   0.   0.
   0.   0.   0.   0.   0.   0.]
172800 loops cons: [504. 143.  58.  34.  16.   9.  10.   9.   4.   2.   5.   2.   0.   1.
   1.   0.   1.   0.   1.   0.   0.   2.   1.   0.   0.   2.   0.   0.
   0.   0.   0.   0.   0.   0.   1.   0.   0.   0.   0.   0.   0.   0.
   0.   0.   0.   0.   0.   0.]
177600 loops cons: [520. 147.  60.  35.  18.   9.  10.   9.   5.   2.   5.   2.   0.   1.
   1.   0.   1.   0.   1.   0.   0.   2.   1.   0.   0.   2.   0.   0.
   0.   0.   0.   0.   0.   0.   1.   0.   0.   0.   0.   0.   0.   0.
   0.   0.   0.   0.   0.   0.]
182400 loops cons: [530. 147.  61.  36.  19.   9.  11.   9.   5.   2.   5.   2.   0.   1.
   1.   0.   1.   0.   1.   0.   0.   2.   1.   0.   0.   2.   0.   0.
   0.   0.   0.   0.   0.   0.   1.   0.   0.   0.   0.   0.   0.   0.
   0.   0.   0.   0.   0.   0.]
187200 loops cons: [552. 151.  61.  37.  19.   9.  11.   9.   5.   2.   5.   2.   0.   1.
   1.   0.   1.   0.   1.   0.   0.   2.   1.   0.   0.   2.   0.   0.
   0.   0.   0.   0.   0.   0.   1.   0.   0.   0.   0.   0.   0.   0.
   0.   0.   0.   0.   0.   0.]
192000 loops cons: [567. 155.  65.  40.  19.   9.  11.   9.   5.   2.   5.   2.   0.   1.
   1.   0.   1.   0.   1.   0.   0.   2.   1.   0.   0.   2.   0.   0.
   0.   0.   0.   0.   0.   0.   1.   0.   0.   0.   0.   0.   0.   0.
   0.   0.   0.   0.   0.   0.]
196800 loops cons: [581. 160.  68.  41.  20.  10.  11.  10.   6.   2.   6.   2.   0.   1.
   1.   0.   1.   0.   1.   0.   0.   2.   1.   0.   0.   2.   0.   0.
   0.   0.   0.   0.   0.   0.   1.   0.   0.   0.   0.   0.   0.   0.
   0.   0.   0.   0.   0.   0.]
201600 loops cons: [592. 164.  70.  43.  20.  10.  11.  10.   6.   2.   6.   2.   0.   1.
   1.   1.   1.   0.   1.   0.   0.   2.   1.   0.   0.   2.   0.   0.
   0.   0.   0.   0.   0.   0.   1.   0.   0.   0.   0.   0.   0.   0.
   0.   0.   0.   0.   0.   0.]
206400 loops cons: [608. 168.  70.  45.  21.  10.  11.  10.   6.   2.   6.   2.   0.   1.
   1.   1.   1.   0.   1.   0.   0.   2.   1.   0.   0.   2.   0.   0.
   0.   0.   0.   0.   0.   0.   1.   0.   0.   0.   0.   0.   0.   0.
   0.   0.   0.   0.   0.   0.]
211200 loops cons: [622. 174.  71.  48.  22.  10.  11.  12.   6.   2.   6.   2.   0.   1.
   1.   1.   1.   0.   1.   0.   0.   2.   1.   0.   0.   2.   0.   0.
   0.   0.   0.   0.   0.   0.   1.   0.   0.   0.   0.   0.   0.   0.
   0.   0.   0.   0.   0.   0.]
216000 loops cons: [640. 178.  73.  49.  22.  11.  11.  12.   6.   2.   6.   2.   0.   1.
   1.   1.   1.   0.   1.   0.   0.   2.   1.   0.   0.   2.   0.   0.
   0.   0.   0.   0.   0.   0.   1.   0.   0.   0.   0.   0.   0.   0.
   0.   0.   0.   0.   0.   0.]
220800 loops cons: [651. 182.  74.  50.  22.  11.  11.  12.   6.   2.   6.   2.   0.   1.
   1.   1.   1.   0.   1.   0.   0.   2.   1.   0.   0.   2.   0.   0.
   0.   0.   0.   0.   0.   0.   1.   0.   0.   0.   0.   0.   0.   0.
   0.   0.   0.   0.   0.   0.]
225600 loops cons: [668. 186.  75.  51.  23.  11.  11.  12.   6.   3.   7.   2.   0.   1.
   1.   1.   1.   0.   1.   0.   0.   2.   1.   0.   0.   2.   0.   0.
   0.   0.   0.   0.   0.   0.   1.   0.   0.   0.   0.   0.   0.   0.
   0.   0.   0.   0.   0.   0.]
230400 loops cons: [682. 191.  76.  52.  24.  11.  12.  12.   6.   3.   7.   2.   0.   1.
   1.   1.   1.   0.   1.   0.   0.   2.   1.   0.   0.   2.   0.   0.
   0.   0.   0.   0.   0.   0.   1.   0.   0.   0.   0.   0.   0.   0.
   0.   0.   0.   0.   0.   0.]
235200 loops cons: [697. 197.  79.  53.  25.  11.  12.  13.   6.   3.   7.   2.   0.   1.
   1.   1.   1.   0.   1.   0.   0.   2.   1.   0.   0.   2.   0.   0.
   0.   0.   0.   0.   0.   0.   1.   0.   0.   0.   0.   0.   0.   0.
   0.   0.   0.   0.   0.   0.]
240000 loops cons: [709. 202.  79.  54.  25.  13.  12.  13.   6.   3.   7.   3.   0.   1.
   1.   1.   1.   0.   1.   0.   0.   2.   1.   0.   0.   2.   0.   0.
   0.   0.   0.   0.   0.   0.   1.   0.   0.   0.   0.   0.   0.   0.
   0.   0.   0.   0.   0.   0.]
244800 loops cons: [723. 207.  81.  55.  26.  14.  12.  13.   6.   3.   7.   3.   0.   1.
   1.   1.   1.   0.   1.   0.   0.   2.   1.   0.   0.   2.   0.   0.
   0.   0.   0.   0.   0.   0.   1.   0.   0.   0.   0.   0.   0.   0.
   0.   0.   0.   0.   0.   0.]
249600 loops cons: [735. 212.  82.  55.  27.  14.  12.  13.   6.   3.   7.   3.   0.   1.
   1.   1.   1.   0.   1.   0.   0.   2.   1.   0.   0.   2.   0.   0.
   0.   0.   0.   0.   0.   0.   1.   0.   0.   0.   0.   0.   0.   0.
   0.   0.   0.   0.   0.   0.]
254400 loops cons: [742. 215.  84.  59.  27.  15.  12.  13.   6.   3.   7.   3.   0.   1.
   1.   1.   1.   0.   1.   0.   0.   2.   1.   0.   0.   2.   0.   0.
   0.   0.   0.   0.   0.   0.   1.   0.   0.   0.   0.   0.   0.   0.
   0.   0.   0.   0.   0.   0.]
259200 loops cons: [752. 219.  85.  60.  27.  16.  12.  14.   7.   3.   7.   3.   0.   1.
   1.   1.   1.   0.   1.   0.   0.   2.   1.   0.   0.   2.   0.   0.
   0.   0.   0.   1.   0.   0.   1.   0.   0.   0.   0.   0.   0.   0.
   0.   0.   0.   0.   0.   0.]
264000 loops cons: [763. 222.  88.  61.  27.  18.  12.  14.   8.   3.   7.   3.   0.   1.
   1.   1.   1.   0.   1.   0.   0.   2.   1.   0.   0.   2.   0.   0.
   0.   0.   0.   2.   0.   0.   1.   0.   0.   0.   0.   0.   0.   0.
   0.   0.   0.   0.   0.   0.]
268800 loops cons: [772. 222.  92.  63.  28.  19.  12.  14.   8.   3.   8.   3.   0.   1.
   2.   1.   1.   0.   1.   0.   0.   2.   1.   0.   0.   2.   0.   0.
   0.   1.   0.   2.   0.   0.   1.   0.   0.   0.   0.   0.   0.   0.
   0.   0.   0.   0.   0.   0.]
273600 loops cons: [787. 227.  94.  64.  29.  19.  12.  14.   8.   3.   8.   4.   0.   1.
   2.   1.   1.   0.   1.   0.   0.   2.   1.   0.   0.   2.   0.   0.
   0.   1.   0.   2.   0.   0.   1.   0.   0.   0.   0.   0.   0.   0.
   0.   0.   0.   0.   0.   0.]
278400 loops cons: [798. 231.  97.  64.  29.  20.  12.  14.   8.   3.   8.   4.   0.   1.
   2.   1.   1.   0.   1.   0.   0.   2.   1.   0.   0.   2.   0.   0.
   0.   1.   0.   2.   0.   0.   1.   0.   0.   0.   0.   0.   0.   0.
   1.   0.   0.   0.   0.   0.]
283200 loops cons: [806. 234.  99.  65.  30.  21.  12.  14.   8.   3.   8.   4.   0.   1.
   2.   1.   1.   0.   1.   0.   0.   2.   1.   0.   0.   2.   0.   0.
   0.   1.   0.   2.   0.   0.   1.   0.   0.   0.   0.   0.   0.   0.
   1.   0.   0.   0.   0.   0.]
288000 loops cons: [817. 235. 100.  65.  32.  21.  12.  14.   8.   3.   8.   4.   1.   1.
   2.   1.   1.   0.   1.   0.   0.   2.   1.   0.   0.   2.   0.   0.
   0.   1.   0.   2.   0.   0.   1.   0.   0.   0.   0.   0.   0.   0.
   1.   0.   0.   0.   0.   0.]
292800 loops cons: [831. 239. 103.  66.  33.  22.  13.  14.   8.   3.   8.   4.   1.   1.
   2.   1.   1.   0.   1.   0.   0.   2.   1.   0.   0.   2.   0.   0.
   0.   1.   0.   2.   0.   0.   1.   0.   0.   0.   0.   0.   0.   0.
   1.   0.   0.   0.   0.   0.]
297600 loops cons: [843. 245. 104.  67.  34.  22.  14.  14.   8.   3.   8.   4.   1.   1.
   2.   1.   1.   0.   1.   0.   0.   2.   1.   0.   0.   2.   0.   0.
   0.   1.   0.   2.   0.   0.   1.   0.   0.   0.   0.   0.   0.   0.
   1.   0.   0.   0.   0.   0.]
302400 loops cons: [852. 250. 106.  67.  34.  22.  14.  14.   8.   3.   8.   4.   1.   1.
   2.   1.   1.   0.   1.   0.   0.   2.   1.   0.   0.   2.   0.   0.
   0.   1.   0.   2.   0.   0.   1.   0.   0.   0.   0.   0.   0.   0.
   1.   0.   0.   0.   0.   0.]
307200 loops cons: [867. 253. 109.  69.  35.  22.  14.  15.   8.   3.   8.   5.   1.   1.
   2.   1.   1.   0.   1.   0.   0.   2.   1.   0.   0.   2.   0.   0.
   0.   1.   0.   2.   0.   0.   1.   0.   0.   0.   0.   0.   0.   0.
   1.   0.   0.   0.   0.   0.]
312000 loops cons: [877. 257. 110.  71.  36.  22.  14.  15.   8.   3.   8.   5.   1.   1.
   2.   1.   1.   0.   1.   0.   0.   2.   1.   0.   0.   2.   0.   0.
   0.   1.   0.   2.   0.   0.   1.   0.   0.   0.   0.   0.   0.   0.
   1.   0.   0.   0.   0.   0.]
316800 loops cons: [888. 263. 111.  73.  36.  22.  14.  16.   8.   3.   8.   5.   1.   1.
   3.   1.   1.   0.   1.   0.   0.   2.   1.   0.   0.   2.   0.   0.
   0.   1.   0.   2.   0.   0.   1.   0.   0.   0.   0.   0.   0.   0.
   1.   0.   0.   0.   0.   0.]
321600 loops cons: [902. 267. 118.  75.  36.  23.  15.  16.   8.   3.   8.   5.   1.   1.
   3.   1.   1.   0.   1.   0.   0.   2.   1.   0.   0.   2.   0.   0.
   0.   1.   0.   2.   0.   0.   1.   0.   0.   0.   0.   0.   0.   0.
   1.   0.   0.   0.   0.   0.]
326400 loops cons: [911. 271. 121.  76.  36.  24.  15.  16.   8.   3.   8.   5.   1.   1.
   3.   1.   1.   0.   1.   0.   0.   2.   1.   0.   0.   2.   0.   0.
   0.   1.   0.   2.   0.   0.   1.   0.   0.   0.   0.   0.   0.   1.
   1.   0.   0.   0.   0.   0.]
331200 loops cons: [925. 273. 122.  77.  36.  25.  15.  16.   8.   3.   9.   5.   1.   1.
   3.   1.   1.   0.   1.   0.   0.   2.   1.   0.   0.   2.   0.   0.
   0.   1.   0.   2.   0.   0.   1.   0.   0.   0.   0.   0.   0.   1.
   1.   0.   0.   0.   0.   0.]
336000 loops cons: [943. 283. 123.  78.  36.  25.  16.  16.   8.   3.   9.   5.   1.   1.
   3.   1.   1.   0.   1.   0.   0.   2.   1.   0.   0.   2.   0.   0.
   0.   1.   0.   2.   0.   0.   1.   0.   0.   0.   0.   0.   0.   1.
   1.   0.   0.   0.   0.   0.]
340800 loops cons: [955. 288. 123.  79.  37.  27.  16.  16.   8.   3.   9.   5.   2.   1.
   3.   2.   1.   0.   1.   0.   0.   2.   1.   0.   0.   2.   0.   0.
   0.   1.   0.   2.   0.   0.   1.   0.   0.   0.   0.   0.   0.   1.
   1.   0.   0.   0.   0.   0.]
345600 loops cons: [964. 298. 126.  80.  37.  27.  16.  17.   8.   3.  10.   6.   2.   1.
   3.   2.   1.   0.   1.   0.   0.   2.   1.   0.   0.   2.   0.   0.
   0.   1.   0.   2.   0.   0.   1.   0.   0.   0.   0.   0.   0.   1.
   1.   0.   0.   0.   0.   0.]
350400 loops cons: [977. 299. 127.  82.  37.  28.  16.  17.   8.   3.  10.   6.   2.   1.
   3.   2.   1.   0.   1.   0.   0.   2.   1.   0.   0.   2.   0.   0.
   0.   1.   0.   2.   0.   0.   1.   0.   0.   0.   0.   0.   0.   1.
   1.   0.   0.   0.   0.   0.]
355200 loops cons: [988. 303. 131.  82.  39.  30.  16.  17.   8.   3.  11.   6.   2.   1.
   3.   2.   1.   1.   1.   1.   0.   2.   1.   0.   0.   2.   0.   0.
   0.   1.   0.   2.   0.   0.   1.   0.   0.   0.   0.   0.   0.   1.
   1.   0.   0.   0.   0.   0.]
360000 loops cons: [1.006e+03 3.070e+02 1.330e+02 8.200e+01 3.900e+01 3.000e+01 1.600e+01
 1.700e+01 8.000e+00 3.000e+00 1.100e+01 6.000e+00 3.000e+00 1.000e+00
 3.000e+00 2.000e+00 1.000e+00 1.000e+00 1.000e+00 1.000e+00 0.000e+00
 2.000e+00 1.000e+00 0.000e+00 0.000e+00 2.000e+00 0.000e+00 0.000e+00
 0.000e+00 1.000e+00 0.000e+00 2.000e+00 0.000e+00 0.000e+00 1.000e+00
 0.000e+00 0.000e+00 0.000e+00 0.000e+00 0.000e+00 0.000e+00 1.000e+00
 1.000e+00 0.000e+00 0.000e+00 0.000e+00 0.000e+00 0.000e+00]
364800 loops cons: [1.02e+03 3.12e+02 1.35e+02 8.30e+01 3.90e+01 3.00e+01 1.60e+01 1.70e+01
 8.00e+00 3.00e+00 1.10e+01 6.00e+00 3.00e+00 1.00e+00 3.00e+00 2.00e+00
 1.00e+00 1.00e+00 1.00e+00 1.00e+00 0.00e+00 2.00e+00 1.00e+00 0.00e+00
 0.00e+00 2.00e+00 0.00e+00 0.00e+00 0.00e+00 1.00e+00 0.00e+00 2.00e+00
 0.00e+00 0.00e+00 1.00e+00 0.00e+00 0.00e+00 0.00e+00 0.00e+00 0.00e+00
 0.00e+00 1.00e+00 1.00e+00 0.00e+00 0.00e+00 0.00e+00 0.00e+00 0.00e+00]
369600 loops cons: [1.029e+03 3.160e+02 1.380e+02 8.400e+01 3.900e+01 3.000e+01 1.600e+01
 1.700e+01 8.000e+00 3.000e+00 1.100e+01 6.000e+00 3.000e+00 1.000e+00
 3.000e+00 2.000e+00 1.000e+00 1.000e+00 1.000e+00 1.000e+00 0.000e+00
 2.000e+00 1.000e+00 0.000e+00 0.000e+00 2.000e+00 0.000e+00 0.000e+00
 0.000e+00 1.000e+00 0.000e+00 2.000e+00 0.000e+00 0.000e+00 1.000e+00
 0.000e+00 0.000e+00 0.000e+00 0.000e+00 0.000e+00 0.000e+00 1.000e+00
 1.000e+00 0.000e+00 0.000e+00 0.000e+00 0.000e+00 0.000e+00]
374400 loops cons: [1.036e+03 3.190e+02 1.400e+02 8.500e+01 3.900e+01 3.100e+01 1.600e+01
 1.700e+01 8.000e+00 3.000e+00 1.100e+01 6.000e+00 3.000e+00 1.000e+00
 3.000e+00 2.000e+00 1.000e+00 1.000e+00 1.000e+00 1.000e+00 0.000e+00
 2.000e+00 1.000e+00 0.000e+00 0.000e+00 2.000e+00 0.000e+00 0.000e+00
 0.000e+00 1.000e+00 0.000e+00 2.000e+00 0.000e+00 0.000e+00 1.000e+00
 0.000e+00 0.000e+00 0.000e+00 0.000e+00 0.000e+00 1.000e+00 1.000e+00
 1.000e+00 0.000e+00 0.000e+00 0.000e+00 0.000e+00 0.000e+00]
379200 loops cons: [1.049e+03 3.230e+02 1.400e+02 8.500e+01 4.000e+01 3.100e+01 1.600e+01
 1.700e+01 8.000e+00 3.000e+00 1.100e+01 6.000e+00 3.000e+00 1.000e+00
 3.000e+00 2.000e+00 1.000e+00 1.000e+00 1.000e+00 1.000e+00 0.000e+00
 2.000e+00 1.000e+00 0.000e+00 0.000e+00 2.000e+00 0.000e+00 0.000e+00
 0.000e+00 1.000e+00 0.000e+00 2.000e+00 0.000e+00 0.000e+00 1.000e+00
 0.000e+00 0.000e+00 0.000e+00 0.000e+00 0.000e+00 1.000e+00 1.000e+00
 1.000e+00 0.000e+00 0.000e+00 0.000e+00 0.000e+00 0.000e+00]
384000 loops cons: [1.06e+03 3.28e+02 1.43e+02 8.70e+01 4.00e+01 3.10e+01 1.70e+01 1.70e+01
 8.00e+00 3.00e+00 1.10e+01 6.00e+00 3.00e+00 1.00e+00 3.00e+00 2.00e+00
 2.00e+00 1.00e+00 1.00e+00 1.00e+00 0.00e+00 2.00e+00 1.00e+00 0.00e+00
 0.00e+00 2.00e+00 0.00e+00 0.00e+00 0.00e+00 1.00e+00 0.00e+00 2.00e+00
 0.00e+00 0.00e+00 1.00e+00 0.00e+00 0.00e+00 0.00e+00 0.00e+00 0.00e+00
 1.00e+00 1.00e+00 1.00e+00 0.00e+00 0.00e+00 0.00e+00 0.00e+00 0.00e+00]
388800 loops cons: [1.073e+03 3.310e+02 1.440e+02 8.700e+01 4.000e+01 3.200e+01 1.800e+01
 1.700e+01 8.000e+00 3.000e+00 1.200e+01 6.000e+00 3.000e+00 1.000e+00
 3.000e+00 2.000e+00 3.000e+00 1.000e+00 1.000e+00 1.000e+00 0.000e+00
 2.000e+00 1.000e+00 0.000e+00 0.000e+00 2.000e+00 0.000e+00 0.000e+00
 0.000e+00 1.000e+00 0.000e+00 2.000e+00 0.000e+00 0.000e+00 1.000e+00
 0.000e+00 0.000e+00 0.000e+00 0.000e+00 0.000e+00 1.000e+00 1.000e+00
 1.000e+00 0.000e+00 0.000e+00 0.000e+00 0.000e+00 1.000e+00]
393600 loops cons: [1.087e+03 3.340e+02 1.470e+02 8.900e+01 4.200e+01 3.200e+01 1.900e+01
 1.700e+01 8.000e+00 3.000e+00 1.200e+01 6.000e+00 3.000e+00 1.000e+00
 3.000e+00 2.000e+00 3.000e+00 1.000e+00 2.000e+00 1.000e+00 0.000e+00
 2.000e+00 1.000e+00 0.000e+00 0.000e+00 2.000e+00 0.000e+00 0.000e+00
 0.000e+00 1.000e+00 0.000e+00 2.000e+00 0.000e+00 0.000e+00 1.000e+00
 0.000e+00 0.000e+00 0.000e+00 0.000e+00 0.000e+00 1.000e+00 1.000e+00
 1.000e+00 0.000e+00 0.000e+00 0.000e+00 0.000e+00 1.000e+00]
398400 loops cons: [1.104e+03 3.410e+02 1.480e+02 9.100e+01 4.300e+01 3.200e+01 1.900e+01
 1.800e+01 8.000e+00 4.000e+00 1.200e+01 6.000e+00 3.000e+00 1.000e+00
 3.000e+00 2.000e+00 3.000e+00 1.000e+00 2.000e+00 1.000e+00 0.000e+00
 2.000e+00 1.000e+00 0.000e+00 0.000e+00 2.000e+00 0.000e+00 0.000e+00
 0.000e+00 1.000e+00 0.000e+00 2.000e+00 0.000e+00 0.000e+00 1.000e+00
 0.000e+00 0.000e+00 0.000e+00 0.000e+00 0.000e+00 1.000e+00 1.000e+00
 1.000e+00 0.000e+00 0.000e+00 0.000e+00 0.000e+00 1.000e+00]
403200 loops cons: [1.118e+03 3.460e+02 1.550e+02 9.200e+01 4.300e+01 3.300e+01 1.900e+01
 1.900e+01 8.000e+00 4.000e+00 1.200e+01 6.000e+00 3.000e+00 1.000e+00
 3.000e+00 2.000e+00 3.000e+00 1.000e+00 2.000e+00 1.000e+00 0.000e+00
 2.000e+00 1.000e+00 0.000e+00 0.000e+00 2.000e+00 0.000e+00 0.000e+00
 0.000e+00 1.000e+00 0.000e+00 2.000e+00 0.000e+00 0.000e+00 1.000e+00
 0.000e+00 0.000e+00 0.000e+00 0.000e+00 0.000e+00 1.000e+00 1.000e+00
 1.000e+00 0.000e+00 0.000e+00 0.000e+00 0.000e+00 1.000e+00]
408000 loops cons: [1.134e+03 3.490e+02 1.570e+02 9.200e+01 4.500e+01 3.400e+01 2.000e+01
 1.900e+01 8.000e+00 5.000e+00 1.200e+01 6.000e+00 3.000e+00 2.000e+00
 3.000e+00 2.000e+00 4.000e+00 1.000e+00 2.000e+00 1.000e+00 0.000e+00
 2.000e+00 1.000e+00 0.000e+00 0.000e+00 2.000e+00 0.000e+00 0.000e+00
 0.000e+00 1.000e+00 1.000e+00 2.000e+00 0.000e+00 0.000e+00 1.000e+00
 0.000e+00 0.000e+00 0.000e+00 0.000e+00 0.000e+00 1.000e+00 1.000e+00
 1.000e+00 0.000e+00 0.000e+00 0.000e+00 0.000e+00 1.000e+00]
412800 loops cons: [1.146e+03 3.580e+02 1.600e+02 9.300e+01 4.500e+01 3.400e+01 2.000e+01
 1.900e+01 9.000e+00 6.000e+00 1.200e+01 6.000e+00 3.000e+00 2.000e+00
 3.000e+00 2.000e+00 4.000e+00 1.000e+00 2.000e+00 1.000e+00 0.000e+00
 2.000e+00 1.000e+00 0.000e+00 0.000e+00 2.000e+00 0.000e+00 0.000e+00
 0.000e+00 1.000e+00 1.000e+00 2.000e+00 0.000e+00 0.000e+00 1.000e+00
 0.000e+00 0.000e+00 0.000e+00 0.000e+00 0.000e+00 1.000e+00 1.000e+00
 1.000e+00 0.000e+00 0.000e+00 0.000e+00 0.000e+00 1.000e+00]
417600 loops cons: [1.152e+03 3.600e+02 1.620e+02 9.500e+01 4.500e+01 3.500e+01 2.000e+01
 1.900e+01 9.000e+00 6.000e+00 1.200e+01 6.000e+00 3.000e+00 2.000e+00
 3.000e+00 2.000e+00 4.000e+00 1.000e+00 2.000e+00 1.000e+00 0.000e+00
 2.000e+00 1.000e+00 0.000e+00 0.000e+00 2.000e+00 0.000e+00 0.000e+00
 0.000e+00 1.000e+00 1.000e+00 2.000e+00 0.000e+00 0.000e+00 1.000e+00
 0.000e+00 0.000e+00 0.000e+00 0.000e+00 0.000e+00 1.000e+00 1.000e+00
 1.000e+00 0.000e+00 0.000e+00 0.000e+00 0.000e+00 1.000e+00]
422400 loops cons: [1.163e+03 3.650e+02 1.680e+02 9.600e+01 4.500e+01 3.500e+01 2.000e+01
 1.900e+01 9.000e+00 7.000e+00 1.200e+01 6.000e+00 3.000e+00 2.000e+00
 3.000e+00 2.000e+00 5.000e+00 1.000e+00 2.000e+00 1.000e+00 0.000e+00
 2.000e+00 1.000e+00 0.000e+00 0.000e+00 2.000e+00 0.000e+00 0.000e+00
 0.000e+00 1.000e+00 1.000e+00 2.000e+00 0.000e+00 0.000e+00 1.000e+00
 0.000e+00 0.000e+00 0.000e+00 0.000e+00 0.000e+00 1.000e+00 1.000e+00
 1.000e+00 0.000e+00 0.000e+00 0.000e+00 0.000e+00 1.000e+00]
427200 loops cons: [1.18e+03 3.67e+02 1.72e+02 9.90e+01 4.60e+01 3.50e+01 2.00e+01 1.90e+01
 9.00e+00 7.00e+00 1.20e+01 6.00e+00 4.00e+00 2.00e+00 3.00e+00 2.00e+00
 5.00e+00 1.00e+00 2.00e+00 1.00e+00 0.00e+00 2.00e+00 1.00e+00 0.00e+00
 0.00e+00 2.00e+00 0.00e+00 0.00e+00 0.00e+00 1.00e+00 1.00e+00 2.00e+00
 0.00e+00 0.00e+00 1.00e+00 0.00e+00 0.00e+00 0.00e+00 0.00e+00 0.00e+00
 1.00e+00 1.00e+00 1.00e+00 0.00e+00 0.00e+00 0.00e+00 0.00e+00 1.00e+00]
432000 loops cons: [1.193e+03 3.670e+02 1.720e+02 9.900e+01 4.700e+01 3.500e+01 2.100e+01
 2.100e+01 9.000e+00 7.000e+00 1.200e+01 6.000e+00 4.000e+00 2.000e+00
 4.000e+00 2.000e+00 5.000e+00 1.000e+00 2.000e+00 1.000e+00 0.000e+00
 2.000e+00 1.000e+00 0.000e+00 0.000e+00 2.000e+00 0.000e+00 0.000e+00
 0.000e+00 1.000e+00 1.000e+00 2.000e+00 0.000e+00 0.000e+00 1.000e+00
 0.000e+00 0.000e+00 0.000e+00 0.000e+00 0.000e+00 1.000e+00 1.000e+00
 1.000e+00 0.000e+00 0.000e+00 0.000e+00 0.000e+00 1.000e+00]
436800 loops cons: [1.204e+03 3.730e+02 1.740e+02 1.020e+02 4.800e+01 3.600e+01 2.100e+01
 2.100e+01 9.000e+00 7.000e+00 1.200e+01 6.000e+00 4.000e+00 2.000e+00
 4.000e+00 2.000e+00 5.000e+00 1.000e+00 2.000e+00 1.000e+00 0.000e+00
 2.000e+00 1.000e+00 0.000e+00 0.000e+00 2.000e+00 0.000e+00 0.000e+00
 0.000e+00 1.000e+00 1.000e+00 2.000e+00 0.000e+00 0.000e+00 1.000e+00
 0.000e+00 0.000e+00 0.000e+00 0.000e+00 0.000e+00 1.000e+00 1.000e+00
 1.000e+00 0.000e+00 0.000e+00 0.000e+00 0.000e+00 1.000e+00]
441600 loops cons: [1.22e+03 3.78e+02 1.76e+02 1.03e+02 4.80e+01 3.60e+01 2.20e+01 2.10e+01
 9.00e+00 7.00e+00 1.20e+01 6.00e+00 4.00e+00 2.00e+00 4.00e+00 2.00e+00
 5.00e+00 1.00e+00 2.00e+00 1.00e+00 0.00e+00 2.00e+00 1.00e+00 0.00e+00
 0.00e+00 2.00e+00 0.00e+00 0.00e+00 0.00e+00 1.00e+00 1.00e+00 2.00e+00
 0.00e+00 0.00e+00 1.00e+00 0.00e+00 0.00e+00 0.00e+00 0.00e+00 0.00e+00
 1.00e+00 1.00e+00 1.00e+00 0.00e+00 0.00e+00 0.00e+00 0.00e+00 1.00e+00]
446400 loops cons: [1.231e+03 3.820e+02 1.770e+02 1.060e+02 4.900e+01 3.600e+01 2.200e+01
 2.100e+01 9.000e+00 7.000e+00 1.200e+01 6.000e+00 4.000e+00 2.000e+00
 4.000e+00 2.000e+00 5.000e+00 1.000e+00 2.000e+00 1.000e+00 0.000e+00
 2.000e+00 1.000e+00 0.000e+00 0.000e+00 2.000e+00 0.000e+00 0.000e+00
 0.000e+00 1.000e+00 1.000e+00 2.000e+00 0.000e+00 0.000e+00 1.000e+00
 0.000e+00 0.000e+00 0.000e+00 0.000e+00 0.000e+00 1.000e+00 1.000e+00
 1.000e+00 0.000e+00 0.000e+00 0.000e+00 0.000e+00 1.000e+00]
451200 loops cons: [1.244e+03 3.840e+02 1.780e+02 1.060e+02 4.900e+01 3.600e+01 2.200e+01
 2.200e+01 1.000e+01 8.000e+00 1.200e+01 6.000e+00 4.000e+00 2.000e+00
 4.000e+00 2.000e+00 5.000e+00 1.000e+00 2.000e+00 1.000e+00 0.000e+00
 2.000e+00 2.000e+00 0.000e+00 0.000e+00 2.000e+00 0.000e+00 0.000e+00
 0.000e+00 1.000e+00 1.000e+00 2.000e+00 0.000e+00 0.000e+00 1.000e+00
 0.000e+00 0.000e+00 0.000e+00 0.000e+00 0.000e+00 1.000e+00 1.000e+00
 1.000e+00 0.000e+00 0.000e+00 0.000e+00 0.000e+00 1.000e+00]
456000 loops cons: [1.26e+03 3.89e+02 1.83e+02 1.07e+02 4.90e+01 3.60e+01 2.20e+01 2.20e+01
 1.00e+01 8.00e+00 1.30e+01 6.00e+00 4.00e+00 2.00e+00 4.00e+00 2.00e+00
 5.00e+00 1.00e+00 2.00e+00 1.00e+00 0.00e+00 2.00e+00 2.00e+00 0.00e+00
 0.00e+00 2.00e+00 0.00e+00 0.00e+00 0.00e+00 1.00e+00 1.00e+00 2.00e+00
 0.00e+00 0.00e+00 1.00e+00 0.00e+00 0.00e+00 0.00e+00 0.00e+00 0.00e+00
 1.00e+00 1.00e+00 1.00e+00 0.00e+00 0.00e+00 0.00e+00 0.00e+00 1.00e+00]
460800 loops cons: [1.269e+03 3.910e+02 1.860e+02 1.080e+02 5.000e+01 3.600e+01 2.300e+01
 2.300e+01 1.000e+01 8.000e+00 1.300e+01 6.000e+00 4.000e+00 3.000e+00
 4.000e+00 2.000e+00 5.000e+00 1.000e+00 2.000e+00 1.000e+00 0.000e+00
 2.000e+00 2.000e+00 0.000e+00 0.000e+00 2.000e+00 0.000e+00 0.000e+00
 0.000e+00 1.000e+00 1.000e+00 2.000e+00 0.000e+00 0.000e+00 1.000e+00
 0.000e+00 0.000e+00 0.000e+00 0.000e+00 0.000e+00 1.000e+00 1.000e+00
 1.000e+00 0.000e+00 0.000e+00 0.000e+00 0.000e+00 1.000e+00]
465600 loops cons: [1.291e+03 3.920e+02 1.890e+02 1.080e+02 5.200e+01 3.600e+01 2.300e+01
 2.300e+01 1.000e+01 8.000e+00 1.300e+01 6.000e+00 4.000e+00 3.000e+00
 4.000e+00 2.000e+00 5.000e+00 1.000e+00 2.000e+00 1.000e+00 0.000e+00
 2.000e+00 2.000e+00 0.000e+00 0.000e+00 2.000e+00 0.000e+00 0.000e+00
 0.000e+00 1.000e+00 1.000e+00 2.000e+00 0.000e+00 0.000e+00 1.000e+00
 0.000e+00 0.000e+00 0.000e+00 0.000e+00 0.000e+00 1.000e+00 1.000e+00
 1.000e+00 0.000e+00 0.000e+00 0.000e+00 0.000e+00 1.000e+00]
470400 loops cons: [1.301e+03 3.980e+02 1.910e+02 1.090e+02 5.400e+01 3.600e+01 2.300e+01
 2.300e+01 1.100e+01 8.000e+00 1.300e+01 6.000e+00 4.000e+00 3.000e+00
 4.000e+00 2.000e+00 5.000e+00 1.000e+00 2.000e+00 1.000e+00 0.000e+00
 2.000e+00 2.000e+00 0.000e+00 0.000e+00 2.000e+00 0.000e+00 0.000e+00
 0.000e+00 1.000e+00 1.000e+00 2.000e+00 0.000e+00 0.000e+00 1.000e+00
 0.000e+00 0.000e+00 0.000e+00 0.000e+00 0.000e+00 1.000e+00 1.000e+00
 1.000e+00 0.000e+00 0.000e+00 0.000e+00 0.000e+00 1.000e+00]
475200 loops cons: [1.312e+03 3.990e+02 1.920e+02 1.090e+02 5.400e+01 3.600e+01 2.300e+01
 2.300e+01 1.200e+01 8.000e+00 1.300e+01 6.000e+00 4.000e+00 3.000e+00
 5.000e+00 2.000e+00 5.000e+00 1.000e+00 2.000e+00 1.000e+00 0.000e+00
 2.000e+00 2.000e+00 0.000e+00 0.000e+00 2.000e+00 0.000e+00 0.000e+00
 0.000e+00 1.000e+00 1.000e+00 2.000e+00 0.000e+00 0.000e+00 1.000e+00
 0.000e+00 0.000e+00 0.000e+00 0.000e+00 0.000e+00 1.000e+00 1.000e+00
 1.000e+00 0.000e+00 0.000e+00 0.000e+00 0.000e+00 1.000e+00]
480000 loops cons: [1.326e+03 4.010e+02 1.940e+02 1.090e+02 5.500e+01 3.600e+01 2.300e+01
 2.300e+01 1.200e+01 8.000e+00 1.300e+01 6.000e+00 4.000e+00 3.000e+00
 5.000e+00 2.000e+00 5.000e+00 1.000e+00 2.000e+00 1.000e+00 0.000e+00
 2.000e+00 2.000e+00 0.000e+00 0.000e+00 2.000e+00 0.000e+00 0.000e+00
 0.000e+00 1.000e+00 1.000e+00 2.000e+00 0.000e+00 0.000e+00 1.000e+00
 0.000e+00 0.000e+00 0.000e+00 0.000e+00 0.000e+00 1.000e+00 1.000e+00
 1.000e+00 0.000e+00 0.000e+00 0.000e+00 0.000e+00 1.000e+00]
484800 loops cons: [1.338e+03 4.090e+02 1.960e+02 1.090e+02 5.500e+01 3.700e+01 2.300e+01
 2.300e+01 1.200e+01 8.000e+00 1.300e+01 6.000e+00 4.000e+00 4.000e+00
 5.000e+00 2.000e+00 5.000e+00 1.000e+00 2.000e+00 1.000e+00 0.000e+00
 2.000e+00 2.000e+00 0.000e+00 0.000e+00 2.000e+00 0.000e+00 0.000e+00
 0.000e+00 1.000e+00 1.000e+00 2.000e+00 0.000e+00 0.000e+00 1.000e+00
 0.000e+00 0.000e+00 0.000e+00 0.000e+00 0.000e+00 1.000e+00 1.000e+00
 1.000e+00 0.000e+00 0.000e+00 0.000e+00 0.000e+00 1.000e+00]
489600 loops cons: [1.35e+03 4.14e+02 1.97e+02 1.09e+02 5.60e+01 3.70e+01 2.30e+01 2.30e+01
 1.20e+01 8.00e+00 1.30e+01 6.00e+00 4.00e+00 4.00e+00 5.00e+00 2.00e+00
 5.00e+00 1.00e+00 2.00e+00 1.00e+00 0.00e+00 2.00e+00 2.00e+00 0.00e+00
 0.00e+00 2.00e+00 0.00e+00 0.00e+00 0.00e+00 1.00e+00 1.00e+00 2.00e+00
 0.00e+00 0.00e+00 1.00e+00 0.00e+00 0.00e+00 0.00e+00 0.00e+00 0.00e+00
 1.00e+00 1.00e+00 1.00e+00 0.00e+00 0.00e+00 0.00e+00 0.00e+00 1.00e+00]
494400 loops cons: [1.363e+03 4.190e+02 1.980e+02 1.100e+02 5.700e+01 3.700e+01 2.300e+01
 2.300e+01 1.200e+01 9.000e+00 1.300e+01 6.000e+00 4.000e+00 4.000e+00
 5.000e+00 2.000e+00 5.000e+00 1.000e+00 2.000e+00 1.000e+00 0.000e+00
 2.000e+00 2.000e+00 0.000e+00 0.000e+00 2.000e+00 0.000e+00 0.000e+00
 0.000e+00 1.000e+00 1.000e+00 2.000e+00 0.000e+00 0.000e+00 1.000e+00
 0.000e+00 0.000e+00 0.000e+00 0.000e+00 0.000e+00 1.000e+00 1.000e+00
 1.000e+00 0.000e+00 0.000e+00 0.000e+00 0.000e+00 1.000e+00]
499200 loops cons: [1.378e+03 4.240e+02 2.000e+02 1.120e+02 5.800e+01 3.700e+01 2.300e+01
 2.300e+01 1.300e+01 9.000e+00 1.300e+01 7.000e+00 4.000e+00 4.000e+00
 6.000e+00 2.000e+00 5.000e+00 1.000e+00 2.000e+00 1.000e+00 0.000e+00
 2.000e+00 2.000e+00 0.000e+00 1.000e+00 2.000e+00 0.000e+00 0.000e+00
 0.000e+00 1.000e+00 1.000e+00 2.000e+00 0.000e+00 0.000e+00 1.000e+00
 0.000e+00 0.000e+00 0.000e+00 0.000e+00 0.000e+00 1.000e+00 1.000e+00
 1.000e+00 0.000e+00 0.000e+00 0.000e+00 0.000e+00 1.000e+00]
504000 loops cons: [1.396e+03 4.300e+02 2.030e+02 1.120e+02 5.800e+01 3.700e+01 2.500e+01
 2.300e+01 1.300e+01 9.000e+00 1.300e+01 7.000e+00 4.000e+00 4.000e+00
 6.000e+00 2.000e+00 5.000e+00 1.000e+00 2.000e+00 1.000e+00 0.000e+00
 2.000e+00 2.000e+00 0.000e+00 1.000e+00 2.000e+00 0.000e+00 0.000e+00
 0.000e+00 1.000e+00 1.000e+00 2.000e+00 0.000e+00 0.000e+00 1.000e+00
 0.000e+00 0.000e+00 0.000e+00 0.000e+00 0.000e+00 1.000e+00 1.000e+00
 1.000e+00 0.000e+00 0.000e+00 0.000e+00 0.000e+00 1.000e+00]
508800 loops cons: [1.407e+03 4.320e+02 2.040e+02 1.120e+02 5.800e+01 3.700e+01 2.500e+01
 2.400e+01 1.400e+01 9.000e+00 1.300e+01 7.000e+00 4.000e+00 4.000e+00
 6.000e+00 2.000e+00 5.000e+00 1.000e+00 2.000e+00 1.000e+00 0.000e+00
 2.000e+00 2.000e+00 0.000e+00 1.000e+00 2.000e+00 0.000e+00 0.000e+00
 0.000e+00 1.000e+00 1.000e+00 2.000e+00 0.000e+00 0.000e+00 1.000e+00
 0.000e+00 0.000e+00 0.000e+00 0.000e+00 0.000e+00 1.000e+00 1.000e+00
 1.000e+00 0.000e+00 0.000e+00 0.000e+00 0.000e+00 1.000e+00]
513600 loops cons: [1.416e+03 4.360e+02 2.090e+02 1.120e+02 5.800e+01 3.700e+01 2.500e+01
 2.400e+01 1.500e+01 9.000e+00 1.300e+01 7.000e+00 4.000e+00 4.000e+00
 6.000e+00 2.000e+00 5.000e+00 1.000e+00 2.000e+00 1.000e+00 0.000e+00
 2.000e+00 2.000e+00 0.000e+00 1.000e+00 2.000e+00 0.000e+00 0.000e+00
 0.000e+00 1.000e+00 1.000e+00 2.000e+00 0.000e+00 0.000e+00 1.000e+00
 0.000e+00 0.000e+00 0.000e+00 0.000e+00 0.000e+00 1.000e+00 1.000e+00
 1.000e+00 0.000e+00 0.000e+00 0.000e+00 0.000e+00 1.000e+00]
518400 loops cons: [1.43e+03 4.40e+02 2.11e+02 1.12e+02 5.80e+01 3.70e+01 2.50e+01 2.40e+01
 1.50e+01 9.00e+00 1.30e+01 7.00e+00 4.00e+00 4.00e+00 6.00e+00 2.00e+00
 5.00e+00 1.00e+00 2.00e+00 1.00e+00 0.00e+00 2.00e+00 2.00e+00 0.00e+00
 1.00e+00 2.00e+00 0.00e+00 0.00e+00 0.00e+00 1.00e+00 1.00e+00 2.00e+00
 0.00e+00 0.00e+00 1.00e+00 0.00e+00 0.00e+00 0.00e+00 0.00e+00 0.00e+00
 1.00e+00 1.00e+00 1.00e+00 0.00e+00 0.00e+00 0.00e+00 0.00e+00 1.00e+00]
523200 loops cons: [1.444e+03 4.430e+02 2.150e+02 1.130e+02 5.800e+01 3.700e+01 2.500e+01
 2.400e+01 1.500e+01 9.000e+00 1.300e+01 7.000e+00 4.000e+00 4.000e+00
 6.000e+00 2.000e+00 5.000e+00 2.000e+00 2.000e+00 1.000e+00 0.000e+00
 2.000e+00 2.000e+00 0.000e+00 1.000e+00 2.000e+00 0.000e+00 0.000e+00
 0.000e+00 1.000e+00 1.000e+00 2.000e+00 0.000e+00 0.000e+00 1.000e+00
 0.000e+00 0.000e+00 0.000e+00 0.000e+00 0.000e+00 1.000e+00 1.000e+00
 1.000e+00 0.000e+00 0.000e+00 0.000e+00 0.000e+00 1.000e+00]
528000 loops cons: [1.455e+03 4.460e+02 2.160e+02 1.140e+02 5.800e+01 3.700e+01 2.500e+01
 2.400e+01 1.600e+01 9.000e+00 1.300e+01 7.000e+00 4.000e+00 4.000e+00
 6.000e+00 2.000e+00 5.000e+00 2.000e+00 2.000e+00 1.000e+00 0.000e+00
 2.000e+00 2.000e+00 0.000e+00 1.000e+00 2.000e+00 0.000e+00 0.000e+00
 0.000e+00 1.000e+00 1.000e+00 3.000e+00 0.000e+00 0.000e+00 1.000e+00
 0.000e+00 0.000e+00 0.000e+00 0.000e+00 0.000e+00 1.000e+00 1.000e+00
 1.000e+00 0.000e+00 0.000e+00 0.000e+00 0.000e+00 1.000e+00]
532800 loops cons: [1.468e+03 4.500e+02 2.210e+02 1.170e+02 5.800e+01 3.700e+01 2.500e+01
 2.500e+01 1.600e+01 9.000e+00 1.300e+01 7.000e+00 4.000e+00 4.000e+00
 6.000e+00 2.000e+00 5.000e+00 2.000e+00 2.000e+00 1.000e+00 0.000e+00
 2.000e+00 2.000e+00 0.000e+00 1.000e+00 2.000e+00 0.000e+00 0.000e+00
 0.000e+00 1.000e+00 1.000e+00 3.000e+00 0.000e+00 0.000e+00 1.000e+00
 0.000e+00 0.000e+00 0.000e+00 0.000e+00 0.000e+00 1.000e+00 1.000e+00
 1.000e+00 0.000e+00 0.000e+00 0.000e+00 0.000e+00 1.000e+00]
537600 loops cons: [1.486e+03 4.530e+02 2.220e+02 1.180e+02 5.900e+01 3.900e+01 2.500e+01
 2.500e+01 1.600e+01 9.000e+00 1.300e+01 7.000e+00 4.000e+00 4.000e+00
 6.000e+00 2.000e+00 5.000e+00 2.000e+00 2.000e+00 1.000e+00 0.000e+00
 2.000e+00 2.000e+00 0.000e+00 1.000e+00 2.000e+00 0.000e+00 0.000e+00
 0.000e+00 1.000e+00 1.000e+00 3.000e+00 0.000e+00 0.000e+00 1.000e+00
 0.000e+00 0.000e+00 0.000e+00 0.000e+00 0.000e+00 1.000e+00 1.000e+00
 1.000e+00 0.000e+00 0.000e+00 0.000e+00 0.000e+00 1.000e+00]
542400 loops cons: [1.498e+03 4.580e+02 2.260e+02 1.200e+02 5.900e+01 3.900e+01 2.500e+01
 2.500e+01 1.600e+01 9.000e+00 1.300e+01 7.000e+00 4.000e+00 5.000e+00
 6.000e+00 2.000e+00 5.000e+00 2.000e+00 2.000e+00 1.000e+00 0.000e+00
 2.000e+00 2.000e+00 0.000e+00 1.000e+00 2.000e+00 0.000e+00 0.000e+00
 0.000e+00 1.000e+00 1.000e+00 3.000e+00 0.000e+00 0.000e+00 1.000e+00
 0.000e+00 0.000e+00 0.000e+00 0.000e+00 0.000e+00 1.000e+00 1.000e+00
 1.000e+00 0.000e+00 0.000e+00 0.000e+00 0.000e+00 1.000e+00]
547200 loops cons: [1.509e+03 4.590e+02 2.260e+02 1.200e+02 6.000e+01 3.900e+01 2.500e+01
 2.500e+01 1.600e+01 9.000e+00 1.400e+01 7.000e+00 4.000e+00 5.000e+00
 6.000e+00 2.000e+00 5.000e+00 2.000e+00 3.000e+00 1.000e+00 0.000e+00
 2.000e+00 2.000e+00 0.000e+00 1.000e+00 2.000e+00 0.000e+00 0.000e+00
 0.000e+00 1.000e+00 1.000e+00 3.000e+00 0.000e+00 0.000e+00 1.000e+00
 0.000e+00 0.000e+00 0.000e+00 0.000e+00 0.000e+00 1.000e+00 1.000e+00
 1.000e+00 0.000e+00 0.000e+00 0.000e+00 0.000e+00 1.000e+00]
552000 loops cons: [1.519e+03 4.630e+02 2.300e+02 1.200e+02 6.200e+01 3.900e+01 2.500e+01
 2.500e+01 1.600e+01 9.000e+00 1.400e+01 7.000e+00 4.000e+00 5.000e+00
 6.000e+00 2.000e+00 5.000e+00 2.000e+00 3.000e+00 1.000e+00 0.000e+00
 2.000e+00 2.000e+00 0.000e+00 1.000e+00 2.000e+00 0.000e+00 0.000e+00
 0.000e+00 1.000e+00 1.000e+00 3.000e+00 0.000e+00 0.000e+00 1.000e+00
 0.000e+00 0.000e+00 0.000e+00 0.000e+00 0.000e+00 1.000e+00 1.000e+00
 1.000e+00 0.000e+00 0.000e+00 0.000e+00 0.000e+00 1.000e+00]
556800 loops cons: [1.531e+03 4.670e+02 2.320e+02 1.210e+02 6.200e+01 3.900e+01 2.500e+01
 2.500e+01 1.600e+01 9.000e+00 1.400e+01 7.000e+00 4.000e+00 5.000e+00
 6.000e+00 2.000e+00 5.000e+00 2.000e+00 3.000e+00 1.000e+00 0.000e+00
 2.000e+00 2.000e+00 0.000e+00 1.000e+00 2.000e+00 0.000e+00 0.000e+00
 0.000e+00 1.000e+00 1.000e+00 3.000e+00 0.000e+00 0.000e+00 1.000e+00
 0.000e+00 0.000e+00 0.000e+00 0.000e+00 0.000e+00 1.000e+00 1.000e+00
 1.000e+00 0.000e+00 0.000e+00 0.000e+00 0.000e+00 1.000e+00]
561600 loops cons: [1.548e+03 4.710e+02 2.330e+02 1.210e+02 6.300e+01 4.000e+01 2.600e+01
 2.700e+01 1.700e+01 9.000e+00 1.400e+01 7.000e+00 4.000e+00 5.000e+00
 6.000e+00 2.000e+00 5.000e+00 2.000e+00 3.000e+00 2.000e+00 0.000e+00
 2.000e+00 2.000e+00 0.000e+00 1.000e+00 2.000e+00 0.000e+00 0.000e+00
 0.000e+00 1.000e+00 1.000e+00 3.000e+00 0.000e+00 0.000e+00 1.000e+00
 0.000e+00 0.000e+00 0.000e+00 0.000e+00 0.000e+00 1.000e+00 1.000e+00
 1.000e+00 0.000e+00 0.000e+00 0.000e+00 0.000e+00 1.000e+00]
566400 loops cons: [1.559e+03 4.750e+02 2.340e+02 1.230e+02 6.400e+01 4.000e+01 2.600e+01
 2.700e+01 1.700e+01 1.000e+01 1.400e+01 7.000e+00 4.000e+00 5.000e+00
 6.000e+00 2.000e+00 5.000e+00 2.000e+00 3.000e+00 2.000e+00 0.000e+00
 2.000e+00 2.000e+00 0.000e+00 1.000e+00 2.000e+00 0.000e+00 0.000e+00
 0.000e+00 1.000e+00 1.000e+00 3.000e+00 0.000e+00 0.000e+00 1.000e+00
 0.000e+00 0.000e+00 0.000e+00 0.000e+00 0.000e+00 1.000e+00 1.000e+00
 1.000e+00 0.000e+00 0.000e+00 0.000e+00 0.000e+00 1.000e+00]
571200 loops cons: [1.576e+03 4.800e+02 2.340e+02 1.230e+02 6.400e+01 4.100e+01 2.600e+01
 2.700e+01 1.700e+01 1.000e+01 1.400e+01 7.000e+00 4.000e+00 5.000e+00
 6.000e+00 2.000e+00 5.000e+00 2.000e+00 3.000e+00 2.000e+00 0.000e+00
 2.000e+00 2.000e+00 0.000e+00 1.000e+00 2.000e+00 0.000e+00 0.000e+00
 0.000e+00 1.000e+00 1.000e+00 3.000e+00 0.000e+00 0.000e+00 1.000e+00
 0.000e+00 0.000e+00 0.000e+00 0.000e+00 0.000e+00 1.000e+00 1.000e+00
 1.000e+00 0.000e+00 0.000e+00 0.000e+00 0.000e+00 1.000e+00]
576000 loops cons: [1.589e+03 4.830e+02 2.360e+02 1.230e+02 6.400e+01 4.100e+01 2.600e+01
 2.700e+01 1.700e+01 1.000e+01 1.400e+01 7.000e+00 4.000e+00 5.000e+00
 6.000e+00 2.000e+00 5.000e+00 2.000e+00 3.000e+00 2.000e+00 0.000e+00
 2.000e+00 2.000e+00 0.000e+00 1.000e+00 2.000e+00 0.000e+00 0.000e+00
 0.000e+00 1.000e+00 1.000e+00 3.000e+00 0.000e+00 0.000e+00 1.000e+00
 0.000e+00 0.000e+00 0.000e+00 0.000e+00 0.000e+00 1.000e+00 1.000e+00
 1.000e+00 0.000e+00 0.000e+00 0.000e+00 0.000e+00 1.000e+00]
580800 loops cons: [1.599e+03 4.840e+02 2.360e+02 1.240e+02 6.500e+01 4.100e+01 2.600e+01
 2.800e+01 1.700e+01 1.000e+01 1.500e+01 7.000e+00 4.000e+00 5.000e+00
 6.000e+00 2.000e+00 5.000e+00 2.000e+00 3.000e+00 2.000e+00 0.000e+00
 2.000e+00 2.000e+00 0.000e+00 1.000e+00 2.000e+00 1.000e+00 0.000e+00
 0.000e+00 1.000e+00 1.000e+00 3.000e+00 0.000e+00 0.000e+00 1.000e+00
 0.000e+00 0.000e+00 0.000e+00 0.000e+00 0.000e+00 1.000e+00 1.000e+00
 1.000e+00 0.000e+00 0.000e+00 0.000e+00 0.000e+00 1.000e+00]
585600 loops cons: [1.608e+03 4.840e+02 2.360e+02 1.260e+02 6.500e+01 4.100e+01 2.600e+01
 2.900e+01 1.700e+01 1.000e+01 1.500e+01 7.000e+00 4.000e+00 5.000e+00
 6.000e+00 2.000e+00 5.000e+00 2.000e+00 4.000e+00 2.000e+00 0.000e+00
 2.000e+00 2.000e+00 0.000e+00 1.000e+00 2.000e+00 1.000e+00 0.000e+00
 0.000e+00 1.000e+00 1.000e+00 3.000e+00 0.000e+00 0.000e+00 1.000e+00
 0.000e+00 0.000e+00 0.000e+00 0.000e+00 0.000e+00 1.000e+00 1.000e+00
 1.000e+00 0.000e+00 0.000e+00 0.000e+00 0.000e+00 1.000e+00]
590400 loops cons: [1.618e+03 4.860e+02 2.370e+02 1.270e+02 6.500e+01 4.100e+01 2.600e+01
 2.900e+01 1.700e+01 1.000e+01 1.500e+01 7.000e+00 4.000e+00 5.000e+00
 6.000e+00 2.000e+00 5.000e+00 2.000e+00 4.000e+00 2.000e+00 0.000e+00
 2.000e+00 2.000e+00 0.000e+00 1.000e+00 2.000e+00 1.000e+00 0.000e+00
 0.000e+00 1.000e+00 1.000e+00 3.000e+00 0.000e+00 0.000e+00 1.000e+00
 0.000e+00 0.000e+00 0.000e+00 0.000e+00 0.000e+00 1.000e+00 1.000e+00
 1.000e+00 0.000e+00 0.000e+00 0.000e+00 0.000e+00 1.000e+00]
595200 loops cons: [1.628e+03 4.880e+02 2.380e+02 1.290e+02 6.600e+01 4.200e+01 2.600e+01
 2.900e+01 1.700e+01 1.100e+01 1.500e+01 7.000e+00 4.000e+00 5.000e+00
 6.000e+00 2.000e+00 5.000e+00 2.000e+00 4.000e+00 2.000e+00 0.000e+00
 2.000e+00 2.000e+00 0.000e+00 1.000e+00 2.000e+00 1.000e+00 0.000e+00
 0.000e+00 1.000e+00 1.000e+00 3.000e+00 0.000e+00 0.000e+00 1.000e+00
 0.000e+00 0.000e+00 0.000e+00 0.000e+00 0.000e+00 1.000e+00 1.000e+00
 1.000e+00 0.000e+00 0.000e+00 0.000e+00 0.000e+00 1.000e+00]
600000 loops cons: [1.638e+03 4.910e+02 2.400e+02 1.300e+02 6.600e+01 4.200e+01 2.700e+01
 2.900e+01 1.700e+01 1.100e+01 1.500e+01 7.000e+00 4.000e+00 5.000e+00
 6.000e+00 2.000e+00 5.000e+00 2.000e+00 4.000e+00 2.000e+00 0.000e+00
 2.000e+00 2.000e+00 0.000e+00 1.000e+00 2.000e+00 1.000e+00 0.000e+00
 0.000e+00 1.000e+00 1.000e+00 3.000e+00 0.000e+00 0.000e+00 1.000e+00
 0.000e+00 0.000e+00 0.000e+00 0.000e+00 0.000e+00 1.000e+00 1.000e+00
 1.000e+00 0.000e+00 0.000e+00 0.000e+00 0.000e+00 1.000e+00]
604800 loops cons: [1.649e+03 4.930e+02 2.420e+02 1.300e+02 6.600e+01 4.200e+01 2.700e+01
 2.900e+01 1.800e+01 1.100e+01 1.500e+01 7.000e+00 4.000e+00 5.000e+00
 6.000e+00 3.000e+00 5.000e+00 2.000e+00 4.000e+00 2.000e+00 0.000e+00
 2.000e+00 2.000e+00 0.000e+00 1.000e+00 2.000e+00 1.000e+00 0.000e+00
 0.000e+00 1.000e+00 1.000e+00 3.000e+00 0.000e+00 0.000e+00 1.000e+00
 0.000e+00 0.000e+00 0.000e+00 0.000e+00 0.000e+00 1.000e+00 1.000e+00
 1.000e+00 0.000e+00 0.000e+00 0.000e+00 0.000e+00 1.000e+00]
609600 loops cons: [1.663e+03 4.940e+02 2.430e+02 1.320e+02 6.600e+01 4.200e+01 2.800e+01
 2.900e+01 1.900e+01 1.100e+01 1.600e+01 7.000e+00 4.000e+00 5.000e+00
 6.000e+00 3.000e+00 5.000e+00 2.000e+00 4.000e+00 2.000e+00 0.000e+00
 2.000e+00 2.000e+00 0.000e+00 1.000e+00 2.000e+00 1.000e+00 0.000e+00
 0.000e+00 1.000e+00 1.000e+00 3.000e+00 0.000e+00 0.000e+00 1.000e+00
 0.000e+00 0.000e+00 0.000e+00 0.000e+00 1.000e+00 1.000e+00 1.000e+00
 1.000e+00 0.000e+00 0.000e+00 0.000e+00 0.000e+00 1.000e+00]
614400 loops cons: [1.671e+03 4.990e+02 2.470e+02 1.340e+02 6.700e+01 4.200e+01 2.800e+01
 2.900e+01 1.900e+01 1.100e+01 1.600e+01 7.000e+00 4.000e+00 5.000e+00
 6.000e+00 3.000e+00 5.000e+00 2.000e+00 4.000e+00 2.000e+00 0.000e+00
 2.000e+00 2.000e+00 0.000e+00 1.000e+00 2.000e+00 1.000e+00 0.000e+00
 0.000e+00 1.000e+00 1.000e+00 3.000e+00 0.000e+00 0.000e+00 1.000e+00
 0.000e+00 0.000e+00 0.000e+00 0.000e+00 1.000e+00 1.000e+00 1.000e+00
 1.000e+00 0.000e+00 0.000e+00 0.000e+00 0.000e+00 1.000e+00]
619200 loops cons: [1.692e+03 5.010e+02 2.490e+02 1.340e+02 6.800e+01 4.200e+01 2.800e+01
 2.900e+01 1.900e+01 1.100e+01 1.600e+01 7.000e+00 4.000e+00 5.000e+00
 6.000e+00 3.000e+00 5.000e+00 2.000e+00 4.000e+00 3.000e+00 0.000e+00
 2.000e+00 2.000e+00 0.000e+00 1.000e+00 2.000e+00 1.000e+00 0.000e+00
 0.000e+00 1.000e+00 1.000e+00 3.000e+00 0.000e+00 0.000e+00 1.000e+00
 0.000e+00 0.000e+00 0.000e+00 0.000e+00 1.000e+00 1.000e+00 1.000e+00
 1.000e+00 0.000e+00 0.000e+00 0.000e+00 0.000e+00 1.000e+00]
624000 loops cons: [1.706e+03 5.070e+02 2.500e+02 1.340e+02 6.900e+01 4.200e+01 2.800e+01
 2.900e+01 1.900e+01 1.100e+01 1.600e+01 7.000e+00 4.000e+00 5.000e+00
 6.000e+00 3.000e+00 5.000e+00 2.000e+00 4.000e+00 3.000e+00 0.000e+00
 2.000e+00 2.000e+00 0.000e+00 1.000e+00 2.000e+00 1.000e+00 0.000e+00
 0.000e+00 1.000e+00 1.000e+00 3.000e+00 0.000e+00 0.000e+00 1.000e+00
 0.000e+00 0.000e+00 0.000e+00 0.000e+00 1.000e+00 1.000e+00 1.000e+00
 1.000e+00 0.000e+00 0.000e+00 0.000e+00 0.000e+00 1.000e+00]
628800 loops cons: [1.72e+03 5.12e+02 2.54e+02 1.35e+02 6.90e+01 4.20e+01 2.80e+01 2.90e+01
 1.90e+01 1.10e+01 1.60e+01 7.00e+00 5.00e+00 5.00e+00 6.00e+00 3.00e+00
 5.00e+00 2.00e+00 4.00e+00 3.00e+00 0.00e+00 2.00e+00 2.00e+00 0.00e+00
 1.00e+00 2.00e+00 1.00e+00 0.00e+00 0.00e+00 1.00e+00 1.00e+00 3.00e+00
 0.00e+00 0.00e+00 1.00e+00 0.00e+00 0.00e+00 0.00e+00 0.00e+00 1.00e+00
 1.00e+00 1.00e+00 1.00e+00 0.00e+00 0.00e+00 0.00e+00 0.00e+00 1.00e+00]
633600 loops cons: [1.732e+03 5.140e+02 2.570e+02 1.370e+02 7.000e+01 4.300e+01 2.800e+01
 2.900e+01 1.900e+01 1.100e+01 1.700e+01 7.000e+00 5.000e+00 5.000e+00
 6.000e+00 3.000e+00 5.000e+00 2.000e+00 4.000e+00 3.000e+00 0.000e+00
 2.000e+00 2.000e+00 0.000e+00 1.000e+00 2.000e+00 1.000e+00 0.000e+00
 0.000e+00 1.000e+00 1.000e+00 3.000e+00 0.000e+00 0.000e+00 1.000e+00
 0.000e+00 0.000e+00 0.000e+00 0.000e+00 1.000e+00 1.000e+00 1.000e+00
 1.000e+00 0.000e+00 0.000e+00 0.000e+00 0.000e+00 1.000e+00]
638400 loops cons: [1.747e+03 5.180e+02 2.580e+02 1.380e+02 7.000e+01 4.300e+01 2.800e+01
 2.900e+01 2.000e+01 1.200e+01 1.700e+01 7.000e+00 5.000e+00 5.000e+00
 6.000e+00 3.000e+00 5.000e+00 2.000e+00 4.000e+00 3.000e+00 0.000e+00
 2.000e+00 2.000e+00 0.000e+00 1.000e+00 2.000e+00 1.000e+00 0.000e+00
 0.000e+00 1.000e+00 1.000e+00 3.000e+00 0.000e+00 0.000e+00 1.000e+00
 0.000e+00 0.000e+00 0.000e+00 0.000e+00 1.000e+00 1.000e+00 1.000e+00
 1.000e+00 0.000e+00 0.000e+00 0.000e+00 0.000e+00 1.000e+00]
643200 loops cons: [1.758e+03 5.210e+02 2.590e+02 1.390e+02 7.000e+01 4.300e+01 2.800e+01
 3.100e+01 2.000e+01 1.200e+01 1.700e+01 7.000e+00 5.000e+00 5.000e+00
 6.000e+00 3.000e+00 5.000e+00 2.000e+00 4.000e+00 3.000e+00 0.000e+00
 2.000e+00 2.000e+00 0.000e+00 1.000e+00 2.000e+00 1.000e+00 0.000e+00
 0.000e+00 1.000e+00 1.000e+00 3.000e+00 0.000e+00 0.000e+00 1.000e+00
 0.000e+00 0.000e+00 0.000e+00 0.000e+00 1.000e+00 1.000e+00 1.000e+00
 1.000e+00 0.000e+00 0.000e+00 0.000e+00 0.000e+00 1.000e+00]
648000 loops cons: [1.774e+03 5.220e+02 2.610e+02 1.410e+02 7.000e+01 4.300e+01 2.800e+01
 3.100e+01 2.000e+01 1.200e+01 1.700e+01 7.000e+00 5.000e+00 5.000e+00
 6.000e+00 3.000e+00 5.000e+00 2.000e+00 4.000e+00 3.000e+00 0.000e+00
 2.000e+00 2.000e+00 0.000e+00 1.000e+00 2.000e+00 1.000e+00 0.000e+00
 0.000e+00 1.000e+00 1.000e+00 3.000e+00 0.000e+00 0.000e+00 1.000e+00
 0.000e+00 0.000e+00 0.000e+00 0.000e+00 1.000e+00 1.000e+00 1.000e+00
 1.000e+00 0.000e+00 0.000e+00 1.000e+00 0.000e+00 1.000e+00]
652800 loops cons: [1.787e+03 5.270e+02 2.610e+02 1.430e+02 7.000e+01 4.300e+01 2.800e+01
 3.100e+01 2.000e+01 1.200e+01 1.700e+01 7.000e+00 5.000e+00 5.000e+00
 7.000e+00 3.000e+00 5.000e+00 2.000e+00 4.000e+00 3.000e+00 0.000e+00
 3.000e+00 2.000e+00 0.000e+00 1.000e+00 2.000e+00 1.000e+00 0.000e+00
 0.000e+00 1.000e+00 1.000e+00 3.000e+00 0.000e+00 0.000e+00 1.000e+00
 0.000e+00 0.000e+00 0.000e+00 0.000e+00 1.000e+00 1.000e+00 1.000e+00
 1.000e+00 0.000e+00 0.000e+00 1.000e+00 0.000e+00 1.000e+00]
657600 loops cons: [1.797e+03 5.300e+02 2.630e+02 1.430e+02 7.000e+01 4.400e+01 2.800e+01
 3.100e+01 2.100e+01 1.200e+01 1.700e+01 7.000e+00 5.000e+00 5.000e+00
 7.000e+00 3.000e+00 5.000e+00 2.000e+00 4.000e+00 3.000e+00 0.000e+00
 3.000e+00 2.000e+00 1.000e+00 1.000e+00 2.000e+00 1.000e+00 0.000e+00
 0.000e+00 1.000e+00 1.000e+00 3.000e+00 0.000e+00 0.000e+00 1.000e+00
 0.000e+00 0.000e+00 0.000e+00 0.000e+00 1.000e+00 1.000e+00 1.000e+00
 1.000e+00 0.000e+00 0.000e+00 1.000e+00 0.000e+00 1.000e+00]
662400 loops cons: [1.816e+03 5.360e+02 2.630e+02 1.440e+02 7.000e+01 4.400e+01 2.800e+01
 3.100e+01 2.100e+01 1.200e+01 1.700e+01 8.000e+00 5.000e+00 5.000e+00
 7.000e+00 3.000e+00 5.000e+00 2.000e+00 4.000e+00 3.000e+00 0.000e+00
 3.000e+00 2.000e+00 1.000e+00 1.000e+00 2.000e+00 1.000e+00 0.000e+00
 0.000e+00 1.000e+00 2.000e+00 3.000e+00 0.000e+00 0.000e+00 1.000e+00
 0.000e+00 1.000e+00 0.000e+00 0.000e+00 1.000e+00 1.000e+00 1.000e+00
 1.000e+00 0.000e+00 0.000e+00 1.000e+00 0.000e+00 1.000e+00]
667200 loops cons: [1.825e+03 5.380e+02 2.660e+02 1.450e+02 7.000e+01 4.500e+01 2.900e+01
 3.100e+01 2.100e+01 1.300e+01 1.700e+01 8.000e+00 5.000e+00 5.000e+00
 7.000e+00 3.000e+00 5.000e+00 2.000e+00 4.000e+00 3.000e+00 0.000e+00
 3.000e+00 2.000e+00 2.000e+00 1.000e+00 2.000e+00 1.000e+00 0.000e+00
 0.000e+00 1.000e+00 2.000e+00 3.000e+00 0.000e+00 0.000e+00 1.000e+00
 0.000e+00 1.000e+00 0.000e+00 0.000e+00 1.000e+00 1.000e+00 1.000e+00
 1.000e+00 0.000e+00 0.000e+00 1.000e+00 0.000e+00 1.000e+00]
672000 loops cons: [1.834e+03 5.420e+02 2.660e+02 1.460e+02 7.100e+01 4.500e+01 2.900e+01
 3.100e+01 2.100e+01 1.300e+01 1.700e+01 8.000e+00 5.000e+00 5.000e+00
 7.000e+00 3.000e+00 5.000e+00 2.000e+00 4.000e+00 3.000e+00 0.000e+00
 3.000e+00 2.000e+00 2.000e+00 1.000e+00 2.000e+00 1.000e+00 0.000e+00
 0.000e+00 1.000e+00 2.000e+00 3.000e+00 0.000e+00 0.000e+00 1.000e+00
 0.000e+00 1.000e+00 0.000e+00 0.000e+00 1.000e+00 1.000e+00 1.000e+00
 1.000e+00 0.000e+00 0.000e+00 1.000e+00 0.000e+00 1.000e+00]
676800 loops cons: [1.852e+03 5.430e+02 2.680e+02 1.460e+02 7.200e+01 4.500e+01 2.900e+01
 3.100e+01 2.100e+01 1.300e+01 1.700e+01 8.000e+00 6.000e+00 5.000e+00
 7.000e+00 3.000e+00 5.000e+00 2.000e+00 4.000e+00 3.000e+00 0.000e+00
 3.000e+00 2.000e+00 2.000e+00 1.000e+00 2.000e+00 1.000e+00 0.000e+00
 0.000e+00 1.000e+00 2.000e+00 3.000e+00 0.000e+00 0.000e+00 1.000e+00
 0.000e+00 1.000e+00 0.000e+00 0.000e+00 1.000e+00 1.000e+00 1.000e+00
 1.000e+00 0.000e+00 0.000e+00 1.000e+00 0.000e+00 1.000e+00]
681600 loops cons: [1.866e+03 5.460e+02 2.680e+02 1.480e+02 7.300e+01 4.500e+01 2.900e+01
 3.100e+01 2.100e+01 1.300e+01 1.700e+01 8.000e+00 6.000e+00 5.000e+00
 7.000e+00 3.000e+00 5.000e+00 2.000e+00 4.000e+00 3.000e+00 0.000e+00
 3.000e+00 2.000e+00 2.000e+00 1.000e+00 2.000e+00 1.000e+00 0.000e+00
 0.000e+00 1.000e+00 2.000e+00 3.000e+00 0.000e+00 0.000e+00 1.000e+00
 0.000e+00 1.000e+00 0.000e+00 0.000e+00 1.000e+00 1.000e+00 1.000e+00
 1.000e+00 0.000e+00 0.000e+00 1.000e+00 0.000e+00 1.000e+00]
686400 loops cons: [1.877e+03 5.480e+02 2.710e+02 1.490e+02 7.300e+01 4.600e+01 2.900e+01
 3.100e+01 2.100e+01 1.300e+01 1.700e+01 8.000e+00 6.000e+00 5.000e+00
 7.000e+00 3.000e+00 5.000e+00 2.000e+00 4.000e+00 3.000e+00 0.000e+00
 3.000e+00 2.000e+00 2.000e+00 1.000e+00 2.000e+00 1.000e+00 0.000e+00
 0.000e+00 1.000e+00 2.000e+00 3.000e+00 0.000e+00 0.000e+00 1.000e+00
 0.000e+00 1.000e+00 0.000e+00 0.000e+00 1.000e+00 1.000e+00 1.000e+00
 1.000e+00 0.000e+00 0.000e+00 1.000e+00 0.000e+00 1.000e+00]
691200 loops cons: [1.89e+03 5.52e+02 2.71e+02 1.49e+02 7.30e+01 4.60e+01 2.90e+01 3.20e+01
 2.10e+01 1.40e+01 1.70e+01 8.00e+00 6.00e+00 5.00e+00 7.00e+00 3.00e+00
 5.00e+00 2.00e+00 4.00e+00 3.00e+00 0.00e+00 3.00e+00 2.00e+00 2.00e+00
 1.00e+00 2.00e+00 1.00e+00 0.00e+00 0.00e+00 1.00e+00 2.00e+00 3.00e+00
 0.00e+00 0.00e+00 1.00e+00 0.00e+00 1.00e+00 0.00e+00 0.00e+00 1.00e+00
 1.00e+00 1.00e+00 1.00e+00 0.00e+00 0.00e+00 1.00e+00 0.00e+00 1.00e+00]
696000 loops cons: [1.905e+03 5.590e+02 2.720e+02 1.490e+02 7.400e+01 4.600e+01 3.000e+01
 3.200e+01 2.100e+01 1.400e+01 1.700e+01 8.000e+00 6.000e+00 5.000e+00
 7.000e+00 3.000e+00 5.000e+00 2.000e+00 4.000e+00 3.000e+00 0.000e+00
 3.000e+00 2.000e+00 2.000e+00 1.000e+00 2.000e+00 1.000e+00 0.000e+00
 0.000e+00 1.000e+00 2.000e+00 3.000e+00 0.000e+00 0.000e+00 1.000e+00
 0.000e+00 1.000e+00 0.000e+00 0.000e+00 1.000e+00 1.000e+00 1.000e+00
 1.000e+00 0.000e+00 0.000e+00 1.000e+00 0.000e+00 1.000e+00]
700800 loops cons: [1.919e+03 5.650e+02 2.750e+02 1.500e+02 7.600e+01 4.600e+01 3.000e+01
 3.200e+01 2.100e+01 1.400e+01 1.700e+01 8.000e+00 6.000e+00 5.000e+00
 7.000e+00 3.000e+00 5.000e+00 2.000e+00 4.000e+00 3.000e+00 0.000e+00
 3.000e+00 2.000e+00 2.000e+00 1.000e+00 2.000e+00 1.000e+00 0.000e+00
 0.000e+00 1.000e+00 2.000e+00 3.000e+00 0.000e+00 0.000e+00 1.000e+00
 0.000e+00 1.000e+00 0.000e+00 0.000e+00 1.000e+00 1.000e+00 1.000e+00
 1.000e+00 0.000e+00 0.000e+00 1.000e+00 0.000e+00 1.000e+00]
705600 loops cons: [1.933e+03 5.680e+02 2.770e+02 1.510e+02 7.700e+01 4.600e+01 3.000e+01
 3.200e+01 2.100e+01 1.400e+01 1.700e+01 8.000e+00 6.000e+00 5.000e+00
 7.000e+00 3.000e+00 5.000e+00 2.000e+00 4.000e+00 3.000e+00 0.000e+00
 3.000e+00 2.000e+00 2.000e+00 2.000e+00 2.000e+00 1.000e+00 0.000e+00
 0.000e+00 1.000e+00 2.000e+00 3.000e+00 0.000e+00 0.000e+00 1.000e+00
 0.000e+00 1.000e+00 0.000e+00 0.000e+00 1.000e+00 1.000e+00 1.000e+00
 1.000e+00 0.000e+00 0.000e+00 1.000e+00 0.000e+00 1.000e+00]
710400 loops cons: [1.952e+03 5.700e+02 2.810e+02 1.520e+02 7.700e+01 4.700e+01 3.000e+01
 3.200e+01 2.100e+01 1.400e+01 1.800e+01 9.000e+00 7.000e+00 5.000e+00
 8.000e+00 3.000e+00 5.000e+00 2.000e+00 4.000e+00 3.000e+00 0.000e+00
 3.000e+00 2.000e+00 2.000e+00 2.000e+00 2.000e+00 1.000e+00 0.000e+00
 0.000e+00 1.000e+00 2.000e+00 3.000e+00 0.000e+00 0.000e+00 1.000e+00
 0.000e+00 1.000e+00 0.000e+00 0.000e+00 1.000e+00 1.000e+00 1.000e+00
 1.000e+00 0.000e+00 0.000e+00 1.000e+00 0.000e+00 1.000e+00]
715200 loops cons: [1.966e+03 5.720e+02 2.820e+02 1.550e+02 7.700e+01 4.700e+01 3.000e+01
 3.200e+01 2.100e+01 1.400e+01 1.800e+01 9.000e+00 7.000e+00 5.000e+00
 8.000e+00 3.000e+00 5.000e+00 2.000e+00 4.000e+00 3.000e+00 0.000e+00
 3.000e+00 2.000e+00 2.000e+00 2.000e+00 2.000e+00 1.000e+00 0.000e+00
 0.000e+00 1.000e+00 2.000e+00 3.000e+00 0.000e+00 0.000e+00 1.000e+00
 0.000e+00 1.000e+00 0.000e+00 0.000e+00 1.000e+00 1.000e+00 1.000e+00
 1.000e+00 0.000e+00 0.000e+00 1.000e+00 0.000e+00 1.000e+00]
720000 loops cons: [1.975e+03 5.780e+02 2.840e+02 1.550e+02 7.700e+01 4.800e+01 3.000e+01
 3.300e+01 2.100e+01 1.400e+01 1.800e+01 9.000e+00 7.000e+00 5.000e+00
 8.000e+00 3.000e+00 5.000e+00 2.000e+00 4.000e+00 4.000e+00 0.000e+00
 3.000e+00 2.000e+00 2.000e+00 2.000e+00 2.000e+00 1.000e+00 0.000e+00
 0.000e+00 1.000e+00 2.000e+00 3.000e+00 1.000e+00 0.000e+00 1.000e+00
 0.000e+00 1.000e+00 0.000e+00 0.000e+00 1.000e+00 1.000e+00 1.000e+00
 1.000e+00 0.000e+00 0.000e+00 1.000e+00 0.000e+00 1.000e+00]
724800 loops cons: [1.988e+03 5.820e+02 2.880e+02 1.550e+02 7.800e+01 4.900e+01 3.000e+01
 3.300e+01 2.100e+01 1.400e+01 1.800e+01 9.000e+00 7.000e+00 5.000e+00
 8.000e+00 3.000e+00 5.000e+00 2.000e+00 4.000e+00 4.000e+00 0.000e+00
 3.000e+00 2.000e+00 2.000e+00 2.000e+00 2.000e+00 1.000e+00 0.000e+00
 0.000e+00 1.000e+00 2.000e+00 3.000e+00 1.000e+00 0.000e+00 1.000e+00
 0.000e+00 1.000e+00 0.000e+00 0.000e+00 1.000e+00 1.000e+00 1.000e+00
 1.000e+00 0.000e+00 0.000e+00 1.000e+00 0.000e+00 1.000e+00]
729600 loops cons: [2.005e+03 5.850e+02 2.900e+02 1.550e+02 7.800e+01 4.900e+01 3.000e+01
 3.300e+01 2.100e+01 1.400e+01 1.800e+01 9.000e+00 7.000e+00 5.000e+00
 8.000e+00 3.000e+00 5.000e+00 2.000e+00 4.000e+00 4.000e+00 0.000e+00
 3.000e+00 2.000e+00 2.000e+00 2.000e+00 2.000e+00 1.000e+00 0.000e+00
 0.000e+00 1.000e+00 2.000e+00 3.000e+00 1.000e+00 0.000e+00 1.000e+00
 0.000e+00 1.000e+00 0.000e+00 0.000e+00 1.000e+00 1.000e+00 1.000e+00
 1.000e+00 0.000e+00 0.000e+00 1.000e+00 0.000e+00 1.000e+00]
734400 loops cons: [2.02e+03 5.92e+02 2.91e+02 1.57e+02 7.80e+01 4.90e+01 3.00e+01 3.30e+01
 2.10e+01 1.40e+01 1.80e+01 1.00e+01 7.00e+00 5.00e+00 8.00e+00 3.00e+00
 5.00e+00 2.00e+00 4.00e+00 4.00e+00 0.00e+00 3.00e+00 2.00e+00 2.00e+00
 2.00e+00 2.00e+00 1.00e+00 0.00e+00 0.00e+00 1.00e+00 2.00e+00 3.00e+00
 1.00e+00 0.00e+00 1.00e+00 0.00e+00 1.00e+00 0.00e+00 0.00e+00 1.00e+00
 1.00e+00 1.00e+00 1.00e+00 0.00e+00 0.00e+00 1.00e+00 0.00e+00 1.00e+00]
739200 loops cons: [2.036e+03 5.950e+02 2.930e+02 1.590e+02 7.900e+01 5.000e+01 3.000e+01
 3.300e+01 2.100e+01 1.400e+01 1.800e+01 1.000e+01 7.000e+00 5.000e+00
 8.000e+00 3.000e+00 5.000e+00 2.000e+00 4.000e+00 4.000e+00 0.000e+00
 3.000e+00 2.000e+00 2.000e+00 2.000e+00 2.000e+00 1.000e+00 0.000e+00
 0.000e+00 1.000e+00 2.000e+00 3.000e+00 1.000e+00 0.000e+00 1.000e+00
 0.000e+00 1.000e+00 0.000e+00 0.000e+00 2.000e+00 1.000e+00 1.000e+00
 1.000e+00 0.000e+00 0.000e+00 1.000e+00 0.000e+00 1.000e+00]
744000 loops cons: [2.047e+03 6.020e+02 2.950e+02 1.590e+02 7.900e+01 5.000e+01 3.000e+01
 3.300e+01 2.100e+01 1.400e+01 1.800e+01 1.000e+01 7.000e+00 5.000e+00
 8.000e+00 3.000e+00 5.000e+00 2.000e+00 4.000e+00 4.000e+00 0.000e+00
 3.000e+00 2.000e+00 2.000e+00 2.000e+00 2.000e+00 1.000e+00 0.000e+00
 0.000e+00 1.000e+00 2.000e+00 3.000e+00 1.000e+00 0.000e+00 1.000e+00
 0.000e+00 1.000e+00 0.000e+00 0.000e+00 2.000e+00 1.000e+00 1.000e+00
 1.000e+00 0.000e+00 0.000e+00 1.000e+00 0.000e+00 1.000e+00]
748800 loops cons: [2.061e+03 6.110e+02 2.950e+02 1.600e+02 7.900e+01 5.200e+01 3.000e+01
 3.300e+01 2.200e+01 1.500e+01 1.800e+01 1.000e+01 7.000e+00 5.000e+00
 8.000e+00 3.000e+00 5.000e+00 2.000e+00 4.000e+00 4.000e+00 0.000e+00
 3.000e+00 2.000e+00 2.000e+00 2.000e+00 2.000e+00 1.000e+00 0.000e+00
 0.000e+00 1.000e+00 2.000e+00 3.000e+00 1.000e+00 0.000e+00 1.000e+00
 0.000e+00 1.000e+00 0.000e+00 0.000e+00 2.000e+00 1.000e+00 1.000e+00
 1.000e+00 0.000e+00 0.000e+00 1.000e+00 0.000e+00 1.000e+00]
753600 loops cons: [2.077e+03 6.130e+02 2.980e+02 1.610e+02 7.900e+01 5.300e+01 3.000e+01
 3.300e+01 2.200e+01 1.500e+01 1.800e+01 1.000e+01 7.000e+00 5.000e+00
 8.000e+00 3.000e+00 5.000e+00 2.000e+00 4.000e+00 4.000e+00 0.000e+00
 3.000e+00 2.000e+00 2.000e+00 2.000e+00 2.000e+00 1.000e+00 0.000e+00
 1.000e+00 1.000e+00 2.000e+00 3.000e+00 1.000e+00 0.000e+00 1.000e+00
 0.000e+00 1.000e+00 0.000e+00 0.000e+00 2.000e+00 1.000e+00 1.000e+00
 1.000e+00 0.000e+00 0.000e+00 1.000e+00 0.000e+00 1.000e+00]
758400 loops cons: [2.09e+03 6.21e+02 3.00e+02 1.64e+02 7.90e+01 5.30e+01 3.00e+01 3.30e+01
 2.20e+01 1.50e+01 1.80e+01 1.00e+01 7.00e+00 5.00e+00 8.00e+00 3.00e+00
 5.00e+00 2.00e+00 4.00e+00 4.00e+00 0.00e+00 3.00e+00 2.00e+00 2.00e+00
 2.00e+00 2.00e+00 1.00e+00 0.00e+00 1.00e+00 1.00e+00 2.00e+00 3.00e+00
 1.00e+00 0.00e+00 1.00e+00 0.00e+00 1.00e+00 0.00e+00 0.00e+00 2.00e+00
 1.00e+00 1.00e+00 1.00e+00 0.00e+00 0.00e+00 1.00e+00 0.00e+00 1.00e+00]
763200 loops cons: [2.111e+03 6.230e+02 3.030e+02 1.660e+02 8.000e+01 5.300e+01 3.100e+01
 3.300e+01 2.200e+01 1.500e+01 1.800e+01 1.000e+01 7.000e+00 5.000e+00
 8.000e+00 3.000e+00 5.000e+00 2.000e+00 4.000e+00 4.000e+00 1.000e+00
 3.000e+00 2.000e+00 2.000e+00 2.000e+00 2.000e+00 1.000e+00 0.000e+00
 1.000e+00 1.000e+00 2.000e+00 3.000e+00 1.000e+00 0.000e+00 2.000e+00
 0.000e+00 1.000e+00 0.000e+00 0.000e+00 2.000e+00 1.000e+00 1.000e+00
 1.000e+00 0.000e+00 0.000e+00 1.000e+00 0.000e+00 1.000e+00]
768000 loops cons: [2.122e+03 6.320e+02 3.070e+02 1.660e+02 8.000e+01 5.300e+01 3.100e+01
 3.300e+01 2.200e+01 1.500e+01 1.800e+01 1.000e+01 7.000e+00 5.000e+00
 8.000e+00 3.000e+00 5.000e+00 2.000e+00 4.000e+00 4.000e+00 1.000e+00
 3.000e+00 2.000e+00 2.000e+00 2.000e+00 2.000e+00 1.000e+00 0.000e+00
 1.000e+00 1.000e+00 2.000e+00 3.000e+00 1.000e+00 0.000e+00 2.000e+00
 0.000e+00 1.000e+00 0.000e+00 0.000e+00 2.000e+00 1.000e+00 1.000e+00
 1.000e+00 0.000e+00 0.000e+00 1.000e+00 0.000e+00 1.000e+00]
772800 loops cons: [2.131e+03 6.340e+02 3.070e+02 1.670e+02 8.100e+01 5.300e+01 3.100e+01
 3.400e+01 2.400e+01 1.500e+01 1.800e+01 1.000e+01 7.000e+00 5.000e+00
 8.000e+00 3.000e+00 5.000e+00 2.000e+00 4.000e+00 4.000e+00 1.000e+00
 3.000e+00 2.000e+00 2.000e+00 2.000e+00 2.000e+00 1.000e+00 0.000e+00
 1.000e+00 1.000e+00 2.000e+00 3.000e+00 1.000e+00 0.000e+00 2.000e+00
 0.000e+00 1.000e+00 0.000e+00 0.000e+00 2.000e+00 1.000e+00 1.000e+00
 1.000e+00 0.000e+00 0.000e+00 1.000e+00 0.000e+00 1.000e+00]
777600 loops cons: [2.14e+03 6.41e+02 3.07e+02 1.68e+02 8.10e+01 5.30e+01 3.10e+01 3.40e+01
 2.40e+01 1.50e+01 1.80e+01 1.00e+01 7.00e+00 5.00e+00 9.00e+00 3.00e+00
 5.00e+00 2.00e+00 4.00e+00 4.00e+00 1.00e+00 3.00e+00 2.00e+00 2.00e+00
 2.00e+00 2.00e+00 1.00e+00 1.00e+00 1.00e+00 1.00e+00 2.00e+00 3.00e+00
 1.00e+00 0.00e+00 2.00e+00 0.00e+00 1.00e+00 0.00e+00 0.00e+00 2.00e+00
 1.00e+00 1.00e+00 1.00e+00 0.00e+00 0.00e+00 1.00e+00 0.00e+00 1.00e+00]
782400 loops cons: [2.149e+03 6.440e+02 3.100e+02 1.690e+02 8.200e+01 5.300e+01 3.100e+01
 3.400e+01 2.400e+01 1.500e+01 1.800e+01 1.000e+01 7.000e+00 5.000e+00
 9.000e+00 3.000e+00 5.000e+00 2.000e+00 4.000e+00 4.000e+00 1.000e+00
 3.000e+00 2.000e+00 2.000e+00 2.000e+00 2.000e+00 1.000e+00 1.000e+00
 1.000e+00 1.000e+00 2.000e+00 3.000e+00 1.000e+00 0.000e+00 2.000e+00
 0.000e+00 1.000e+00 0.000e+00 0.000e+00 2.000e+00 1.000e+00 1.000e+00
 1.000e+00 0.000e+00 0.000e+00 1.000e+00 0.000e+00 1.000e+00]
787200 loops cons: [2.159e+03 6.460e+02 3.100e+02 1.700e+02 8.300e+01 5.500e+01 3.100e+01
 3.500e+01 2.400e+01 1.600e+01 1.800e+01 1.000e+01 7.000e+00 5.000e+00
 9.000e+00 3.000e+00 5.000e+00 2.000e+00 4.000e+00 4.000e+00 1.000e+00
 3.000e+00 2.000e+00 2.000e+00 2.000e+00 2.000e+00 1.000e+00 1.000e+00
 1.000e+00 1.000e+00 2.000e+00 3.000e+00 1.000e+00 0.000e+00 2.000e+00
 0.000e+00 1.000e+00 0.000e+00 0.000e+00 2.000e+00 1.000e+00 1.000e+00
 1.000e+00 0.000e+00 0.000e+00 1.000e+00 0.000e+00 1.000e+00]
792000 loops cons: [2.176e+03 6.510e+02 3.100e+02 1.720e+02 8.400e+01 5.500e+01 3.100e+01
 3.500e+01 2.400e+01 1.600e+01 1.900e+01 1.000e+01 7.000e+00 5.000e+00
 9.000e+00 3.000e+00 5.000e+00 2.000e+00 4.000e+00 4.000e+00 1.000e+00
 3.000e+00 3.000e+00 2.000e+00 2.000e+00 2.000e+00 1.000e+00 1.000e+00
 1.000e+00 1.000e+00 2.000e+00 3.000e+00 1.000e+00 0.000e+00 2.000e+00
 0.000e+00 1.000e+00 0.000e+00 0.000e+00 2.000e+00 1.000e+00 1.000e+00
 1.000e+00 0.000e+00 0.000e+00 1.000e+00 0.000e+00 1.000e+00]
796800 loops cons: [2.185e+03 6.550e+02 3.120e+02 1.740e+02 8.500e+01 5.500e+01 3.100e+01
 3.600e+01 2.400e+01 1.600e+01 1.900e+01 1.000e+01 8.000e+00 5.000e+00
 1.000e+01 3.000e+00 5.000e+00 2.000e+00 4.000e+00 4.000e+00 1.000e+00
 3.000e+00 3.000e+00 2.000e+00 2.000e+00 2.000e+00 1.000e+00 1.000e+00
 1.000e+00 1.000e+00 2.000e+00 3.000e+00 1.000e+00 0.000e+00 2.000e+00
 0.000e+00 1.000e+00 0.000e+00 0.000e+00 2.000e+00 1.000e+00 1.000e+00
 2.000e+00 0.000e+00 0.000e+00 1.000e+00 0.000e+00 1.000e+00]
801600 loops cons: [2.20e+03 6.58e+02 3.13e+02 1.75e+02 8.60e+01 5.70e+01 3.10e+01 3.60e+01
 2.40e+01 1.60e+01 1.90e+01 1.00e+01 8.00e+00 5.00e+00 1.00e+01 3.00e+00
 5.00e+00 2.00e+00 4.00e+00 4.00e+00 1.00e+00 3.00e+00 3.00e+00 2.00e+00
 2.00e+00 2.00e+00 1.00e+00 1.00e+00 1.00e+00 1.00e+00 2.00e+00 3.00e+00
 1.00e+00 0.00e+00 2.00e+00 0.00e+00 1.00e+00 0.00e+00 0.00e+00 2.00e+00
 1.00e+00 1.00e+00 2.00e+00 0.00e+00 0.00e+00 1.00e+00 0.00e+00 1.00e+00]
806400 loops cons: [2.211e+03 6.620e+02 3.130e+02 1.770e+02 8.600e+01 5.800e+01 3.100e+01
 3.600e+01 2.500e+01 1.600e+01 1.900e+01 1.000e+01 8.000e+00 5.000e+00
 1.000e+01 3.000e+00 6.000e+00 2.000e+00 4.000e+00 4.000e+00 1.000e+00
 3.000e+00 3.000e+00 2.000e+00 2.000e+00 2.000e+00 1.000e+00 1.000e+00
 1.000e+00 1.000e+00 2.000e+00 3.000e+00 1.000e+00 0.000e+00 2.000e+00
 0.000e+00 1.000e+00 0.000e+00 0.000e+00 2.000e+00 1.000e+00 1.000e+00
 2.000e+00 0.000e+00 0.000e+00 1.000e+00 0.000e+00 1.000e+00]
811200 loops cons: [2.227e+03 6.670e+02 3.140e+02 1.770e+02 8.600e+01 5.900e+01 3.100e+01
 3.600e+01 2.600e+01 1.600e+01 1.900e+01 1.000e+01 8.000e+00 5.000e+00
 1.000e+01 3.000e+00 6.000e+00 2.000e+00 4.000e+00 4.000e+00 1.000e+00
 3.000e+00 3.000e+00 2.000e+00 2.000e+00 2.000e+00 1.000e+00 1.000e+00
 1.000e+00 1.000e+00 2.000e+00 3.000e+00 1.000e+00 0.000e+00 2.000e+00
 0.000e+00 1.000e+00 0.000e+00 0.000e+00 2.000e+00 1.000e+00 1.000e+00
 2.000e+00 0.000e+00 0.000e+00 1.000e+00 0.000e+00 1.000e+00]
816000 loops cons: [2.24e+03 6.69e+02 3.16e+02 1.79e+02 8.70e+01 6.00e+01 3.20e+01 3.60e+01
 2.60e+01 1.60e+01 1.90e+01 1.00e+01 8.00e+00 5.00e+00 1.00e+01 3.00e+00
 6.00e+00 2.00e+00 4.00e+00 4.00e+00 1.00e+00 3.00e+00 3.00e+00 2.00e+00
 2.00e+00 2.00e+00 1.00e+00 1.00e+00 1.00e+00 1.00e+00 2.00e+00 3.00e+00
 1.00e+00 0.00e+00 2.00e+00 0.00e+00 1.00e+00 0.00e+00 0.00e+00 2.00e+00
 1.00e+00 1.00e+00 2.00e+00 0.00e+00 0.00e+00 1.00e+00 0.00e+00 1.00e+00]
820800 loops cons: [2.256e+03 6.760e+02 3.170e+02 1.810e+02 8.700e+01 6.100e+01 3.200e+01
 3.600e+01 2.600e+01 1.600e+01 1.900e+01 1.000e+01 8.000e+00 5.000e+00
 1.000e+01 3.000e+00 6.000e+00 2.000e+00 4.000e+00 4.000e+00 1.000e+00
 3.000e+00 3.000e+00 2.000e+00 2.000e+00 2.000e+00 1.000e+00 1.000e+00
 1.000e+00 1.000e+00 2.000e+00 3.000e+00 1.000e+00 0.000e+00 2.000e+00
 0.000e+00 1.000e+00 0.000e+00 0.000e+00 2.000e+00 1.000e+00 1.000e+00
 2.000e+00 0.000e+00 0.000e+00 1.000e+00 0.000e+00 1.000e+00]
825600 loops cons: [2.266e+03 6.780e+02 3.170e+02 1.840e+02 8.700e+01 6.200e+01 3.300e+01
 3.600e+01 2.600e+01 1.600e+01 1.900e+01 1.000e+01 8.000e+00 5.000e+00
 1.000e+01 4.000e+00 6.000e+00 2.000e+00 5.000e+00 4.000e+00 1.000e+00
 3.000e+00 3.000e+00 2.000e+00 2.000e+00 2.000e+00 1.000e+00 1.000e+00
 1.000e+00 1.000e+00 2.000e+00 3.000e+00 1.000e+00 0.000e+00 2.000e+00
 0.000e+00 1.000e+00 0.000e+00 0.000e+00 2.000e+00 1.000e+00 1.000e+00
 2.000e+00 0.000e+00 0.000e+00 1.000e+00 0.000e+00 1.000e+00]
830400 loops cons: [2.282e+03 6.830e+02 3.190e+02 1.840e+02 8.700e+01 6.200e+01 3.300e+01
 3.700e+01 2.600e+01 1.600e+01 2.000e+01 1.000e+01 8.000e+00 5.000e+00
 1.000e+01 4.000e+00 6.000e+00 2.000e+00 5.000e+00 4.000e+00 1.000e+00
 3.000e+00 3.000e+00 2.000e+00 2.000e+00 2.000e+00 1.000e+00 1.000e+00
 1.000e+00 1.000e+00 2.000e+00 3.000e+00 1.000e+00 0.000e+00 2.000e+00
 0.000e+00 1.000e+00 0.000e+00 0.000e+00 2.000e+00 1.000e+00 1.000e+00
 2.000e+00 0.000e+00 0.000e+00 1.000e+00 0.000e+00 1.000e+00]
835200 loops cons: [2.292e+03 6.890e+02 3.190e+02 1.840e+02 8.700e+01 6.200e+01 3.300e+01
 3.700e+01 2.600e+01 1.600e+01 2.000e+01 1.000e+01 8.000e+00 5.000e+00
 1.000e+01 4.000e+00 6.000e+00 2.000e+00 5.000e+00 4.000e+00 1.000e+00
 3.000e+00 3.000e+00 2.000e+00 2.000e+00 2.000e+00 1.000e+00 1.000e+00
 1.000e+00 1.000e+00 2.000e+00 3.000e+00 1.000e+00 0.000e+00 2.000e+00
 0.000e+00 1.000e+00 0.000e+00 0.000e+00 2.000e+00 1.000e+00 1.000e+00
 2.000e+00 0.000e+00 0.000e+00 1.000e+00 0.000e+00 1.000e+00]
840000 loops cons: [2.304e+03 6.930e+02 3.240e+02 1.840e+02 8.700e+01 6.300e+01 3.300e+01
 3.700e+01 2.600e+01 1.600e+01 2.000e+01 1.000e+01 8.000e+00 5.000e+00
 1.000e+01 4.000e+00 6.000e+00 2.000e+00 5.000e+00 4.000e+00 1.000e+00
 3.000e+00 3.000e+00 2.000e+00 2.000e+00 2.000e+00 1.000e+00 1.000e+00
 1.000e+00 1.000e+00 2.000e+00 3.000e+00 1.000e+00 0.000e+00 2.000e+00
 0.000e+00 1.000e+00 0.000e+00 0.000e+00 2.000e+00 1.000e+00 1.000e+00
 2.000e+00 0.000e+00 0.000e+00 1.000e+00 0.000e+00 1.000e+00]
844800 loops cons: [2.312e+03 6.960e+02 3.260e+02 1.850e+02 8.800e+01 6.300e+01 3.300e+01
 3.800e+01 2.600e+01 1.700e+01 2.000e+01 1.000e+01 8.000e+00 5.000e+00
 1.000e+01 4.000e+00 6.000e+00 2.000e+00 5.000e+00 4.000e+00 1.000e+00
 3.000e+00 3.000e+00 2.000e+00 2.000e+00 2.000e+00 1.000e+00 1.000e+00
 1.000e+00 1.000e+00 2.000e+00 3.000e+00 1.000e+00 0.000e+00 2.000e+00
 0.000e+00 1.000e+00 0.000e+00 0.000e+00 2.000e+00 1.000e+00 1.000e+00
 2.000e+00 0.000e+00 0.000e+00 1.000e+00 0.000e+00 1.000e+00]
849600 loops cons: [2.323e+03 7.040e+02 3.290e+02 1.850e+02 8.900e+01 6.300e+01 3.300e+01
 3.900e+01 2.600e+01 1.700e+01 2.000e+01 1.000e+01 8.000e+00 6.000e+00
 1.000e+01 4.000e+00 6.000e+00 3.000e+00 5.000e+00 4.000e+00 1.000e+00
 3.000e+00 3.000e+00 2.000e+00 2.000e+00 2.000e+00 1.000e+00 1.000e+00
 1.000e+00 1.000e+00 2.000e+00 3.000e+00 1.000e+00 0.000e+00 2.000e+00
 0.000e+00 1.000e+00 0.000e+00 0.000e+00 2.000e+00 1.000e+00 1.000e+00
 2.000e+00 0.000e+00 0.000e+00 1.000e+00 0.000e+00 1.000e+00]
854400 loops cons: [2.33e+03 7.06e+02 3.31e+02 1.88e+02 8.90e+01 6.40e+01 3.40e+01 3.90e+01
 2.60e+01 1.70e+01 2.00e+01 1.00e+01 8.00e+00 6.00e+00 1.00e+01 4.00e+00
 6.00e+00 3.00e+00 5.00e+00 4.00e+00 1.00e+00 3.00e+00 3.00e+00 2.00e+00
 2.00e+00 2.00e+00 1.00e+00 1.00e+00 1.00e+00 1.00e+00 2.00e+00 3.00e+00
 1.00e+00 0.00e+00 2.00e+00 0.00e+00 1.00e+00 0.00e+00 0.00e+00 2.00e+00
 1.00e+00 1.00e+00 2.00e+00 0.00e+00 0.00e+00 1.00e+00 0.00e+00 1.00e+00]
859200 loops cons: [2.345e+03 7.090e+02 3.320e+02 1.880e+02 9.100e+01 6.400e+01 3.400e+01
 3.900e+01 2.600e+01 1.700e+01 2.000e+01 1.000e+01 8.000e+00 6.000e+00
 1.000e+01 4.000e+00 6.000e+00 3.000e+00 5.000e+00 4.000e+00 1.000e+00
 3.000e+00 3.000e+00 2.000e+00 2.000e+00 2.000e+00 1.000e+00 1.000e+00
 1.000e+00 1.000e+00 2.000e+00 3.000e+00 1.000e+00 0.000e+00 2.000e+00
 0.000e+00 1.000e+00 0.000e+00 0.000e+00 2.000e+00 1.000e+00 1.000e+00
 2.000e+00 0.000e+00 0.000e+00 1.000e+00 0.000e+00 1.000e+00]
864000 loops cons: [2.355e+03 7.140e+02 3.330e+02 1.890e+02 9.100e+01 6.400e+01 3.400e+01
 3.900e+01 2.600e+01 1.700e+01 2.000e+01 1.000e+01 8.000e+00 6.000e+00
 1.000e+01 4.000e+00 6.000e+00 3.000e+00 5.000e+00 4.000e+00 1.000e+00
 3.000e+00 3.000e+00 2.000e+00 2.000e+00 2.000e+00 1.000e+00 1.000e+00
 1.000e+00 1.000e+00 2.000e+00 4.000e+00 1.000e+00 0.000e+00 2.000e+00
 0.000e+00 1.000e+00 0.000e+00 0.000e+00 2.000e+00 1.000e+00 1.000e+00
 2.000e+00 0.000e+00 0.000e+00 1.000e+00 0.000e+00 1.000e+00]
868800 loops cons: [2.371e+03 7.140e+02 3.340e+02 1.910e+02 9.200e+01 6.500e+01 3.400e+01
 3.900e+01 2.600e+01 1.700e+01 2.000e+01 1.000e+01 8.000e+00 6.000e+00
 1.000e+01 4.000e+00 6.000e+00 3.000e+00 5.000e+00 4.000e+00 1.000e+00
 3.000e+00 3.000e+00 2.000e+00 2.000e+00 2.000e+00 1.000e+00 1.000e+00
 2.000e+00 1.000e+00 2.000e+00 4.000e+00 1.000e+00 0.000e+00 2.000e+00
 0.000e+00 1.000e+00 0.000e+00 0.000e+00 2.000e+00 1.000e+00 1.000e+00
 2.000e+00 0.000e+00 0.000e+00 1.000e+00 0.000e+00 1.000e+00]
873600 loops cons: [2.38e+03 7.18e+02 3.35e+02 1.93e+02 9.30e+01 6.50e+01 3.40e+01 4.00e+01
 2.70e+01 1.80e+01 2.00e+01 1.00e+01 8.00e+00 6.00e+00 1.00e+01 4.00e+00
 6.00e+00 3.00e+00 5.00e+00 4.00e+00 1.00e+00 3.00e+00 3.00e+00 2.00e+00
 2.00e+00 2.00e+00 1.00e+00 1.00e+00 2.00e+00 1.00e+00 2.00e+00 4.00e+00
 1.00e+00 0.00e+00 2.00e+00 0.00e+00 1.00e+00 0.00e+00 0.00e+00 2.00e+00
 1.00e+00 1.00e+00 2.00e+00 0.00e+00 0.00e+00 1.00e+00 0.00e+00 1.00e+00]
878400 loops cons: [2.385e+03 7.240e+02 3.370e+02 1.930e+02 9.400e+01 6.500e+01 3.400e+01
 4.200e+01 2.700e+01 1.800e+01 2.000e+01 1.000e+01 8.000e+00 6.000e+00
 1.000e+01 4.000e+00 6.000e+00 3.000e+00 5.000e+00 4.000e+00 1.000e+00
 3.000e+00 3.000e+00 2.000e+00 2.000e+00 2.000e+00 1.000e+00 1.000e+00
 2.000e+00 1.000e+00 2.000e+00 4.000e+00 1.000e+00 0.000e+00 2.000e+00
 0.000e+00 1.000e+00 0.000e+00 0.000e+00 2.000e+00 1.000e+00 1.000e+00
 2.000e+00 0.000e+00 0.000e+00 1.000e+00 0.000e+00 1.000e+00]
883200 loops cons: [2.398e+03 7.280e+02 3.420e+02 1.950e+02 9.400e+01 6.900e+01 3.400e+01
 4.200e+01 2.700e+01 1.800e+01 2.000e+01 1.000e+01 8.000e+00 6.000e+00
 1.000e+01 4.000e+00 6.000e+00 3.000e+00 5.000e+00 4.000e+00 2.000e+00
 3.000e+00 3.000e+00 2.000e+00 2.000e+00 2.000e+00 1.000e+00 1.000e+00
 2.000e+00 1.000e+00 2.000e+00 4.000e+00 1.000e+00 0.000e+00 2.000e+00
 0.000e+00 1.000e+00 0.000e+00 0.000e+00 2.000e+00 1.000e+00 1.000e+00
 2.000e+00 0.000e+00 0.000e+00 1.000e+00 0.000e+00 1.000e+00]
888000 loops cons: [2.41e+03 7.30e+02 3.44e+02 1.96e+02 9.40e+01 6.90e+01 3.40e+01 4.20e+01
 2.70e+01 1.90e+01 2.00e+01 1.00e+01 8.00e+00 7.00e+00 1.00e+01 4.00e+00
 6.00e+00 3.00e+00 5.00e+00 4.00e+00 2.00e+00 3.00e+00 3.00e+00 2.00e+00
 2.00e+00 2.00e+00 1.00e+00 1.00e+00 2.00e+00 1.00e+00 2.00e+00 4.00e+00
 1.00e+00 0.00e+00 2.00e+00 0.00e+00 1.00e+00 0.00e+00 0.00e+00 2.00e+00
 1.00e+00 1.00e+00 2.00e+00 0.00e+00 0.00e+00 1.00e+00 0.00e+00 1.00e+00]
892800 loops cons: [2.425e+03 7.350e+02 3.480e+02 1.970e+02 9.400e+01 6.900e+01 3.500e+01
 4.200e+01 2.700e+01 1.900e+01 2.000e+01 1.000e+01 8.000e+00 7.000e+00
 1.000e+01 4.000e+00 6.000e+00 3.000e+00 5.000e+00 4.000e+00 2.000e+00
 3.000e+00 3.000e+00 2.000e+00 2.000e+00 2.000e+00 1.000e+00 1.000e+00
 2.000e+00 1.000e+00 2.000e+00 4.000e+00 1.000e+00 0.000e+00 2.000e+00
 0.000e+00 1.000e+00 0.000e+00 0.000e+00 2.000e+00 1.000e+00 1.000e+00
 2.000e+00 0.000e+00 0.000e+00 1.000e+00 0.000e+00 1.000e+00]
897600 loops cons: [2.436e+03 7.390e+02 3.490e+02 2.000e+02 9.400e+01 6.900e+01 3.500e+01
 4.200e+01 2.700e+01 1.900e+01 2.000e+01 1.100e+01 8.000e+00 7.000e+00
 1.000e+01 4.000e+00 6.000e+00 3.000e+00 5.000e+00 4.000e+00 2.000e+00
 3.000e+00 3.000e+00 2.000e+00 2.000e+00 2.000e+00 1.000e+00 1.000e+00
 2.000e+00 1.000e+00 2.000e+00 4.000e+00 1.000e+00 0.000e+00 2.000e+00
 0.000e+00 1.000e+00 0.000e+00 0.000e+00 2.000e+00 1.000e+00 1.000e+00
 2.000e+00 0.000e+00 0.000e+00 1.000e+00 0.000e+00 1.000e+00]
902400 loops cons: [2.456e+03 7.460e+02 3.520e+02 2.000e+02 9.400e+01 6.900e+01 3.500e+01
 4.200e+01 2.700e+01 1.900e+01 2.000e+01 1.100e+01 8.000e+00 7.000e+00
 1.000e+01 4.000e+00 6.000e+00 3.000e+00 5.000e+00 4.000e+00 2.000e+00
 3.000e+00 3.000e+00 2.000e+00 2.000e+00 2.000e+00 1.000e+00 1.000e+00
 2.000e+00 1.000e+00 2.000e+00 4.000e+00 1.000e+00 0.000e+00 2.000e+00
 0.000e+00 1.000e+00 0.000e+00 0.000e+00 2.000e+00 1.000e+00 1.000e+00
 2.000e+00 0.000e+00 0.000e+00 1.000e+00 0.000e+00 1.000e+00]
907200 loops cons: [2.465e+03 7.490e+02 3.540e+02 2.020e+02 9.400e+01 6.900e+01 3.500e+01
 4.200e+01 2.800e+01 1.900e+01 2.000e+01 1.100e+01 8.000e+00 7.000e+00
 1.000e+01 4.000e+00 7.000e+00 3.000e+00 5.000e+00 4.000e+00 2.000e+00
 3.000e+00 3.000e+00 2.000e+00 2.000e+00 2.000e+00 1.000e+00 1.000e+00
 2.000e+00 1.000e+00 2.000e+00 4.000e+00 1.000e+00 0.000e+00 2.000e+00
 0.000e+00 1.000e+00 0.000e+00 0.000e+00 2.000e+00 1.000e+00 1.000e+00
 2.000e+00 0.000e+00 0.000e+00 1.000e+00 0.000e+00 1.000e+00]
912000 loops cons: [2.475e+03 7.510e+02 3.560e+02 2.030e+02 9.500e+01 7.000e+01 3.500e+01
 4.200e+01 2.800e+01 1.900e+01 2.000e+01 1.100e+01 9.000e+00 7.000e+00
 1.000e+01 4.000e+00 8.000e+00 3.000e+00 5.000e+00 4.000e+00 2.000e+00
 3.000e+00 3.000e+00 2.000e+00 2.000e+00 2.000e+00 1.000e+00 1.000e+00
 2.000e+00 1.000e+00 2.000e+00 4.000e+00 1.000e+00 0.000e+00 2.000e+00
 0.000e+00 1.000e+00 0.000e+00 0.000e+00 2.000e+00 1.000e+00 1.000e+00
 2.000e+00 0.000e+00 0.000e+00 1.000e+00 0.000e+00 1.000e+00]
916800 loops cons: [2.49e+03 7.56e+02 3.57e+02 2.05e+02 9.50e+01 7.00e+01 3.50e+01 4.20e+01
 2.80e+01 1.90e+01 2.00e+01 1.20e+01 1.00e+01 7.00e+00 1.00e+01 4.00e+00
 8.00e+00 3.00e+00 5.00e+00 4.00e+00 2.00e+00 3.00e+00 3.00e+00 2.00e+00
 2.00e+00 2.00e+00 1.00e+00 1.00e+00 2.00e+00 1.00e+00 2.00e+00 4.00e+00
 1.00e+00 0.00e+00 2.00e+00 0.00e+00 1.00e+00 0.00e+00 0.00e+00 2.00e+00
 1.00e+00 1.00e+00 2.00e+00 0.00e+00 0.00e+00 1.00e+00 0.00e+00 1.00e+00]
921600 loops cons: [2.506e+03 7.580e+02 3.590e+02 2.050e+02 9.600e+01 7.100e+01 3.500e+01
 4.200e+01 2.800e+01 1.900e+01 2.000e+01 1.200e+01 1.000e+01 7.000e+00
 1.000e+01 4.000e+00 8.000e+00 3.000e+00 5.000e+00 4.000e+00 2.000e+00
 3.000e+00 3.000e+00 2.000e+00 2.000e+00 2.000e+00 1.000e+00 1.000e+00
 2.000e+00 1.000e+00 2.000e+00 4.000e+00 1.000e+00 0.000e+00 2.000e+00
 0.000e+00 1.000e+00 0.000e+00 0.000e+00 2.000e+00 1.000e+00 1.000e+00
 2.000e+00 0.000e+00 0.000e+00 1.000e+00 0.000e+00 1.000e+00]
926400 loops cons: [2.521e+03 7.610e+02 3.610e+02 2.050e+02 9.700e+01 7.100e+01 3.700e+01
 4.200e+01 2.800e+01 1.900e+01 2.000e+01 1.200e+01 1.000e+01 7.000e+00
 1.000e+01 4.000e+00 8.000e+00 3.000e+00 5.000e+00 4.000e+00 2.000e+00
 3.000e+00 3.000e+00 2.000e+00 2.000e+00 2.000e+00 1.000e+00 1.000e+00
 2.000e+00 1.000e+00 2.000e+00 4.000e+00 1.000e+00 0.000e+00 2.000e+00
 0.000e+00 1.000e+00 0.000e+00 0.000e+00 2.000e+00 1.000e+00 1.000e+00
 2.000e+00 0.000e+00 0.000e+00 1.000e+00 0.000e+00 1.000e+00]
931200 loops cons: [2.537e+03 7.640e+02 3.610e+02 2.050e+02 9.700e+01 7.100e+01 3.700e+01
 4.200e+01 2.800e+01 1.900e+01 2.000e+01 1.400e+01 1.000e+01 7.000e+00
 1.000e+01 4.000e+00 8.000e+00 3.000e+00 5.000e+00 4.000e+00 2.000e+00
 3.000e+00 3.000e+00 2.000e+00 2.000e+00 2.000e+00 1.000e+00 1.000e+00
 2.000e+00 1.000e+00 2.000e+00 4.000e+00 1.000e+00 0.000e+00 2.000e+00
 0.000e+00 1.000e+00 0.000e+00 0.000e+00 2.000e+00 1.000e+00 1.000e+00
 2.000e+00 0.000e+00 0.000e+00 1.000e+00 0.000e+00 1.000e+00]
936000 loops cons: [2.551e+03 7.700e+02 3.630e+02 2.060e+02 9.800e+01 7.100e+01 3.800e+01
 4.200e+01 2.800e+01 1.900e+01 2.000e+01 1.500e+01 1.000e+01 7.000e+00
 1.000e+01 4.000e+00 8.000e+00 3.000e+00 5.000e+00 4.000e+00 2.000e+00
 3.000e+00 3.000e+00 2.000e+00 2.000e+00 2.000e+00 1.000e+00 1.000e+00
 2.000e+00 1.000e+00 2.000e+00 4.000e+00 1.000e+00 0.000e+00 2.000e+00
 0.000e+00 1.000e+00 0.000e+00 0.000e+00 2.000e+00 1.000e+00 1.000e+00
 2.000e+00 0.000e+00 0.000e+00 1.000e+00 0.000e+00 1.000e+00]
940800 loops cons: [2.561e+03 7.720e+02 3.660e+02 2.060e+02 9.800e+01 7.200e+01 3.800e+01
 4.300e+01 2.800e+01 1.900e+01 2.000e+01 1.500e+01 1.000e+01 7.000e+00
 1.000e+01 4.000e+00 8.000e+00 3.000e+00 5.000e+00 4.000e+00 2.000e+00
 3.000e+00 3.000e+00 2.000e+00 2.000e+00 2.000e+00 1.000e+00 1.000e+00
 2.000e+00 1.000e+00 2.000e+00 4.000e+00 1.000e+00 0.000e+00 2.000e+00
 0.000e+00 1.000e+00 0.000e+00 0.000e+00 2.000e+00 1.000e+00 1.000e+00
 2.000e+00 0.000e+00 0.000e+00 1.000e+00 0.000e+00 1.000e+00]
945600 loops cons: [2.578e+03 7.760e+02 3.690e+02 2.070e+02 9.800e+01 7.300e+01 3.900e+01
 4.300e+01 2.800e+01 1.900e+01 2.000e+01 1.500e+01 1.000e+01 7.000e+00
 1.000e+01 4.000e+00 8.000e+00 3.000e+00 5.000e+00 4.000e+00 2.000e+00
 3.000e+00 3.000e+00 2.000e+00 2.000e+00 2.000e+00 1.000e+00 1.000e+00
 2.000e+00 1.000e+00 2.000e+00 4.000e+00 1.000e+00 0.000e+00 2.000e+00
 0.000e+00 1.000e+00 0.000e+00 0.000e+00 2.000e+00 1.000e+00 1.000e+00
 2.000e+00 0.000e+00 0.000e+00 1.000e+00 0.000e+00 1.000e+00]
950400 loops cons: [2.595e+03 7.790e+02 3.700e+02 2.070e+02 9.900e+01 7.400e+01 3.900e+01
 4.300e+01 2.800e+01 1.900e+01 2.000e+01 1.500e+01 1.000e+01 7.000e+00
 1.000e+01 4.000e+00 8.000e+00 3.000e+00 5.000e+00 4.000e+00 2.000e+00
 3.000e+00 3.000e+00 2.000e+00 2.000e+00 2.000e+00 1.000e+00 1.000e+00
 2.000e+00 1.000e+00 2.000e+00 4.000e+00 1.000e+00 0.000e+00 2.000e+00
 0.000e+00 1.000e+00 0.000e+00 0.000e+00 2.000e+00 1.000e+00 1.000e+00
 2.000e+00 0.000e+00 0.000e+00 1.000e+00 0.000e+00 1.000e+00]
955200 loops cons: [2.612e+03 7.810e+02 3.720e+02 2.090e+02 9.900e+01 7.400e+01 3.900e+01
 4.300e+01 2.800e+01 1.900e+01 2.000e+01 1.600e+01 1.000e+01 7.000e+00
 1.000e+01 4.000e+00 8.000e+00 3.000e+00 5.000e+00 4.000e+00 3.000e+00
 3.000e+00 3.000e+00 2.000e+00 2.000e+00 2.000e+00 1.000e+00 1.000e+00
 2.000e+00 1.000e+00 2.000e+00 4.000e+00 1.000e+00 0.000e+00 2.000e+00
 0.000e+00 1.000e+00 0.000e+00 0.000e+00 2.000e+00 1.000e+00 1.000e+00
 2.000e+00 0.000e+00 0.000e+00 1.000e+00 0.000e+00 1.000e+00]
960000 loops cons: [2.623e+03 7.850e+02 3.760e+02 2.100e+02 9.900e+01 7.400e+01 3.900e+01
 4.300e+01 2.800e+01 1.900e+01 2.000e+01 1.600e+01 1.000e+01 7.000e+00
 1.000e+01 4.000e+00 8.000e+00 3.000e+00 5.000e+00 4.000e+00 3.000e+00
 3.000e+00 3.000e+00 2.000e+00 2.000e+00 2.000e+00 1.000e+00 2.000e+00
 2.000e+00 1.000e+00 2.000e+00 4.000e+00 1.000e+00 0.000e+00 2.000e+00
 0.000e+00 1.000e+00 0.000e+00 0.000e+00 2.000e+00 1.000e+00 1.000e+00
 2.000e+00 0.000e+00 0.000e+00 1.000e+00 0.000e+00 1.000e+00]
964800 loops cons: [2.634e+03 7.910e+02 3.760e+02 2.110e+02 9.900e+01 7.400e+01 3.900e+01
 4.300e+01 2.800e+01 1.900e+01 2.000e+01 1.600e+01 1.000e+01 7.000e+00
 1.000e+01 4.000e+00 8.000e+00 3.000e+00 5.000e+00 4.000e+00 3.000e+00
 3.000e+00 3.000e+00 2.000e+00 2.000e+00 2.000e+00 1.000e+00 2.000e+00
 2.000e+00 1.000e+00 2.000e+00 4.000e+00 1.000e+00 0.000e+00 2.000e+00
 0.000e+00 1.000e+00 0.000e+00 0.000e+00 2.000e+00 1.000e+00 1.000e+00
 2.000e+00 0.000e+00 0.000e+00 1.000e+00 0.000e+00 1.000e+00]
969600 loops cons: [2.649e+03 7.990e+02 3.780e+02 2.110e+02 9.900e+01 7.400e+01 4.000e+01
 4.300e+01 2.800e+01 1.900e+01 2.000e+01 1.600e+01 1.000e+01 7.000e+00
 1.000e+01 4.000e+00 8.000e+00 3.000e+00 5.000e+00 4.000e+00 3.000e+00
 3.000e+00 3.000e+00 2.000e+00 2.000e+00 2.000e+00 1.000e+00 2.000e+00
 2.000e+00 1.000e+00 2.000e+00 4.000e+00 1.000e+00 0.000e+00 2.000e+00
 0.000e+00 1.000e+00 0.000e+00 0.000e+00 2.000e+00 1.000e+00 1.000e+00
 2.000e+00 0.000e+00 0.000e+00 1.000e+00 0.000e+00 1.000e+00]
974400 loops cons: [2.664e+03 8.040e+02 3.800e+02 2.120e+02 9.900e+01 7.400e+01 4.100e+01
 4.300e+01 2.800e+01 1.900e+01 2.000e+01 1.600e+01 1.000e+01 7.000e+00
 1.100e+01 4.000e+00 8.000e+00 3.000e+00 5.000e+00 4.000e+00 3.000e+00
 3.000e+00 3.000e+00 2.000e+00 2.000e+00 2.000e+00 1.000e+00 2.000e+00
 2.000e+00 1.000e+00 2.000e+00 4.000e+00 1.000e+00 0.000e+00 2.000e+00
 0.000e+00 1.000e+00 0.000e+00 0.000e+00 2.000e+00 1.000e+00 1.000e+00
 2.000e+00 0.000e+00 0.000e+00 1.000e+00 0.000e+00 1.000e+00]
979200 loops cons: [2.676e+03 8.070e+02 3.800e+02 2.150e+02 1.000e+02 7.500e+01 4.100e+01
 4.400e+01 2.800e+01 1.900e+01 2.000e+01 1.600e+01 1.000e+01 7.000e+00
 1.100e+01 4.000e+00 8.000e+00 3.000e+00 5.000e+00 4.000e+00 3.000e+00
 3.000e+00 3.000e+00 2.000e+00 2.000e+00 3.000e+00 1.000e+00 2.000e+00
 2.000e+00 1.000e+00 2.000e+00 4.000e+00 1.000e+00 0.000e+00 2.000e+00
 0.000e+00 1.000e+00 0.000e+00 0.000e+00 2.000e+00 1.000e+00 1.000e+00
 2.000e+00 0.000e+00 0.000e+00 1.000e+00 0.000e+00 1.000e+00]
984000 loops cons: [2.69e+03 8.08e+02 3.81e+02 2.15e+02 1.02e+02 7.50e+01 4.10e+01 4.40e+01
 2.80e+01 1.90e+01 2.00e+01 1.60e+01 1.00e+01 7.00e+00 1.10e+01 4.00e+00
 8.00e+00 3.00e+00 5.00e+00 4.00e+00 3.00e+00 3.00e+00 3.00e+00 2.00e+00
 2.00e+00 3.00e+00 1.00e+00 2.00e+00 2.00e+00 1.00e+00 2.00e+00 4.00e+00
 1.00e+00 0.00e+00 2.00e+00 0.00e+00 1.00e+00 0.00e+00 0.00e+00 2.00e+00
 1.00e+00 1.00e+00 2.00e+00 0.00e+00 0.00e+00 1.00e+00 0.00e+00 1.00e+00]
988800 loops cons: [2.702e+03 8.130e+02 3.820e+02 2.160e+02 1.030e+02 7.500e+01 4.200e+01
 4.400e+01 2.800e+01 2.000e+01 2.100e+01 1.600e+01 1.000e+01 7.000e+00
 1.100e+01 4.000e+00 8.000e+00 3.000e+00 5.000e+00 4.000e+00 3.000e+00
 3.000e+00 3.000e+00 2.000e+00 2.000e+00 3.000e+00 1.000e+00 2.000e+00
 2.000e+00 1.000e+00 2.000e+00 4.000e+00 1.000e+00 0.000e+00 2.000e+00
 0.000e+00 1.000e+00 0.000e+00 0.000e+00 2.000e+00 1.000e+00 1.000e+00
 2.000e+00 0.000e+00 0.000e+00 1.000e+00 0.000e+00 1.000e+00]
993600 loops cons: [2.718e+03 8.170e+02 3.840e+02 2.170e+02 1.050e+02 7.500e+01 4.200e+01
 4.400e+01 2.800e+01 2.000e+01 2.100e+01 1.700e+01 1.000e+01 7.000e+00
 1.100e+01 4.000e+00 8.000e+00 3.000e+00 5.000e+00 4.000e+00 3.000e+00
 3.000e+00 3.000e+00 2.000e+00 2.000e+00 3.000e+00 1.000e+00 2.000e+00
 2.000e+00 1.000e+00 2.000e+00 4.000e+00 1.000e+00 0.000e+00 2.000e+00
 0.000e+00 1.000e+00 0.000e+00 0.000e+00 2.000e+00 1.000e+00 1.000e+00
 2.000e+00 0.000e+00 0.000e+00 1.000e+00 0.000e+00 1.000e+00]
998400 loops cons: [2.723e+03 8.210e+02 3.860e+02 2.170e+02 1.050e+02 7.500e+01 4.200e+01
 4.400e+01 2.800e+01 2.000e+01 2.100e+01 1.700e+01 1.000e+01 7.000e+00
 1.100e+01 4.000e+00 8.000e+00 3.000e+00 5.000e+00 4.000e+00 3.000e+00
 3.000e+00 3.000e+00 2.000e+00 2.000e+00 3.000e+00 1.000e+00 2.000e+00
 2.000e+00 1.000e+00 2.000e+00 4.000e+00 1.000e+00 0.000e+00 2.000e+00
 0.000e+00 2.000e+00 0.000e+00 0.000e+00 2.000e+00 1.000e+00 1.000e+00
 2.000e+00 0.000e+00 0.000e+00 1.000e+00 0.000e+00 1.000e+00]
1003200 loops cons: [2.734e+03 8.250e+02 3.880e+02 2.180e+02 1.050e+02 7.500e+01 4.200e+01
 4.400e+01 2.800e+01 2.000e+01 2.200e+01 1.800e+01 1.000e+01 7.000e+00
 1.100e+01 4.000e+00 8.000e+00 3.000e+00 5.000e+00 4.000e+00 3.000e+00
 3.000e+00 3.000e+00 2.000e+00 2.000e+00 3.000e+00 1.000e+00 2.000e+00
 2.000e+00 1.000e+00 2.000e+00 4.000e+00 1.000e+00 0.000e+00 2.000e+00
 0.000e+00 2.000e+00 0.000e+00 0.000e+00 2.000e+00 1.000e+00 1.000e+00
 2.000e+00 0.000e+00 0.000e+00 1.000e+00 0.000e+00 1.000e+00]
1008000 loops cons: [2.751e+03 8.290e+02 3.920e+02 2.190e+02 1.060e+02 7.500e+01 4.200e+01
 4.400e+01 2.800e+01 2.000e+01 2.200e+01 1.800e+01 1.000e+01 7.000e+00
 1.100e+01 4.000e+00 8.000e+00 3.000e+00 5.000e+00 4.000e+00 3.000e+00
 3.000e+00 3.000e+00 2.000e+00 2.000e+00 3.000e+00 1.000e+00 2.000e+00
 2.000e+00 1.000e+00 2.000e+00 4.000e+00 1.000e+00 0.000e+00 2.000e+00
 0.000e+00 2.000e+00 0.000e+00 0.000e+00 2.000e+00 1.000e+00 1.000e+00
 2.000e+00 0.000e+00 0.000e+00 1.000e+00 0.000e+00 1.000e+00]
1012800 loops cons: [2.765e+03 8.330e+02 3.930e+02 2.190e+02 1.070e+02 7.500e+01 4.200e+01
 4.400e+01 2.800e+01 2.000e+01 2.200e+01 1.800e+01 1.000e+01 7.000e+00
 1.100e+01 4.000e+00 8.000e+00 3.000e+00 5.000e+00 4.000e+00 3.000e+00
 3.000e+00 3.000e+00 2.000e+00 2.000e+00 3.000e+00 1.000e+00 2.000e+00
 2.000e+00 1.000e+00 2.000e+00 4.000e+00 1.000e+00 0.000e+00 2.000e+00
 0.000e+00 2.000e+00 0.000e+00 0.000e+00 2.000e+00 1.000e+00 1.000e+00
 2.000e+00 0.000e+00 0.000e+00 1.000e+00 0.000e+00 1.000e+00]
1017600 loops cons: [2.781e+03 8.360e+02 3.960e+02 2.190e+02 1.080e+02 7.600e+01 4.200e+01
 4.400e+01 2.800e+01 2.000e+01 2.200e+01 1.800e+01 1.000e+01 7.000e+00
 1.100e+01 4.000e+00 8.000e+00 3.000e+00 5.000e+00 4.000e+00 3.000e+00
 3.000e+00 3.000e+00 2.000e+00 2.000e+00 3.000e+00 1.000e+00 2.000e+00
 2.000e+00 1.000e+00 2.000e+00 4.000e+00 1.000e+00 0.000e+00 2.000e+00
 0.000e+00 2.000e+00 0.000e+00 0.000e+00 2.000e+00 1.000e+00 1.000e+00
 2.000e+00 0.000e+00 0.000e+00 1.000e+00 0.000e+00 1.000e+00]
1022400 loops cons: [2.791e+03 8.420e+02 3.960e+02 2.200e+02 1.090e+02 7.700e+01 4.200e+01
 4.400e+01 2.800e+01 2.000e+01 2.200e+01 1.800e+01 1.000e+01 7.000e+00
 1.100e+01 4.000e+00 8.000e+00 3.000e+00 5.000e+00 4.000e+00 3.000e+00
 3.000e+00 3.000e+00 2.000e+00 2.000e+00 3.000e+00 1.000e+00 2.000e+00
 2.000e+00 1.000e+00 2.000e+00 4.000e+00 1.000e+00 0.000e+00 2.000e+00
 0.000e+00 2.000e+00 0.000e+00 0.000e+00 2.000e+00 1.000e+00 1.000e+00
 2.000e+00 0.000e+00 0.000e+00 1.000e+00 0.000e+00 1.000e+00]
1027200 loops cons: [2.805e+03 8.480e+02 4.000e+02 2.200e+02 1.090e+02 7.900e+01 4.200e+01
 4.400e+01 2.800e+01 2.000e+01 2.200e+01 1.800e+01 1.000e+01 7.000e+00
 1.100e+01 4.000e+00 8.000e+00 3.000e+00 5.000e+00 4.000e+00 3.000e+00
 3.000e+00 3.000e+00 2.000e+00 2.000e+00 3.000e+00 1.000e+00 2.000e+00
 2.000e+00 1.000e+00 2.000e+00 4.000e+00 1.000e+00 0.000e+00 2.000e+00
 0.000e+00 2.000e+00 0.000e+00 0.000e+00 2.000e+00 1.000e+00 1.000e+00
 2.000e+00 0.000e+00 0.000e+00 1.000e+00 0.000e+00 1.000e+00]
1032000 loops cons: [2.817e+03 8.490e+02 4.010e+02 2.200e+02 1.110e+02 8.000e+01 4.200e+01
 4.400e+01 2.800e+01 2.000e+01 2.200e+01 1.800e+01 1.000e+01 7.000e+00
 1.100e+01 5.000e+00 8.000e+00 3.000e+00 5.000e+00 4.000e+00 3.000e+00
 3.000e+00 3.000e+00 2.000e+00 2.000e+00 3.000e+00 1.000e+00 2.000e+00
 2.000e+00 1.000e+00 2.000e+00 4.000e+00 1.000e+00 0.000e+00 2.000e+00
 0.000e+00 2.000e+00 0.000e+00 0.000e+00 2.000e+00 1.000e+00 1.000e+00
 2.000e+00 0.000e+00 0.000e+00 1.000e+00 0.000e+00 1.000e+00]
1036800 loops cons: [2.825e+03 8.530e+02 4.020e+02 2.210e+02 1.130e+02 8.000e+01 4.300e+01
 4.400e+01 2.800e+01 2.000e+01 2.200e+01 1.800e+01 1.000e+01 7.000e+00
 1.100e+01 5.000e+00 9.000e+00 3.000e+00 5.000e+00 4.000e+00 3.000e+00
 3.000e+00 3.000e+00 2.000e+00 2.000e+00 3.000e+00 1.000e+00 2.000e+00
 2.000e+00 1.000e+00 2.000e+00 4.000e+00 1.000e+00 0.000e+00 2.000e+00
 0.000e+00 2.000e+00 0.000e+00 0.000e+00 2.000e+00 1.000e+00 1.000e+00
 2.000e+00 0.000e+00 0.000e+00 1.000e+00 0.000e+00 1.000e+00]
1041600 loops cons: [2.839e+03 8.570e+02 4.040e+02 2.210e+02 1.140e+02 8.100e+01 4.300e+01
 4.400e+01 2.800e+01 2.000e+01 2.200e+01 1.800e+01 1.000e+01 7.000e+00
 1.100e+01 5.000e+00 9.000e+00 3.000e+00 5.000e+00 5.000e+00 3.000e+00
 3.000e+00 3.000e+00 2.000e+00 2.000e+00 3.000e+00 1.000e+00 2.000e+00
 2.000e+00 1.000e+00 2.000e+00 4.000e+00 1.000e+00 0.000e+00 2.000e+00
 0.000e+00 2.000e+00 0.000e+00 0.000e+00 2.000e+00 1.000e+00 1.000e+00
 2.000e+00 0.000e+00 0.000e+00 1.000e+00 0.000e+00 1.000e+00]
1046400 loops cons: [2.858e+03 8.620e+02 4.050e+02 2.210e+02 1.140e+02 8.100e+01 4.300e+01
 4.400e+01 2.800e+01 2.000e+01 2.200e+01 1.900e+01 1.100e+01 7.000e+00
 1.100e+01 5.000e+00 9.000e+00 3.000e+00 5.000e+00 5.000e+00 3.000e+00
 3.000e+00 3.000e+00 2.000e+00 2.000e+00 3.000e+00 1.000e+00 2.000e+00
 2.000e+00 1.000e+00 2.000e+00 4.000e+00 1.000e+00 0.000e+00 2.000e+00
 0.000e+00 2.000e+00 0.000e+00 0.000e+00 2.000e+00 1.000e+00 1.000e+00
 2.000e+00 0.000e+00 0.000e+00 1.000e+00 0.000e+00 1.000e+00]
1051200 loops cons: [2.874e+03 8.680e+02 4.060e+02 2.220e+02 1.140e+02 8.100e+01 4.300e+01
 4.400e+01 2.800e+01 2.000e+01 2.200e+01 1.900e+01 1.100e+01 7.000e+00
 1.100e+01 6.000e+00 9.000e+00 3.000e+00 5.000e+00 5.000e+00 3.000e+00
 3.000e+00 4.000e+00 2.000e+00 2.000e+00 3.000e+00 1.000e+00 2.000e+00
 2.000e+00 1.000e+00 2.000e+00 4.000e+00 1.000e+00 0.000e+00 2.000e+00
 0.000e+00 2.000e+00 0.000e+00 0.000e+00 2.000e+00 1.000e+00 1.000e+00
 2.000e+00 0.000e+00 0.000e+00 1.000e+00 0.000e+00 1.000e+00]
1056000 loops cons: [2.891e+03 8.720e+02 4.080e+02 2.240e+02 1.160e+02 8.100e+01 4.400e+01
 4.400e+01 2.800e+01 2.000e+01 2.200e+01 1.900e+01 1.100e+01 8.000e+00
 1.100e+01 6.000e+00 9.000e+00 3.000e+00 5.000e+00 5.000e+00 3.000e+00
 3.000e+00 4.000e+00 2.000e+00 2.000e+00 3.000e+00 1.000e+00 2.000e+00
 2.000e+00 1.000e+00 2.000e+00 4.000e+00 1.000e+00 0.000e+00 2.000e+00
 0.000e+00 2.000e+00 0.000e+00 0.000e+00 2.000e+00 1.000e+00 1.000e+00
 2.000e+00 0.000e+00 0.000e+00 1.000e+00 0.000e+00 1.000e+00]
1060800 loops cons: [2.903e+03 8.760e+02 4.110e+02 2.270e+02 1.160e+02 8.100e+01 4.400e+01
 4.400e+01 2.800e+01 2.000e+01 2.200e+01 1.900e+01 1.100e+01 8.000e+00
 1.100e+01 6.000e+00 9.000e+00 3.000e+00 5.000e+00 5.000e+00 3.000e+00
 3.000e+00 4.000e+00 3.000e+00 2.000e+00 3.000e+00 1.000e+00 2.000e+00
 2.000e+00 2.000e+00 2.000e+00 4.000e+00 1.000e+00 0.000e+00 2.000e+00
 0.000e+00 2.000e+00 0.000e+00 0.000e+00 2.000e+00 1.000e+00 1.000e+00
 2.000e+00 0.000e+00 0.000e+00 1.000e+00 0.000e+00 1.000e+00]
1065600 loops cons: [2.918e+03 8.850e+02 4.130e+02 2.280e+02 1.170e+02 8.200e+01 4.400e+01
 4.400e+01 2.800e+01 2.000e+01 2.200e+01 1.900e+01 1.100e+01 8.000e+00
 1.100e+01 6.000e+00 9.000e+00 3.000e+00 5.000e+00 6.000e+00 3.000e+00
 3.000e+00 4.000e+00 3.000e+00 2.000e+00 3.000e+00 1.000e+00 2.000e+00
 2.000e+00 2.000e+00 2.000e+00 4.000e+00 1.000e+00 0.000e+00 2.000e+00
 0.000e+00 2.000e+00 0.000e+00 0.000e+00 2.000e+00 1.000e+00 1.000e+00
 2.000e+00 0.000e+00 0.000e+00 1.000e+00 0.000e+00 1.000e+00]
1070400 loops cons: [2.932e+03 8.870e+02 4.160e+02 2.280e+02 1.170e+02 8.200e+01 4.400e+01
 4.500e+01 2.800e+01 2.000e+01 2.200e+01 1.900e+01 1.100e+01 8.000e+00
 1.100e+01 6.000e+00 9.000e+00 3.000e+00 5.000e+00 6.000e+00 3.000e+00
 3.000e+00 4.000e+00 3.000e+00 2.000e+00 3.000e+00 1.000e+00 2.000e+00
 2.000e+00 2.000e+00 2.000e+00 4.000e+00 1.000e+00 0.000e+00 2.000e+00
 0.000e+00 2.000e+00 0.000e+00 0.000e+00 2.000e+00 1.000e+00 1.000e+00
 2.000e+00 0.000e+00 0.000e+00 1.000e+00 0.000e+00 1.000e+00]
1075200 loops cons: [2.947e+03 8.890e+02 4.170e+02 2.280e+02 1.180e+02 8.200e+01 4.400e+01
 4.500e+01 2.800e+01 2.100e+01 2.200e+01 1.900e+01 1.100e+01 8.000e+00
 1.100e+01 6.000e+00 9.000e+00 3.000e+00 5.000e+00 6.000e+00 3.000e+00
 3.000e+00 4.000e+00 3.000e+00 2.000e+00 3.000e+00 1.000e+00 2.000e+00
 2.000e+00 2.000e+00 2.000e+00 4.000e+00 1.000e+00 0.000e+00 2.000e+00
 0.000e+00 2.000e+00 0.000e+00 0.000e+00 2.000e+00 1.000e+00 1.000e+00
 2.000e+00 0.000e+00 0.000e+00 1.000e+00 0.000e+00 1.000e+00]
1080000 loops cons: [2.956e+03 8.910e+02 4.190e+02 2.290e+02 1.180e+02 8.200e+01 4.400e+01
 4.500e+01 2.800e+01 2.100e+01 2.200e+01 1.900e+01 1.100e+01 8.000e+00
 1.100e+01 6.000e+00 9.000e+00 3.000e+00 5.000e+00 6.000e+00 3.000e+00
 3.000e+00 4.000e+00 3.000e+00 2.000e+00 3.000e+00 1.000e+00 2.000e+00
 2.000e+00 2.000e+00 2.000e+00 4.000e+00 1.000e+00 0.000e+00 2.000e+00
 0.000e+00 2.000e+00 0.000e+00 0.000e+00 2.000e+00 1.000e+00 1.000e+00
 2.000e+00 0.000e+00 0.000e+00 1.000e+00 0.000e+00 1.000e+00]
1084800 loops cons: [2.969e+03 8.960e+02 4.200e+02 2.320e+02 1.180e+02 8.200e+01 4.400e+01
 4.500e+01 2.800e+01 2.100e+01 2.300e+01 1.900e+01 1.100e+01 8.000e+00
 1.100e+01 6.000e+00 9.000e+00 3.000e+00 5.000e+00 6.000e+00 3.000e+00
 3.000e+00 4.000e+00 3.000e+00 2.000e+00 3.000e+00 1.000e+00 2.000e+00
 2.000e+00 2.000e+00 2.000e+00 4.000e+00 1.000e+00 0.000e+00 2.000e+00
 0.000e+00 2.000e+00 0.000e+00 0.000e+00 2.000e+00 1.000e+00 1.000e+00
 2.000e+00 0.000e+00 0.000e+00 1.000e+00 0.000e+00 1.000e+00]
1089600 loops cons: [2.984e+03 9.020e+02 4.210e+02 2.320e+02 1.210e+02 8.200e+01 4.400e+01
 4.500e+01 2.800e+01 2.100e+01 2.300e+01 1.900e+01 1.100e+01 8.000e+00
 1.100e+01 6.000e+00 9.000e+00 3.000e+00 5.000e+00 6.000e+00 3.000e+00
 3.000e+00 4.000e+00 3.000e+00 2.000e+00 3.000e+00 1.000e+00 2.000e+00
 2.000e+00 2.000e+00 2.000e+00 4.000e+00 1.000e+00 0.000e+00 2.000e+00
 0.000e+00 2.000e+00 0.000e+00 0.000e+00 2.000e+00 1.000e+00 1.000e+00
 2.000e+00 0.000e+00 0.000e+00 1.000e+00 0.000e+00 1.000e+00]
