Starting new run concatemerization
concentration: 2
0 loops cons: [0. 0. 0. 0. 0. 0. 0. 0. 0. 0. 0. 0. 0. 0. 0. 0. 0. 0. 0. 0. 0. 0. 0. 0.
 0. 0. 0. 0. 0. 0. 0. 0. 0. 0. 0. 0. 0. 0. 0. 0. 0. 0. 0. 0. 0. 0. 0. 0.]
4800 loops cons: [15.  1.  2.  0.  1.  0.  0.  0.  0.  0.  0.  1.  0.  0.  0.  0.  0.  0.
  0.  0.  0.  0.  0.  0.  0.  0.  0.  0.  0.  0.  0.  0.  0.  0.  0.  0.
  0.  0.  0.  0.  0.  0.  0.  0.  0.  0.  0.  0.]
9600 loops cons: [26.  7.  8.  0.  1.  0.  0.  0.  0.  0.  0.  1.  0.  0.  0.  0.  0.  0.
  0.  0.  0.  0.  0.  0.  0.  0.  0.  0.  0.  0.  0.  0.  0.  0.  0.  0.
  0.  0.  0.  0.  0.  0.  0.  0.  0.  0.  0.  0.]
14400 loops cons: [37. 11.  9.  2.  1.  1.  0.  0.  0.  0.  0.  1.  0.  0.  0.  0.  0.  0.
  0.  0.  0.  0.  0.  0.  0.  0.  0.  0.  0.  0.  0.  0.  0.  0.  0.  0.
  0.  0.  0.  0.  0.  0.  0.  0.  0.  0.  0.  0.]
19200 loops cons: [52. 13. 11.  4.  2.  2.  1.  1.  0.  0.  0.  1.  0.  0.  0.  0.  0.  0.
  0.  0.  0.  0.  0.  0.  0.  0.  0.  0.  0.  0.  0.  0.  0.  0.  0.  0.
  0.  0.  0.  0.  0.  0.  0.  0.  0.  0.  0.  0.]
24000 loops cons: [65. 14. 14.  5.  3.  3.  2.  2.  0.  0.  2.  1.  0.  0.  0.  0.  0.  0.
  0.  0.  0.  0.  0.  0.  0.  0.  0.  0.  0.  0.  0.  0.  0.  0.  0.  0.
  0.  0.  0.  0.  0.  0.  0.  0.  0.  0.  0.  0.]
28800 loops cons: [79. 18. 15.  6.  4.  3.  2.  2.  1.  0.  2.  1.  0.  1.  0.  0.  0.  0.
  0.  1.  0.  0.  0.  0.  0.  0.  0.  0.  0.  0.  0.  0.  0.  0.  0.  0.
  0.  0.  0.  0.  0.  0.  0.  0.  0.  0.  0.  0.]
33600 loops cons: [94. 21. 16. 10.  6.  3.  2.  3.  1.  1.  2.  1.  0.  1.  0.  0.  0.  0.
  0.  1.  0.  0.  0.  0.  0.  0.  0.  0.  0.  0.  0.  0.  0.  0.  0.  0.
  0.  0.  0.  0.  0.  0.  0.  0.  0.  0.  0.  0.]
38400 loops cons: [102.  24.  17.  11.   7.   4.   2.   3.   1.   1.   2.   1.   0.   1.
   0.   0.   0.   0.   0.   1.   0.   0.   0.   0.   0.   0.   0.   0.
   0.   0.   0.   0.   0.   0.   0.   0.   0.   0.   0.   0.   0.   0.
   0.   0.   0.   0.   0.   0.]
43200 loops cons: [113.  26.  17.  12.   7.   4.   2.   3.   1.   1.   2.   1.   0.   2.
   0.   0.   0.   0.   0.   2.   0.   0.   0.   0.   0.   0.   0.   0.
   0.   0.   0.   0.   0.   0.   0.   0.   0.   0.   0.   0.   0.   0.
   0.   0.   0.   0.   0.   0.]
48000 loops cons: [126.  29.  19.  14.   8.   4.   2.   3.   2.   1.   2.   1.   0.   2.
   0.   0.   0.   0.   0.   2.   0.   0.   0.   0.   0.   0.   0.   0.
   0.   0.   0.   0.   0.   0.   0.   0.   0.   0.   0.   0.   0.   0.
   0.   0.   0.   0.   0.   0.]
52800 loops cons: [143.  37.  19.  14.   8.   5.   2.   4.   2.   1.   2.   1.   0.   2.
   0.   0.   0.   0.   0.   2.   0.   0.   0.   0.   0.   0.   0.   0.
   0.   0.   0.   0.   0.   0.   0.   0.   0.   0.   0.   0.   0.   0.
   0.   0.   0.   0.   0.   0.]
57600 loops cons: [155.  41.  21.  14.   8.   5.   2.   4.   2.   1.   2.   1.   0.   2.
   0.   0.   0.   0.   0.   2.   0.   0.   0.   0.   0.   0.   0.   0.
   0.   0.   0.   0.   0.   0.   0.   0.   0.   0.   0.   0.   0.   0.
   0.   0.   0.   0.   0.   0.]
62400 loops cons: [163.  45.  25.  16.   8.   5.   2.   4.   2.   1.   2.   1.   0.   2.
   0.   0.   0.   0.   0.   2.   0.   0.   0.   0.   0.   0.   0.   0.
   0.   0.   0.   0.   0.   0.   0.   0.   0.   0.   0.   0.   0.   0.
   0.   0.   0.   0.   0.   0.]
67200 loops cons: [182.  49.  26.  17.   8.   5.   2.   4.   2.   1.   3.   1.   0.   2.
   0.   0.   0.   0.   0.   2.   0.   0.   0.   0.   1.   0.   0.   0.
   0.   0.   0.   0.   0.   0.   0.   0.   0.   0.   0.   0.   0.   0.
   0.   0.   0.   0.   0.   0.]
72000 loops cons: [190.  53.  28.  19.   9.   5.   3.   4.   2.   1.   3.   1.   0.   2.
   0.   1.   0.   1.   0.   2.   0.   0.   0.   0.   1.   0.   0.   0.
   0.   0.   0.   0.   0.   0.   0.   0.   0.   0.   0.   0.   0.   0.
   0.   0.   0.   0.   0.   0.]
76800 loops cons: [198.  55.  31.  20.   9.   5.   4.   5.   2.   1.   3.   1.   0.   2.
   0.   1.   0.   1.   0.   2.   0.   0.   0.   0.   1.   0.   0.   0.
   0.   0.   0.   0.   0.   0.   0.   0.   0.   0.   0.   1.   0.   0.
   0.   0.   0.   0.   0.   0.]
81600 loops cons: [208.  58.  36.  20.  10.   5.   4.   5.   2.   1.   3.   1.   0.   2.
   0.   1.   0.   1.   0.   2.   0.   0.   0.   0.   1.   0.   0.   0.
   0.   0.   0.   1.   0.   0.   0.   0.   0.   0.   0.   1.   0.   0.
   0.   0.   0.   0.   0.   0.]
86400 loops cons: [221.  64.  38.  21.  10.   5.   4.   5.   2.   1.   3.   1.   1.   2.
   0.   2.   0.   1.   0.   2.   0.   0.   0.   0.   1.   0.   0.   0.
   0.   0.   0.   1.   0.   0.   0.   0.   0.   0.   0.   1.   0.   0.
   0.   0.   0.   0.   0.   0.]
91200 loops cons: [233.  67.  41.  22.  11.   5.   6.   5.   2.   1.   3.   1.   1.   2.
   0.   2.   0.   1.   0.   2.   0.   0.   0.   0.   1.   0.   0.   0.
   0.   0.   0.   1.   0.   0.   0.   0.   0.   0.   0.   1.   0.   0.
   0.   0.   0.   0.   0.   0.]
96000 loops cons: [246.  69.  43.  22.  12.   6.   6.   6.   2.   1.   4.   1.   1.   2.
   0.   2.   0.   1.   0.   2.   0.   0.   0.   0.   1.   0.   0.   0.
   0.   0.   0.   1.   0.   0.   0.   0.   0.   0.   0.   1.   0.   0.
   0.   0.   0.   0.   0.   0.]
100800 loops cons: [258.  71.  46.  23.  15.   6.   6.   6.   2.   1.   5.   1.   1.   2.
   0.   2.   0.   1.   0.   2.   0.   0.   0.   0.   2.   0.   0.   0.
   0.   0.   0.   1.   0.   0.   0.   0.   0.   0.   0.   1.   0.   0.
   0.   0.   0.   0.   0.   0.]
105600 loops cons: [269.  75.  47.  26.  15.   7.   6.   6.   2.   1.   6.   2.   1.   2.
   0.   2.   0.   1.   0.   2.   0.   0.   0.   0.   2.   0.   0.   0.
   0.   0.   0.   1.   0.   0.   0.   0.   0.   0.   0.   1.   0.   0.
   0.   0.   0.   0.   0.   0.]
110400 loops cons: [285.  77.  47.  27.  16.   7.   7.   6.   2.   1.   6.   2.   1.   2.
   0.   2.   0.   1.   0.   2.   0.   0.   0.   0.   2.   0.   0.   0.
   0.   0.   0.   1.   0.   0.   0.   0.   0.   0.   0.   1.   0.   0.
   0.   0.   0.   0.   0.   0.]
115200 loops cons: [303.  82.  51.  27.  16.   7.   7.   6.   3.   1.   6.   2.   1.   2.
   0.   2.   0.   1.   0.   2.   0.   0.   0.   0.   2.   0.   1.   0.
   0.   0.   0.   1.   0.   0.   0.   0.   0.   0.   0.   1.   0.   0.
   0.   0.   0.   0.   0.   0.]
120000 loops cons: [317.  91.  52.  28.  17.   8.   7.   6.   3.   1.   6.   2.   1.   2.
   0.   2.   1.   1.   0.   2.   0.   0.   0.   0.   2.   0.   1.   0.
   0.   0.   0.   1.   0.   0.   0.   0.   0.   0.   0.   1.   0.   0.
   0.   0.   0.   0.   0.   0.]
124800 loops cons: [331.  95.  52.  28.  20.   9.   7.   6.   3.   1.   6.   2.   1.   2.
   0.   2.   1.   1.   0.   2.   0.   0.   0.   0.   2.   0.   1.   0.
   0.   0.   0.   1.   0.   0.   0.   0.   0.   0.   0.   1.   0.   0.
   0.   0.   0.   0.   0.   0.]
129600 loops cons: [347. 100.  53.  28.  20.   9.   7.   6.   3.   1.   7.   2.   1.   2.
   0.   2.   1.   1.   0.   2.   0.   0.   0.   0.   2.   0.   1.   0.
   0.   0.   0.   1.   0.   0.   0.   0.   0.   0.   0.   1.   0.   0.
   0.   0.   0.   0.   0.   0.]
134400 loops cons: [357. 101.  57.  28.  20.   9.   7.   6.   3.   2.   7.   2.   1.   2.
   0.   2.   1.   1.   0.   2.   0.   0.   0.   0.   2.   0.   1.   0.
   0.   0.   0.   1.   0.   0.   0.   0.   0.   0.   0.   1.   0.   0.
   0.   0.   0.   0.   0.   0.]
139200 loops cons: [367. 103.  59.  30.  21.   9.   7.   7.   3.   2.   7.   2.   1.   2.
   0.   2.   1.   1.   0.   2.   0.   0.   0.   0.   2.   0.   1.   0.
   0.   0.   0.   1.   0.   0.   0.   0.   0.   0.   0.   1.   0.   0.
   0.   0.   0.   0.   0.   0.]
144000 loops cons: [376. 108.  61.  31.  21.   9.   7.   7.   3.   2.   7.   2.   1.   2.
   0.   2.   1.   1.   0.   2.   0.   0.   0.   0.   2.   0.   1.   0.
   0.   0.   0.   1.   0.   0.   0.   0.   0.   0.   0.   1.   0.   0.
   0.   0.   0.   0.   0.   0.]
148800 loops cons: [396. 118.  63.  31.  21.  10.   7.   7.   3.   2.   7.   2.   1.   2.
   0.   2.   1.   1.   0.   2.   0.   0.   0.   0.   2.   0.   1.   0.
   0.   0.   0.   1.   0.   0.   0.   0.   0.   0.   0.   1.   0.   0.
   0.   0.   0.   0.   0.   0.]
153600 loops cons: [408. 122.  63.  31.  21.  10.   7.   8.   3.   2.   8.   2.   1.   2.
   0.   2.   1.   1.   0.   2.   0.   0.   0.   0.   2.   0.   1.   0.
   0.   0.   0.   1.   0.   0.   0.   0.   0.   0.   0.   1.   0.   0.
   0.   0.   0.   0.   0.   0.]
158400 loops cons: [428. 125.  66.  31.  21.  10.   7.   9.   3.   2.   9.   2.   1.   2.
   1.   2.   1.   1.   0.   2.   0.   0.   0.   0.   2.   0.   1.   0.
   0.   0.   0.   1.   0.   0.   0.   0.   0.   0.   0.   1.   0.   0.
   0.   0.   0.   0.   0.   0.]
163200 loops cons: [443. 128.  68.  32.  21.  10.   8.   9.   3.   3.   9.   3.   1.   3.
   1.   2.   1.   1.   0.   2.   0.   0.   0.   0.   2.   0.   1.   0.
   0.   0.   0.   1.   0.   0.   0.   0.   0.   0.   0.   1.   0.   0.
   0.   0.   0.   0.   0.   0.]
168000 loops cons: [450. 133.  68.  35.  21.  10.   8.  11.   3.   3.   9.   3.   1.   3.
   1.   2.   1.   1.   0.   2.   0.   0.   0.   0.   2.   0.   1.   0.
   0.   0.   0.   1.   0.   0.   0.   0.   0.   0.   0.   1.   0.   0.
   0.   0.   0.   0.   0.   0.]
172800 loops cons: [467. 138.  70.  35.  21.  11.   8.  11.   3.   4.   9.   3.   1.   3.
   1.   2.   1.   1.   0.   2.   0.   0.   0.   0.   2.   0.   1.   0.
   0.   0.   0.   1.   0.   0.   0.   0.   0.   0.   0.   1.   0.   0.
   0.   0.   0.   0.   0.   0.]
177600 loops cons: [475. 143.  74.  36.  22.  12.   8.  11.   3.   4.   9.   3.   1.   3.
   1.   2.   1.   1.   0.   3.   0.   0.   0.   0.   2.   0.   1.   0.
   0.   0.   0.   1.   0.   0.   0.   0.   0.   0.   0.   1.   0.   0.
   0.   0.   0.   0.   0.   0.]
182400 loops cons: [485. 147.  76.  36.  22.  12.   8.  11.   4.   4.   9.   3.   1.   3.
   1.   2.   1.   1.   0.   3.   0.   0.   0.   0.   2.   0.   1.   0.
   0.   0.   0.   1.   0.   0.   0.   0.   0.   0.   0.   1.   0.   0.
   0.   0.   0.   0.   0.   0.]
187200 loops cons: [496. 152.  77.  38.  22.  13.   8.  12.   5.   4.   9.   3.   1.   3.
   1.   2.   1.   1.   1.   3.   0.   0.   0.   0.   2.   0.   1.   0.
   0.   0.   0.   1.   0.   0.   0.   0.   0.   0.   0.   1.   0.   0.
   0.   0.   0.   0.   0.   0.]
192000 loops cons: [513. 156.  77.  38.  23.  13.   8.  12.   6.   4.   9.   3.   1.   3.
   1.   2.   1.   1.   1.   4.   0.   0.   0.   0.   2.   0.   1.   0.
   0.   0.   0.   1.   0.   0.   0.   0.   0.   0.   0.   1.   0.   0.
   0.   0.   0.   0.   0.   0.]
196800 loops cons: [527. 159.  79.  39.  24.  13.   8.  12.   6.   5.   9.   3.   2.   3.
   1.   2.   1.   1.   1.   4.   0.   0.   0.   0.   2.   0.   1.   0.
   0.   0.   0.   1.   0.   0.   0.   0.   0.   0.   0.   1.   0.   0.
   0.   0.   0.   0.   0.   0.]
201600 loops cons: [543. 163.  79.  39.  24.  14.   8.  12.   6.   6.   9.   3.   2.   3.
   1.   2.   1.   1.   1.   4.   0.   0.   0.   0.   2.   0.   1.   0.
   0.   0.   0.   1.   0.   0.   0.   0.   0.   0.   0.   1.   0.   0.
   0.   0.   0.   0.   0.   0.]
206400 loops cons: [552. 166.  80.  40.  25.  16.   8.  13.   6.   6.   9.   3.   2.   3.
   1.   2.   1.   1.   1.   4.   0.   0.   0.   0.   3.   0.   1.   0.
   0.   0.   0.   1.   0.   0.   0.   0.   0.   0.   0.   1.   0.   0.
   0.   0.   0.   0.   0.   0.]
211200 loops cons: [571. 170.  84.  40.  25.  16.   8.  14.   6.   6.   9.   3.   2.   3.
   1.   2.   1.   1.   1.   4.   0.   0.   0.   0.   3.   0.   1.   0.
   0.   0.   0.   1.   0.   0.   0.   0.   0.   0.   0.   1.   0.   0.
   0.   0.   0.   0.   0.   0.]
216000 loops cons: [584. 175.  86.  42.  25.  16.   8.  14.   6.   6.   9.   3.   2.   3.
   1.   2.   1.   1.   1.   4.   0.   0.   0.   0.   3.   0.   1.   0.
   0.   0.   0.   1.   0.   0.   0.   0.   0.   0.   0.   1.   0.   0.
   0.   0.   0.   0.   0.   0.]
220800 loops cons: [598. 179.  89.  42.  25.  16.   8.  14.   6.   7.   9.   3.   2.   3.
   1.   2.   1.   1.   1.   4.   0.   0.   0.   0.   3.   0.   1.   0.
   0.   0.   0.   1.   0.   0.   0.   0.   0.   0.   0.   1.   0.   0.
   0.   0.   0.   0.   0.   0.]
225600 loops cons: [609. 187.  91.  42.  25.  17.   8.  15.   6.   7.   9.   3.   2.   3.
   1.   2.   1.   2.   1.   4.   0.   0.   0.   0.   3.   0.   1.   0.
   0.   0.   0.   1.   0.   0.   0.   0.   0.   0.   0.   1.   0.   0.
   0.   0.   0.   0.   0.   0.]
230400 loops cons: [622. 189.  92.  44.  25.  18.   8.  16.   6.   7.   9.   3.   2.   3.
   1.   2.   1.   2.   1.   4.   0.   0.   0.   0.   3.   0.   1.   0.
   0.   0.   0.   1.   0.   0.   0.   0.   0.   0.   0.   1.   0.   0.
   0.   0.   0.   0.   0.   0.]
235200 loops cons: [641. 197.  93.  48.  26.  18.   8.  17.   7.   8.   9.   3.   2.   3.
   1.   2.   1.   2.   1.   4.   0.   0.   0.   0.   3.   0.   1.   0.
   0.   0.   0.   1.   0.   0.   0.   0.   0.   0.   0.   1.   0.   0.
   0.   0.   0.   0.   0.   0.]
240000 loops cons: [651. 204.  96.  49.  27.  19.   8.  18.   7.   8.   9.   3.   3.   3.
   1.   2.   1.   2.   1.   4.   0.   0.   0.   0.   3.   0.   1.   0.
   0.   0.   0.   1.   0.   0.   0.   0.   0.   0.   0.   1.   0.   0.
   0.   0.   0.   0.   0.   0.]
244800 loops cons: [668. 210.  97.  50.  27.  19.   8.  18.   7.   8.   9.   3.   3.   3.
   1.   2.   1.   2.   1.   4.   0.   0.   0.   0.   3.   0.   1.   0.
   1.   0.   0.   1.   0.   0.   0.   1.   0.   0.   0.   1.   0.   0.
   0.   0.   0.   0.   0.   0.]
249600 loops cons: [684. 215.  98.  50.  27.  19.   9.  18.   7.   8.   9.   3.   3.   3.
   1.   2.   1.   2.   1.   4.   0.   0.   0.   0.   3.   0.   1.   0.
   1.   0.   0.   1.   0.   0.   0.   1.   0.   0.   0.   1.   0.   0.
   0.   0.   0.   0.   0.   0.]
254400 loops cons: [694. 219.  98.  51.  29.  20.   9.  18.   8.   8.  10.   3.   3.   3.
   1.   2.   1.   2.   1.   4.   0.   0.   0.   0.   3.   0.   1.   0.
   1.   0.   0.   1.   0.   0.   0.   1.   0.   0.   0.   1.   0.   0.
   0.   0.   0.   0.   0.   0.]
259200 loops cons: [706. 225.  99.  52.  31.  21.  10.  19.   8.   8.  10.   3.   3.   3.
   1.   2.   1.   3.   1.   4.   0.   0.   0.   0.   3.   0.   1.   0.
   1.   0.   0.   1.   0.   0.   0.   1.   0.   0.   0.   1.   0.   0.
   0.   0.   0.   0.   0.   0.]
264000 loops cons: [722. 228. 104.  52.  32.  22.  10.  19.   8.   8.  10.   3.   4.   3.
   1.   2.   1.   3.   1.   4.   0.   0.   0.   0.   3.   0.   1.   0.
   2.   0.   0.   1.   0.   0.   0.   1.   0.   0.   0.   1.   0.   0.
   0.   0.   0.   0.   0.   0.]
268800 loops cons: [735. 230. 105.  54.  33.  23.  10.  19.   8.   8.  10.   3.   4.   3.
   1.   2.   1.   3.   2.   4.   0.   0.   0.   0.   3.   0.   1.   0.
   2.   0.   0.   1.   0.   0.   0.   1.   0.   0.   0.   1.   0.   0.
   0.   0.   0.   0.   0.   0.]
273600 loops cons: [745. 232. 106.  55.  34.  24.  11.  19.   8.   9.  10.   3.   4.   3.
   1.   2.   1.   3.   2.   4.   0.   0.   0.   0.   3.   0.   1.   0.
   2.   0.   0.   1.   0.   0.   0.   1.   0.   0.   0.   1.   0.   0.
   0.   0.   0.   0.   0.   0.]
278400 loops cons: [758. 241. 107.  58.  35.  25.  12.  19.   8.   9.  10.   3.   4.   3.
   1.   2.   2.   3.   2.   4.   0.   0.   0.   0.   3.   0.   1.   0.
   2.   0.   0.   1.   0.   0.   0.   1.   0.   0.   0.   1.   0.   0.
   0.   0.   0.   0.   0.   0.]
283200 loops cons: [772. 243. 111.  60.  35.  25.  12.  19.   8.  10.  10.   3.   4.   3.
   1.   2.   2.   3.   2.   4.   0.   0.   0.   0.   3.   0.   1.   0.
   2.   0.   0.   1.   0.   0.   0.   1.   0.   0.   0.   1.   0.   0.
   0.   0.   0.   0.   0.   0.]
288000 loops cons: [784. 243. 113.  60.  35.  25.  13.  19.   8.  10.  10.   3.   4.   3.
   1.   2.   2.   3.   2.   4.   0.   0.   0.   0.   3.   0.   1.   0.
   2.   0.   0.   1.   0.   0.   0.   1.   0.   0.   0.   1.   0.   0.
   0.   0.   0.   0.   0.   0.]
292800 loops cons: [800. 244. 113.  62.  36.  27.  13.  20.   9.  10.  10.   3.   4.   3.
   1.   2.   2.   3.   2.   4.   0.   0.   0.   0.   3.   0.   1.   0.
   2.   0.   0.   1.   0.   0.   0.   1.   0.   0.   0.   1.   0.   1.
   0.   0.   0.   0.   0.   0.]
297600 loops cons: [812. 249. 114.  62.  36.  27.  13.  20.   9.  10.  10.   3.   4.   4.
   1.   2.   2.   3.   2.   4.   0.   0.   0.   0.   3.   0.   1.   0.
   2.   0.   0.   1.   0.   0.   0.   1.   0.   0.   0.   1.   0.   1.
   0.   0.   0.   0.   1.   0.]
302400 loops cons: [827. 251. 116.  63.  36.  27.  13.  20.   9.  10.  10.   3.   4.   4.
   1.   2.   2.   3.   2.   4.   0.   0.   0.   0.   3.   0.   1.   0.
   2.   0.   0.   1.   0.   0.   0.   1.   0.   0.   0.   1.   0.   1.
   0.   0.   0.   0.   1.   0.]
307200 loops cons: [841. 257. 119.  64.  36.  28.  14.  20.   9.  10.  10.   3.   4.   4.
   1.   2.   2.   3.   2.   4.   0.   0.   0.   0.   3.   0.   1.   0.
   2.   0.   0.   1.   0.   0.   0.   1.   0.   0.   0.   1.   0.   1.
   0.   0.   0.   0.   1.   0.]
312000 loops cons: [848. 259. 121.  64.  37.  28.  14.  20.   9.  11.  10.   3.   4.   4.
   1.   2.   2.   3.   2.   4.   0.   0.   0.   0.   3.   0.   1.   0.
   2.   0.   0.   1.   0.   0.   0.   1.   0.   0.   0.   1.   0.   1.
   0.   0.   0.   0.   1.   0.]
316800 loops cons: [864. 265. 121.  65.  39.  29.  14.  20.   9.  11.  10.   4.   4.   4.
   1.   2.   2.   3.   2.   4.   1.   0.   0.   0.   3.   0.   1.   0.
   2.   0.   0.   1.   0.   0.   0.   1.   0.   0.   0.   1.   0.   1.
   0.   0.   0.   0.   1.   0.]
321600 loops cons: [877. 269. 125.  65.  39.  29.  14.  20.   9.  11.  10.   4.   4.   4.
   1.   2.   2.   3.   2.   4.   1.   0.   0.   0.   3.   0.   1.   0.
   2.   0.   0.   1.   0.   0.   0.   1.   0.   0.   0.   1.   0.   1.
   0.   0.   0.   0.   1.   0.]
326400 loops cons: [883. 275. 126.  65.  40.  29.  15.  21.   9.  11.  10.   5.   4.   4.
   1.   2.   2.   3.   2.   4.   1.   0.   0.   0.   3.   0.   1.   0.
   2.   0.   1.   1.   0.   0.   0.   1.   0.   0.   0.   1.   0.   1.
   0.   0.   0.   0.   1.   0.]
331200 loops cons: [896. 278. 128.  65.  40.  29.  15.  21.   9.  11.  10.   5.   4.   4.
   1.   2.   2.   4.   2.   4.   1.   0.   0.   0.   3.   0.   1.   0.
   2.   0.   1.   1.   0.   0.   0.   1.   0.   0.   0.   1.   0.   1.
   0.   0.   0.   0.   1.   0.]
336000 loops cons: [901. 282. 129.  65.  40.  29.  15.  21.  10.  11.  11.   5.   5.   4.
   1.   2.   2.   4.   2.   4.   1.   0.   0.   0.   3.   0.   1.   0.
   2.   0.   1.   1.   0.   0.   0.   1.   0.   0.   0.   1.   0.   1.
   0.   0.   0.   0.   1.   0.]
340800 loops cons: [911. 286. 131.  66.  41.  29.  15.  21.  10.  11.  11.   5.   5.   4.
   1.   2.   2.   4.   2.   4.   1.   0.   0.   0.   3.   0.   1.   0.
   2.   0.   1.   2.   0.   0.   0.   1.   0.   0.   0.   1.   0.   1.
   0.   0.   0.   0.   1.   0.]
345600 loops cons: [922. 292. 134.  68.  41.  29.  15.  22.  10.  11.  11.   5.   5.   4.
   1.   2.   2.   4.   2.   4.   1.   0.   0.   0.   3.   0.   1.   0.
   2.   0.   1.   2.   1.   0.   0.   1.   0.   0.   0.   1.   0.   1.
   0.   0.   0.   0.   1.   0.]
350400 loops cons: [933. 295. 136.  68.  41.  29.  17.  22.  10.  11.  11.   5.   5.   4.
   1.   2.   3.   4.   2.   4.   1.   0.   0.   0.   3.   0.   1.   0.
   2.   0.   1.   2.   1.   0.   0.   1.   0.   0.   0.   1.   0.   1.
   0.   0.   0.   0.   1.   0.]
355200 loops cons: [948. 300. 138.  68.  42.  29.  17.  22.  10.  12.  11.   6.   5.   4.
   1.   2.   3.   4.   2.   4.   1.   0.   0.   0.   3.   0.   1.   0.
   2.   0.   1.   2.   1.   0.   0.   1.   0.   0.   0.   1.   0.   1.
   0.   0.   0.   0.   1.   0.]
360000 loops cons: [959. 305. 139.  69.  42.  29.  17.  22.  11.  12.  11.   6.   5.   4.
   1.   2.   3.   4.   2.   4.   1.   0.   0.   0.   3.   0.   1.   0.
   2.   0.   1.   2.   1.   0.   0.   1.   0.   0.   0.   1.   0.   1.
   0.   0.   0.   0.   1.   0.]
364800 loops cons: [982. 312. 140.  69.  43.  29.  17.  22.  12.  12.  11.   6.   5.   4.
   1.   2.   3.   4.   2.   4.   1.   0.   0.   0.   3.   0.   1.   0.
   2.   0.   1.   2.   1.   0.   0.   1.   0.   0.   0.   1.   0.   1.
   0.   0.   0.   0.   1.   0.]
369600 loops cons: [995. 316. 140.  69.  43.  29.  17.  22.  12.  12.  12.   6.   6.   4.
   1.   2.   3.   4.   3.   4.   1.   0.   0.   0.   3.   0.   1.   0.
   2.   0.   1.   2.   1.   0.   0.   1.   0.   0.   0.   1.   0.   1.
   0.   0.   0.   0.   1.   0.]
374400 loops cons: [1.004e+03 3.200e+02 1.410e+02 7.000e+01 4.300e+01 2.900e+01 1.700e+01
 2.300e+01 1.200e+01 1.200e+01 1.200e+01 6.000e+00 6.000e+00 4.000e+00
 2.000e+00 2.000e+00 3.000e+00 4.000e+00 3.000e+00 4.000e+00 1.000e+00
 0.000e+00 0.000e+00 0.000e+00 3.000e+00 0.000e+00 1.000e+00 0.000e+00
 2.000e+00 0.000e+00 1.000e+00 2.000e+00 1.000e+00 0.000e+00 0.000e+00
 1.000e+00 0.000e+00 0.000e+00 0.000e+00 1.000e+00 0.000e+00 1.000e+00
 0.000e+00 0.000e+00 0.000e+00 0.000e+00 1.000e+00 0.000e+00]
379200 loops cons: [1.011e+03 3.210e+02 1.430e+02 7.000e+01 4.400e+01 2.900e+01 1.900e+01
 2.300e+01 1.200e+01 1.200e+01 1.200e+01 6.000e+00 6.000e+00 4.000e+00
 2.000e+00 2.000e+00 3.000e+00 4.000e+00 3.000e+00 4.000e+00 1.000e+00
 0.000e+00 0.000e+00 0.000e+00 3.000e+00 0.000e+00 1.000e+00 0.000e+00
 2.000e+00 0.000e+00 1.000e+00 2.000e+00 1.000e+00 0.000e+00 0.000e+00
 1.000e+00 0.000e+00 0.000e+00 0.000e+00 1.000e+00 0.000e+00 1.000e+00
 0.000e+00 0.000e+00 0.000e+00 0.000e+00 1.000e+00 0.000e+00]
384000 loops cons: [1.023e+03 3.250e+02 1.430e+02 7.000e+01 4.400e+01 2.900e+01 1.900e+01
 2.300e+01 1.200e+01 1.200e+01 1.200e+01 6.000e+00 6.000e+00 4.000e+00
 2.000e+00 2.000e+00 3.000e+00 4.000e+00 3.000e+00 4.000e+00 1.000e+00
 0.000e+00 0.000e+00 0.000e+00 3.000e+00 0.000e+00 1.000e+00 0.000e+00
 2.000e+00 0.000e+00 1.000e+00 2.000e+00 1.000e+00 0.000e+00 0.000e+00
 1.000e+00 0.000e+00 0.000e+00 0.000e+00 1.000e+00 0.000e+00 1.000e+00
 0.000e+00 0.000e+00 0.000e+00 0.000e+00 1.000e+00 0.000e+00]
388800 loops cons: [1.039e+03 3.290e+02 1.470e+02 7.100e+01 4.400e+01 2.900e+01 1.900e+01
 2.300e+01 1.200e+01 1.200e+01 1.200e+01 6.000e+00 6.000e+00 5.000e+00
 2.000e+00 2.000e+00 3.000e+00 4.000e+00 3.000e+00 4.000e+00 1.000e+00
 0.000e+00 0.000e+00 0.000e+00 3.000e+00 0.000e+00 1.000e+00 0.000e+00
 2.000e+00 0.000e+00 1.000e+00 2.000e+00 1.000e+00 0.000e+00 0.000e+00
 1.000e+00 0.000e+00 0.000e+00 0.000e+00 1.000e+00 0.000e+00 1.000e+00
 0.000e+00 0.000e+00 0.000e+00 0.000e+00 1.000e+00 0.000e+00]
393600 loops cons: [1.048e+03 3.350e+02 1.500e+02 7.200e+01 4.400e+01 2.900e+01 1.900e+01
 2.300e+01 1.200e+01 1.200e+01 1.200e+01 6.000e+00 6.000e+00 5.000e+00
 2.000e+00 2.000e+00 3.000e+00 4.000e+00 3.000e+00 4.000e+00 1.000e+00
 0.000e+00 0.000e+00 0.000e+00 3.000e+00 0.000e+00 1.000e+00 0.000e+00
 2.000e+00 0.000e+00 1.000e+00 2.000e+00 1.000e+00 0.000e+00 0.000e+00
 1.000e+00 0.000e+00 0.000e+00 0.000e+00 1.000e+00 0.000e+00 1.000e+00
 0.000e+00 0.000e+00 0.000e+00 0.000e+00 1.000e+00 0.000e+00]
398400 loops cons: [1.063e+03 3.370e+02 1.530e+02 7.200e+01 4.400e+01 2.900e+01 1.900e+01
 2.300e+01 1.200e+01 1.200e+01 1.200e+01 6.000e+00 6.000e+00 5.000e+00
 2.000e+00 2.000e+00 3.000e+00 4.000e+00 3.000e+00 4.000e+00 1.000e+00
 0.000e+00 0.000e+00 0.000e+00 4.000e+00 0.000e+00 1.000e+00 0.000e+00
 2.000e+00 0.000e+00 1.000e+00 2.000e+00 1.000e+00 0.000e+00 0.000e+00
 1.000e+00 0.000e+00 0.000e+00 0.000e+00 1.000e+00 0.000e+00 1.000e+00
 0.000e+00 0.000e+00 0.000e+00 0.000e+00 1.000e+00 0.000e+00]
403200 loops cons: [1.075e+03 3.430e+02 1.540e+02 7.200e+01 4.400e+01 2.900e+01 2.000e+01
 2.400e+01 1.200e+01 1.200e+01 1.200e+01 6.000e+00 6.000e+00 5.000e+00
 2.000e+00 2.000e+00 3.000e+00 4.000e+00 3.000e+00 4.000e+00 1.000e+00
 0.000e+00 0.000e+00 0.000e+00 4.000e+00 0.000e+00 1.000e+00 0.000e+00
 2.000e+00 0.000e+00 1.000e+00 2.000e+00 1.000e+00 0.000e+00 0.000e+00
 1.000e+00 0.000e+00 0.000e+00 0.000e+00 1.000e+00 0.000e+00 1.000e+00
 0.000e+00 0.000e+00 0.000e+00 0.000e+00 1.000e+00 0.000e+00]
408000 loops cons: [1.088e+03 3.480e+02 1.600e+02 7.400e+01 4.500e+01 2.900e+01 2.000e+01
 2.400e+01 1.200e+01 1.200e+01 1.200e+01 6.000e+00 6.000e+00 5.000e+00
 2.000e+00 2.000e+00 3.000e+00 4.000e+00 3.000e+00 4.000e+00 1.000e+00
 0.000e+00 0.000e+00 0.000e+00 4.000e+00 0.000e+00 1.000e+00 0.000e+00
 2.000e+00 0.000e+00 1.000e+00 2.000e+00 1.000e+00 0.000e+00 0.000e+00
 1.000e+00 0.000e+00 0.000e+00 0.000e+00 1.000e+00 0.000e+00 1.000e+00
 0.000e+00 0.000e+00 0.000e+00 0.000e+00 1.000e+00 0.000e+00]
412800 loops cons: [1.099e+03 3.530e+02 1.610e+02 7.400e+01 4.500e+01 2.900e+01 2.000e+01
 2.400e+01 1.200e+01 1.200e+01 1.200e+01 6.000e+00 6.000e+00 5.000e+00
 2.000e+00 2.000e+00 3.000e+00 4.000e+00 3.000e+00 4.000e+00 1.000e+00
 0.000e+00 0.000e+00 0.000e+00 4.000e+00 0.000e+00 1.000e+00 0.000e+00
 2.000e+00 0.000e+00 1.000e+00 2.000e+00 1.000e+00 0.000e+00 0.000e+00
 1.000e+00 0.000e+00 0.000e+00 0.000e+00 1.000e+00 0.000e+00 2.000e+00
 0.000e+00 0.000e+00 0.000e+00 0.000e+00 1.000e+00 0.000e+00]
417600 loops cons: [1.112e+03 3.550e+02 1.620e+02 7.500e+01 4.500e+01 2.900e+01 2.100e+01
 2.400e+01 1.200e+01 1.300e+01 1.200e+01 6.000e+00 6.000e+00 6.000e+00
 2.000e+00 2.000e+00 3.000e+00 4.000e+00 3.000e+00 4.000e+00 1.000e+00
 0.000e+00 0.000e+00 0.000e+00 4.000e+00 0.000e+00 1.000e+00 0.000e+00
 3.000e+00 0.000e+00 1.000e+00 2.000e+00 1.000e+00 0.000e+00 0.000e+00
 1.000e+00 0.000e+00 0.000e+00 0.000e+00 1.000e+00 0.000e+00 2.000e+00
 0.000e+00 0.000e+00 0.000e+00 0.000e+00 1.000e+00 0.000e+00]
422400 loops cons: [1.121e+03 3.610e+02 1.640e+02 7.500e+01 4.600e+01 3.100e+01 2.100e+01
 2.400e+01 1.200e+01 1.300e+01 1.200e+01 6.000e+00 6.000e+00 6.000e+00
 2.000e+00 2.000e+00 3.000e+00 4.000e+00 3.000e+00 4.000e+00 1.000e+00
 0.000e+00 0.000e+00 0.000e+00 4.000e+00 0.000e+00 1.000e+00 0.000e+00
 3.000e+00 0.000e+00 1.000e+00 2.000e+00 1.000e+00 0.000e+00 0.000e+00
 1.000e+00 0.000e+00 0.000e+00 0.000e+00 1.000e+00 0.000e+00 2.000e+00
 0.000e+00 0.000e+00 0.000e+00 0.000e+00 1.000e+00 0.000e+00]
427200 loops cons: [1.135e+03 3.660e+02 1.660e+02 7.500e+01 4.600e+01 3.100e+01 2.100e+01
 2.400e+01 1.300e+01 1.400e+01 1.200e+01 6.000e+00 7.000e+00 6.000e+00
 2.000e+00 2.000e+00 3.000e+00 4.000e+00 3.000e+00 4.000e+00 1.000e+00
 0.000e+00 0.000e+00 0.000e+00 4.000e+00 0.000e+00 1.000e+00 0.000e+00
 3.000e+00 0.000e+00 1.000e+00 2.000e+00 1.000e+00 0.000e+00 0.000e+00
 1.000e+00 0.000e+00 0.000e+00 0.000e+00 1.000e+00 0.000e+00 2.000e+00
 0.000e+00 0.000e+00 0.000e+00 0.000e+00 1.000e+00 0.000e+00]
432000 loops cons: [1.146e+03 3.710e+02 1.680e+02 7.700e+01 4.700e+01 3.200e+01 2.200e+01
 2.500e+01 1.300e+01 1.400e+01 1.200e+01 6.000e+00 7.000e+00 6.000e+00
 2.000e+00 2.000e+00 3.000e+00 4.000e+00 3.000e+00 4.000e+00 1.000e+00
 0.000e+00 0.000e+00 0.000e+00 4.000e+00 0.000e+00 1.000e+00 0.000e+00
 3.000e+00 0.000e+00 1.000e+00 2.000e+00 1.000e+00 0.000e+00 0.000e+00
 1.000e+00 0.000e+00 0.000e+00 0.000e+00 1.000e+00 0.000e+00 2.000e+00
 0.000e+00 0.000e+00 0.000e+00 0.000e+00 1.000e+00 0.000e+00]
436800 loops cons: [1.159e+03 3.800e+02 1.710e+02 7.900e+01 4.800e+01 3.300e+01 2.200e+01
 2.600e+01 1.300e+01 1.400e+01 1.200e+01 6.000e+00 7.000e+00 6.000e+00
 2.000e+00 2.000e+00 3.000e+00 4.000e+00 3.000e+00 4.000e+00 1.000e+00
 1.000e+00 0.000e+00 0.000e+00 4.000e+00 0.000e+00 2.000e+00 0.000e+00
 3.000e+00 0.000e+00 1.000e+00 2.000e+00 1.000e+00 0.000e+00 0.000e+00
 1.000e+00 0.000e+00 0.000e+00 0.000e+00 1.000e+00 0.000e+00 2.000e+00
 0.000e+00 0.000e+00 0.000e+00 0.000e+00 1.000e+00 0.000e+00]
441600 loops cons: [1.168e+03 3.860e+02 1.730e+02 8.100e+01 4.800e+01 3.300e+01 2.200e+01
 2.600e+01 1.300e+01 1.400e+01 1.200e+01 6.000e+00 7.000e+00 6.000e+00
 2.000e+00 2.000e+00 3.000e+00 4.000e+00 3.000e+00 4.000e+00 1.000e+00
 1.000e+00 0.000e+00 0.000e+00 4.000e+00 0.000e+00 2.000e+00 0.000e+00
 3.000e+00 0.000e+00 1.000e+00 2.000e+00 1.000e+00 0.000e+00 0.000e+00
 1.000e+00 0.000e+00 0.000e+00 0.000e+00 1.000e+00 0.000e+00 2.000e+00
 0.000e+00 0.000e+00 0.000e+00 0.000e+00 1.000e+00 0.000e+00]
446400 loops cons: [1.179e+03 3.930e+02 1.750e+02 8.200e+01 4.800e+01 3.300e+01 2.200e+01
 2.600e+01 1.300e+01 1.400e+01 1.200e+01 6.000e+00 7.000e+00 6.000e+00
 2.000e+00 2.000e+00 3.000e+00 4.000e+00 3.000e+00 4.000e+00 1.000e+00
 1.000e+00 0.000e+00 0.000e+00 4.000e+00 0.000e+00 2.000e+00 0.000e+00
 3.000e+00 0.000e+00 1.000e+00 2.000e+00 1.000e+00 0.000e+00 0.000e+00
 1.000e+00 0.000e+00 0.000e+00 0.000e+00 1.000e+00 0.000e+00 2.000e+00
 0.000e+00 0.000e+00 0.000e+00 0.000e+00 1.000e+00 0.000e+00]
451200 loops cons: [1.195e+03 3.950e+02 1.770e+02 8.300e+01 4.800e+01 3.400e+01 2.300e+01
 2.700e+01 1.300e+01 1.400e+01 1.300e+01 6.000e+00 7.000e+00 6.000e+00
 2.000e+00 2.000e+00 3.000e+00 4.000e+00 3.000e+00 4.000e+00 1.000e+00
 1.000e+00 0.000e+00 0.000e+00 4.000e+00 0.000e+00 2.000e+00 0.000e+00
 3.000e+00 0.000e+00 1.000e+00 2.000e+00 1.000e+00 0.000e+00 0.000e+00
 1.000e+00 0.000e+00 0.000e+00 0.000e+00 1.000e+00 0.000e+00 2.000e+00
 0.000e+00 0.000e+00 0.000e+00 0.000e+00 1.000e+00 0.000e+00]
456000 loops cons: [1.208e+03 3.960e+02 1.800e+02 8.300e+01 4.900e+01 3.500e+01 2.300e+01
 2.700e+01 1.300e+01 1.400e+01 1.300e+01 6.000e+00 7.000e+00 6.000e+00
 2.000e+00 2.000e+00 3.000e+00 4.000e+00 3.000e+00 4.000e+00 1.000e+00
 1.000e+00 0.000e+00 0.000e+00 4.000e+00 0.000e+00 2.000e+00 0.000e+00
 3.000e+00 0.000e+00 1.000e+00 2.000e+00 1.000e+00 0.000e+00 0.000e+00
 1.000e+00 0.000e+00 0.000e+00 0.000e+00 1.000e+00 0.000e+00 2.000e+00
 0.000e+00 0.000e+00 0.000e+00 0.000e+00 1.000e+00 0.000e+00]
460800 loops cons: [1.225e+03 3.990e+02 1.820e+02 8.400e+01 4.900e+01 3.500e+01 2.300e+01
 2.700e+01 1.400e+01 1.400e+01 1.400e+01 6.000e+00 7.000e+00 6.000e+00
 2.000e+00 2.000e+00 3.000e+00 4.000e+00 3.000e+00 4.000e+00 1.000e+00
 1.000e+00 0.000e+00 0.000e+00 4.000e+00 0.000e+00 2.000e+00 0.000e+00
 3.000e+00 0.000e+00 1.000e+00 2.000e+00 1.000e+00 0.000e+00 0.000e+00
 1.000e+00 0.000e+00 0.000e+00 0.000e+00 1.000e+00 0.000e+00 2.000e+00
 0.000e+00 0.000e+00 0.000e+00 0.000e+00 1.000e+00 0.000e+00]
465600 loops cons: [1.24e+03 4.02e+02 1.83e+02 8.40e+01 4.90e+01 3.50e+01 2.30e+01 2.70e+01
 1.40e+01 1.40e+01 1.40e+01 6.00e+00 7.00e+00 6.00e+00 2.00e+00 2.00e+00
 3.00e+00 4.00e+00 3.00e+00 4.00e+00 1.00e+00 1.00e+00 1.00e+00 0.00e+00
 4.00e+00 0.00e+00 2.00e+00 0.00e+00 3.00e+00 0.00e+00 1.00e+00 2.00e+00
 1.00e+00 0.00e+00 0.00e+00 1.00e+00 0.00e+00 0.00e+00 0.00e+00 1.00e+00
 0.00e+00 2.00e+00 0.00e+00 0.00e+00 0.00e+00 0.00e+00 1.00e+00 0.00e+00]
470400 loops cons: [1.254e+03 4.040e+02 1.840e+02 8.400e+01 4.900e+01 3.500e+01 2.300e+01
 2.700e+01 1.400e+01 1.600e+01 1.400e+01 6.000e+00 7.000e+00 6.000e+00
 2.000e+00 2.000e+00 3.000e+00 4.000e+00 3.000e+00 4.000e+00 1.000e+00
 1.000e+00 1.000e+00 0.000e+00 4.000e+00 0.000e+00 2.000e+00 0.000e+00
 3.000e+00 0.000e+00 1.000e+00 2.000e+00 1.000e+00 0.000e+00 0.000e+00
 1.000e+00 0.000e+00 0.000e+00 0.000e+00 1.000e+00 0.000e+00 2.000e+00
 0.000e+00 0.000e+00 0.000e+00 0.000e+00 1.000e+00 0.000e+00]
475200 loops cons: [1.264e+03 4.080e+02 1.860e+02 8.500e+01 4.900e+01 3.500e+01 2.400e+01
 2.700e+01 1.400e+01 1.600e+01 1.400e+01 7.000e+00 7.000e+00 6.000e+00
 2.000e+00 2.000e+00 3.000e+00 4.000e+00 3.000e+00 4.000e+00 1.000e+00
 1.000e+00 1.000e+00 0.000e+00 5.000e+00 0.000e+00 2.000e+00 0.000e+00
 3.000e+00 0.000e+00 1.000e+00 2.000e+00 1.000e+00 0.000e+00 0.000e+00
 1.000e+00 0.000e+00 0.000e+00 0.000e+00 1.000e+00 0.000e+00 2.000e+00
 0.000e+00 0.000e+00 0.000e+00 0.000e+00 1.000e+00 0.000e+00]
480000 loops cons: [1.279e+03 4.110e+02 1.880e+02 8.600e+01 5.000e+01 3.700e+01 2.400e+01
 2.700e+01 1.400e+01 1.600e+01 1.400e+01 7.000e+00 7.000e+00 6.000e+00
 2.000e+00 2.000e+00 3.000e+00 5.000e+00 3.000e+00 4.000e+00 1.000e+00
 1.000e+00 1.000e+00 0.000e+00 5.000e+00 0.000e+00 2.000e+00 0.000e+00
 3.000e+00 0.000e+00 1.000e+00 2.000e+00 2.000e+00 0.000e+00 0.000e+00
 1.000e+00 0.000e+00 0.000e+00 0.000e+00 1.000e+00 0.000e+00 2.000e+00
 0.000e+00 0.000e+00 0.000e+00 0.000e+00 1.000e+00 0.000e+00]
484800 loops cons: [1.288e+03 4.120e+02 1.910e+02 8.600e+01 5.000e+01 3.700e+01 2.500e+01
 2.700e+01 1.400e+01 1.600e+01 1.400e+01 7.000e+00 7.000e+00 6.000e+00
 2.000e+00 2.000e+00 3.000e+00 5.000e+00 3.000e+00 4.000e+00 1.000e+00
 1.000e+00 1.000e+00 0.000e+00 5.000e+00 0.000e+00 2.000e+00 0.000e+00
 3.000e+00 0.000e+00 1.000e+00 2.000e+00 2.000e+00 0.000e+00 0.000e+00
 1.000e+00 0.000e+00 0.000e+00 0.000e+00 1.000e+00 0.000e+00 2.000e+00
 0.000e+00 0.000e+00 0.000e+00 0.000e+00 1.000e+00 0.000e+00]
489600 loops cons: [1.295e+03 4.170e+02 1.920e+02 8.700e+01 5.000e+01 3.900e+01 2.500e+01
 2.700e+01 1.400e+01 1.600e+01 1.400e+01 7.000e+00 7.000e+00 6.000e+00
 2.000e+00 2.000e+00 3.000e+00 5.000e+00 3.000e+00 4.000e+00 1.000e+00
 1.000e+00 1.000e+00 0.000e+00 5.000e+00 0.000e+00 2.000e+00 0.000e+00
 3.000e+00 0.000e+00 1.000e+00 2.000e+00 2.000e+00 0.000e+00 0.000e+00
 1.000e+00 0.000e+00 0.000e+00 0.000e+00 1.000e+00 0.000e+00 2.000e+00
 0.000e+00 0.000e+00 0.000e+00 0.000e+00 1.000e+00 0.000e+00]
494400 loops cons: [1.309e+03 4.230e+02 1.930e+02 8.700e+01 5.000e+01 3.900e+01 2.600e+01
 2.700e+01 1.400e+01 1.600e+01 1.400e+01 7.000e+00 7.000e+00 6.000e+00
 2.000e+00 2.000e+00 3.000e+00 5.000e+00 3.000e+00 4.000e+00 1.000e+00
 1.000e+00 1.000e+00 0.000e+00 5.000e+00 0.000e+00 2.000e+00 0.000e+00
 3.000e+00 0.000e+00 1.000e+00 2.000e+00 2.000e+00 0.000e+00 0.000e+00
 1.000e+00 0.000e+00 0.000e+00 0.000e+00 1.000e+00 0.000e+00 2.000e+00
 0.000e+00 0.000e+00 0.000e+00 0.000e+00 1.000e+00 0.000e+00]
499200 loops cons: [1.328e+03 4.280e+02 1.990e+02 8.900e+01 5.000e+01 3.900e+01 2.600e+01
 2.700e+01 1.400e+01 1.700e+01 1.400e+01 7.000e+00 8.000e+00 6.000e+00
 2.000e+00 2.000e+00 3.000e+00 5.000e+00 3.000e+00 4.000e+00 1.000e+00
 1.000e+00 1.000e+00 0.000e+00 5.000e+00 0.000e+00 2.000e+00 0.000e+00
 3.000e+00 0.000e+00 1.000e+00 2.000e+00 2.000e+00 0.000e+00 0.000e+00
 1.000e+00 0.000e+00 0.000e+00 0.000e+00 1.000e+00 0.000e+00 2.000e+00
 0.000e+00 0.000e+00 0.000e+00 0.000e+00 1.000e+00 0.000e+00]
504000 loops cons: [1.338e+03 4.310e+02 2.000e+02 9.100e+01 5.100e+01 4.200e+01 2.600e+01
 2.700e+01 1.400e+01 1.700e+01 1.400e+01 7.000e+00 8.000e+00 6.000e+00
 2.000e+00 2.000e+00 3.000e+00 5.000e+00 3.000e+00 4.000e+00 1.000e+00
 1.000e+00 1.000e+00 0.000e+00 5.000e+00 0.000e+00 2.000e+00 0.000e+00
 3.000e+00 0.000e+00 1.000e+00 2.000e+00 2.000e+00 0.000e+00 0.000e+00
 1.000e+00 0.000e+00 0.000e+00 0.000e+00 1.000e+00 0.000e+00 2.000e+00
 0.000e+00 0.000e+00 0.000e+00 0.000e+00 1.000e+00 0.000e+00]
508800 loops cons: [1.354e+03 4.370e+02 2.050e+02 9.100e+01 5.200e+01 4.300e+01 2.600e+01
 2.700e+01 1.400e+01 1.700e+01 1.400e+01 7.000e+00 8.000e+00 6.000e+00
 2.000e+00 2.000e+00 3.000e+00 5.000e+00 3.000e+00 4.000e+00 1.000e+00
 1.000e+00 1.000e+00 0.000e+00 5.000e+00 0.000e+00 2.000e+00 0.000e+00
 3.000e+00 0.000e+00 2.000e+00 2.000e+00 2.000e+00 0.000e+00 0.000e+00
 1.000e+00 0.000e+00 0.000e+00 0.000e+00 1.000e+00 0.000e+00 2.000e+00
 0.000e+00 0.000e+00 0.000e+00 0.000e+00 1.000e+00 0.000e+00]
513600 loops cons: [1.373e+03 4.430e+02 2.050e+02 9.200e+01 5.400e+01 4.300e+01 2.700e+01
 2.700e+01 1.400e+01 1.700e+01 1.400e+01 7.000e+00 8.000e+00 6.000e+00
 2.000e+00 2.000e+00 3.000e+00 5.000e+00 3.000e+00 4.000e+00 1.000e+00
 1.000e+00 1.000e+00 0.000e+00 5.000e+00 0.000e+00 2.000e+00 0.000e+00
 3.000e+00 0.000e+00 2.000e+00 2.000e+00 2.000e+00 0.000e+00 0.000e+00
 1.000e+00 0.000e+00 0.000e+00 0.000e+00 1.000e+00 0.000e+00 2.000e+00
 0.000e+00 0.000e+00 0.000e+00 0.000e+00 1.000e+00 0.000e+00]
518400 loops cons: [1.389e+03 4.490e+02 2.060e+02 9.200e+01 5.600e+01 4.300e+01 2.700e+01
 2.900e+01 1.400e+01 1.800e+01 1.400e+01 7.000e+00 8.000e+00 6.000e+00
 2.000e+00 2.000e+00 3.000e+00 5.000e+00 3.000e+00 4.000e+00 1.000e+00
 1.000e+00 1.000e+00 0.000e+00 5.000e+00 0.000e+00 2.000e+00 0.000e+00
 3.000e+00 0.000e+00 2.000e+00 2.000e+00 2.000e+00 0.000e+00 0.000e+00
 1.000e+00 0.000e+00 0.000e+00 0.000e+00 1.000e+00 0.000e+00 2.000e+00
 0.000e+00 0.000e+00 0.000e+00 0.000e+00 1.000e+00 0.000e+00]
523200 loops cons: [1.403e+03 4.530e+02 2.090e+02 9.200e+01 5.700e+01 4.300e+01 2.700e+01
 2.900e+01 1.400e+01 1.800e+01 1.400e+01 7.000e+00 8.000e+00 6.000e+00
 2.000e+00 2.000e+00 3.000e+00 5.000e+00 3.000e+00 4.000e+00 1.000e+00
 1.000e+00 1.000e+00 0.000e+00 5.000e+00 0.000e+00 2.000e+00 0.000e+00
 3.000e+00 0.000e+00 2.000e+00 2.000e+00 2.000e+00 0.000e+00 0.000e+00
 1.000e+00 0.000e+00 0.000e+00 0.000e+00 1.000e+00 0.000e+00 2.000e+00
 0.000e+00 0.000e+00 0.000e+00 0.000e+00 1.000e+00 0.000e+00]
528000 loops cons: [1.415e+03 4.630e+02 2.100e+02 9.300e+01 5.700e+01 4.300e+01 2.700e+01
 2.900e+01 1.400e+01 1.800e+01 1.400e+01 7.000e+00 8.000e+00 6.000e+00
 2.000e+00 2.000e+00 3.000e+00 5.000e+00 3.000e+00 4.000e+00 1.000e+00
 1.000e+00 1.000e+00 0.000e+00 5.000e+00 0.000e+00 2.000e+00 0.000e+00
 3.000e+00 0.000e+00 2.000e+00 2.000e+00 2.000e+00 0.000e+00 0.000e+00
 1.000e+00 0.000e+00 0.000e+00 0.000e+00 1.000e+00 0.000e+00 2.000e+00
 0.000e+00 0.000e+00 0.000e+00 0.000e+00 1.000e+00 0.000e+00]
532800 loops cons: [1.428e+03 4.670e+02 2.110e+02 9.300e+01 5.800e+01 4.300e+01 2.700e+01
 3.000e+01 1.400e+01 1.800e+01 1.400e+01 7.000e+00 8.000e+00 6.000e+00
 2.000e+00 2.000e+00 3.000e+00 5.000e+00 3.000e+00 4.000e+00 1.000e+00
 1.000e+00 1.000e+00 0.000e+00 5.000e+00 0.000e+00 2.000e+00 0.000e+00
 3.000e+00 0.000e+00 2.000e+00 2.000e+00 2.000e+00 0.000e+00 0.000e+00
 1.000e+00 0.000e+00 0.000e+00 0.000e+00 1.000e+00 0.000e+00 2.000e+00
 0.000e+00 0.000e+00 0.000e+00 0.000e+00 1.000e+00 0.000e+00]
537600 loops cons: [1.439e+03 4.690e+02 2.110e+02 9.500e+01 5.800e+01 4.300e+01 2.700e+01
 3.000e+01 1.400e+01 1.800e+01 1.400e+01 7.000e+00 8.000e+00 6.000e+00
 2.000e+00 2.000e+00 3.000e+00 5.000e+00 3.000e+00 4.000e+00 1.000e+00
 1.000e+00 1.000e+00 0.000e+00 5.000e+00 0.000e+00 2.000e+00 0.000e+00
 3.000e+00 0.000e+00 2.000e+00 2.000e+00 2.000e+00 0.000e+00 0.000e+00
 1.000e+00 0.000e+00 0.000e+00 0.000e+00 1.000e+00 0.000e+00 2.000e+00
 0.000e+00 0.000e+00 0.000e+00 0.000e+00 1.000e+00 0.000e+00]
542400 loops cons: [1.453e+03 4.690e+02 2.140e+02 9.500e+01 5.800e+01 4.300e+01 2.800e+01
 3.100e+01 1.400e+01 1.900e+01 1.400e+01 7.000e+00 8.000e+00 6.000e+00
 2.000e+00 2.000e+00 3.000e+00 5.000e+00 3.000e+00 4.000e+00 1.000e+00
 1.000e+00 1.000e+00 0.000e+00 5.000e+00 0.000e+00 2.000e+00 0.000e+00
 3.000e+00 0.000e+00 2.000e+00 2.000e+00 2.000e+00 0.000e+00 0.000e+00
 1.000e+00 0.000e+00 0.000e+00 0.000e+00 1.000e+00 0.000e+00 2.000e+00
 0.000e+00 0.000e+00 0.000e+00 0.000e+00 1.000e+00 0.000e+00]
547200 loops cons: [1.471e+03 4.700e+02 2.140e+02 9.600e+01 5.800e+01 4.300e+01 2.800e+01
 3.100e+01 1.400e+01 1.900e+01 1.400e+01 7.000e+00 8.000e+00 6.000e+00
 3.000e+00 2.000e+00 3.000e+00 5.000e+00 3.000e+00 4.000e+00 1.000e+00
 1.000e+00 1.000e+00 0.000e+00 5.000e+00 0.000e+00 2.000e+00 0.000e+00
 3.000e+00 0.000e+00 2.000e+00 2.000e+00 2.000e+00 0.000e+00 0.000e+00
 1.000e+00 0.000e+00 0.000e+00 0.000e+00 1.000e+00 0.000e+00 2.000e+00
 0.000e+00 0.000e+00 0.000e+00 0.000e+00 1.000e+00 0.000e+00]
552000 loops cons: [1.483e+03 4.710e+02 2.180e+02 9.800e+01 5.800e+01 4.400e+01 2.800e+01
 3.100e+01 1.400e+01 2.200e+01 1.400e+01 7.000e+00 8.000e+00 6.000e+00
 3.000e+00 2.000e+00 3.000e+00 5.000e+00 3.000e+00 4.000e+00 1.000e+00
 1.000e+00 1.000e+00 0.000e+00 5.000e+00 0.000e+00 2.000e+00 0.000e+00
 3.000e+00 0.000e+00 2.000e+00 2.000e+00 2.000e+00 0.000e+00 0.000e+00
 1.000e+00 0.000e+00 0.000e+00 0.000e+00 1.000e+00 0.000e+00 2.000e+00
 0.000e+00 0.000e+00 0.000e+00 0.000e+00 1.000e+00 0.000e+00]
556800 loops cons: [1.499e+03 4.750e+02 2.210e+02 1.000e+02 5.800e+01 4.500e+01 2.800e+01
 3.100e+01 1.500e+01 2.200e+01 1.400e+01 7.000e+00 8.000e+00 6.000e+00
 3.000e+00 2.000e+00 3.000e+00 5.000e+00 3.000e+00 4.000e+00 1.000e+00
 1.000e+00 1.000e+00 0.000e+00 5.000e+00 0.000e+00 2.000e+00 0.000e+00
 3.000e+00 0.000e+00 2.000e+00 2.000e+00 2.000e+00 0.000e+00 0.000e+00
 1.000e+00 0.000e+00 0.000e+00 0.000e+00 1.000e+00 0.000e+00 2.000e+00
 0.000e+00 0.000e+00 0.000e+00 0.000e+00 1.000e+00 0.000e+00]
561600 loops cons: [1.51e+03 4.79e+02 2.22e+02 1.00e+02 5.80e+01 4.50e+01 2.80e+01 3.10e+01
 1.50e+01 2.20e+01 1.40e+01 7.00e+00 8.00e+00 6.00e+00 3.00e+00 2.00e+00
 3.00e+00 5.00e+00 3.00e+00 4.00e+00 1.00e+00 1.00e+00 1.00e+00 0.00e+00
 5.00e+00 0.00e+00 2.00e+00 1.00e+00 3.00e+00 0.00e+00 2.00e+00 2.00e+00
 2.00e+00 0.00e+00 0.00e+00 1.00e+00 0.00e+00 0.00e+00 0.00e+00 1.00e+00
 0.00e+00 2.00e+00 0.00e+00 0.00e+00 0.00e+00 0.00e+00 2.00e+00 0.00e+00]
566400 loops cons: [1.523e+03 4.820e+02 2.250e+02 1.010e+02 5.900e+01 4.600e+01 2.800e+01
 3.100e+01 1.500e+01 2.200e+01 1.400e+01 7.000e+00 8.000e+00 6.000e+00
 3.000e+00 2.000e+00 3.000e+00 5.000e+00 3.000e+00 4.000e+00 1.000e+00
 1.000e+00 1.000e+00 0.000e+00 6.000e+00 0.000e+00 2.000e+00 1.000e+00
 3.000e+00 0.000e+00 2.000e+00 2.000e+00 2.000e+00 0.000e+00 0.000e+00
 1.000e+00 0.000e+00 0.000e+00 0.000e+00 1.000e+00 0.000e+00 2.000e+00
 0.000e+00 0.000e+00 0.000e+00 0.000e+00 2.000e+00 0.000e+00]
571200 loops cons: [1.54e+03 4.88e+02 2.29e+02 1.03e+02 5.90e+01 4.60e+01 2.80e+01 3.20e+01
 1.50e+01 2.20e+01 1.50e+01 7.00e+00 8.00e+00 6.00e+00 3.00e+00 2.00e+00
 3.00e+00 5.00e+00 3.00e+00 5.00e+00 1.00e+00 1.00e+00 1.00e+00 0.00e+00
 6.00e+00 0.00e+00 2.00e+00 1.00e+00 3.00e+00 0.00e+00 2.00e+00 2.00e+00
 2.00e+00 0.00e+00 0.00e+00 1.00e+00 0.00e+00 0.00e+00 0.00e+00 1.00e+00
 0.00e+00 2.00e+00 0.00e+00 0.00e+00 0.00e+00 0.00e+00 2.00e+00 0.00e+00]
576000 loops cons: [1.545e+03 4.880e+02 2.320e+02 1.030e+02 6.000e+01 4.700e+01 2.800e+01
 3.400e+01 1.500e+01 2.200e+01 1.500e+01 7.000e+00 8.000e+00 6.000e+00
 3.000e+00 2.000e+00 3.000e+00 5.000e+00 3.000e+00 5.000e+00 1.000e+00
 1.000e+00 1.000e+00 0.000e+00 6.000e+00 0.000e+00 2.000e+00 1.000e+00
 3.000e+00 0.000e+00 2.000e+00 2.000e+00 2.000e+00 0.000e+00 0.000e+00
 1.000e+00 0.000e+00 0.000e+00 0.000e+00 1.000e+00 0.000e+00 2.000e+00
 0.000e+00 0.000e+00 0.000e+00 0.000e+00 2.000e+00 0.000e+00]
580800 loops cons: [1.558e+03 4.960e+02 2.320e+02 1.040e+02 6.000e+01 4.700e+01 2.800e+01
 3.400e+01 1.500e+01 2.200e+01 1.500e+01 7.000e+00 8.000e+00 6.000e+00
 3.000e+00 2.000e+00 3.000e+00 5.000e+00 3.000e+00 5.000e+00 1.000e+00
 1.000e+00 1.000e+00 0.000e+00 6.000e+00 0.000e+00 2.000e+00 1.000e+00
 3.000e+00 0.000e+00 2.000e+00 2.000e+00 2.000e+00 0.000e+00 0.000e+00
 2.000e+00 0.000e+00 0.000e+00 0.000e+00 1.000e+00 0.000e+00 2.000e+00
 0.000e+00 0.000e+00 0.000e+00 0.000e+00 2.000e+00 0.000e+00]
585600 loops cons: [1.574e+03 5.010e+02 2.340e+02 1.040e+02 6.000e+01 4.800e+01 2.800e+01
 3.500e+01 1.500e+01 2.200e+01 1.500e+01 7.000e+00 8.000e+00 6.000e+00
 3.000e+00 2.000e+00 3.000e+00 5.000e+00 3.000e+00 5.000e+00 1.000e+00
 1.000e+00 1.000e+00 0.000e+00 6.000e+00 0.000e+00 2.000e+00 1.000e+00
 3.000e+00 0.000e+00 2.000e+00 2.000e+00 2.000e+00 0.000e+00 0.000e+00
 2.000e+00 0.000e+00 0.000e+00 0.000e+00 1.000e+00 0.000e+00 2.000e+00
 0.000e+00 0.000e+00 0.000e+00 0.000e+00 2.000e+00 0.000e+00]
590400 loops cons: [1.587e+03 5.030e+02 2.350e+02 1.070e+02 6.100e+01 5.000e+01 2.800e+01
 3.500e+01 1.500e+01 2.200e+01 1.600e+01 7.000e+00 8.000e+00 6.000e+00
 3.000e+00 2.000e+00 3.000e+00 5.000e+00 3.000e+00 5.000e+00 1.000e+00
 1.000e+00 1.000e+00 0.000e+00 6.000e+00 0.000e+00 2.000e+00 1.000e+00
 3.000e+00 0.000e+00 2.000e+00 2.000e+00 2.000e+00 0.000e+00 0.000e+00
 2.000e+00 0.000e+00 0.000e+00 0.000e+00 1.000e+00 0.000e+00 2.000e+00
 0.000e+00 0.000e+00 0.000e+00 0.000e+00 2.000e+00 0.000e+00]
595200 loops cons: [1.603e+03 5.040e+02 2.380e+02 1.090e+02 6.300e+01 5.000e+01 2.800e+01
 3.500e+01 1.500e+01 2.200e+01 1.600e+01 7.000e+00 8.000e+00 7.000e+00
 3.000e+00 2.000e+00 3.000e+00 5.000e+00 3.000e+00 5.000e+00 1.000e+00
 1.000e+00 1.000e+00 0.000e+00 6.000e+00 0.000e+00 2.000e+00 1.000e+00
 3.000e+00 0.000e+00 2.000e+00 2.000e+00 2.000e+00 0.000e+00 0.000e+00
 2.000e+00 0.000e+00 0.000e+00 0.000e+00 1.000e+00 0.000e+00 2.000e+00
 0.000e+00 0.000e+00 0.000e+00 0.000e+00 2.000e+00 0.000e+00]
600000 loops cons: [1.616e+03 5.070e+02 2.390e+02 1.090e+02 6.300e+01 5.100e+01 2.900e+01
 3.500e+01 1.500e+01 2.200e+01 1.600e+01 7.000e+00 8.000e+00 7.000e+00
 3.000e+00 2.000e+00 3.000e+00 5.000e+00 3.000e+00 5.000e+00 1.000e+00
 1.000e+00 1.000e+00 0.000e+00 6.000e+00 1.000e+00 2.000e+00 1.000e+00
 3.000e+00 0.000e+00 2.000e+00 2.000e+00 2.000e+00 0.000e+00 0.000e+00
 2.000e+00 0.000e+00 0.000e+00 0.000e+00 1.000e+00 0.000e+00 2.000e+00
 0.000e+00 0.000e+00 0.000e+00 0.000e+00 2.000e+00 0.000e+00]
604800 loops cons: [1.63e+03 5.10e+02 2.41e+02 1.11e+02 6.30e+01 5.10e+01 2.90e+01 3.50e+01
 1.50e+01 2.20e+01 1.60e+01 7.00e+00 8.00e+00 7.00e+00 3.00e+00 2.00e+00
 4.00e+00 5.00e+00 3.00e+00 5.00e+00 1.00e+00 1.00e+00 1.00e+00 0.00e+00
 6.00e+00 1.00e+00 2.00e+00 1.00e+00 4.00e+00 0.00e+00 2.00e+00 2.00e+00
 2.00e+00 0.00e+00 0.00e+00 2.00e+00 0.00e+00 0.00e+00 0.00e+00 1.00e+00
 0.00e+00 2.00e+00 0.00e+00 0.00e+00 0.00e+00 0.00e+00 2.00e+00 0.00e+00]
609600 loops cons: [1.644e+03 5.130e+02 2.420e+02 1.110e+02 6.300e+01 5.100e+01 2.900e+01
 3.500e+01 1.500e+01 2.200e+01 1.700e+01 7.000e+00 8.000e+00 7.000e+00
 3.000e+00 2.000e+00 4.000e+00 5.000e+00 3.000e+00 5.000e+00 1.000e+00
 1.000e+00 1.000e+00 0.000e+00 6.000e+00 1.000e+00 2.000e+00 1.000e+00
 4.000e+00 0.000e+00 2.000e+00 2.000e+00 2.000e+00 0.000e+00 0.000e+00
 2.000e+00 0.000e+00 0.000e+00 0.000e+00 1.000e+00 0.000e+00 2.000e+00
 0.000e+00 0.000e+00 0.000e+00 0.000e+00 2.000e+00 0.000e+00]
614400 loops cons: [1.66e+03 5.16e+02 2.44e+02 1.11e+02 6.40e+01 5.10e+01 2.90e+01 3.50e+01
 1.50e+01 2.20e+01 1.70e+01 7.00e+00 8.00e+00 7.00e+00 3.00e+00 2.00e+00
 4.00e+00 5.00e+00 3.00e+00 5.00e+00 1.00e+00 1.00e+00 1.00e+00 0.00e+00
 6.00e+00 1.00e+00 2.00e+00 1.00e+00 4.00e+00 0.00e+00 2.00e+00 2.00e+00
 2.00e+00 0.00e+00 0.00e+00 2.00e+00 0.00e+00 0.00e+00 0.00e+00 1.00e+00
 0.00e+00 2.00e+00 0.00e+00 0.00e+00 0.00e+00 0.00e+00 2.00e+00 0.00e+00]
619200 loops cons: [1.672e+03 5.180e+02 2.480e+02 1.110e+02 6.700e+01 5.100e+01 3.000e+01
 3.600e+01 1.500e+01 2.200e+01 1.800e+01 7.000e+00 8.000e+00 7.000e+00
 3.000e+00 2.000e+00 4.000e+00 5.000e+00 3.000e+00 5.000e+00 1.000e+00
 1.000e+00 1.000e+00 0.000e+00 6.000e+00 1.000e+00 2.000e+00 1.000e+00
 4.000e+00 0.000e+00 2.000e+00 2.000e+00 2.000e+00 0.000e+00 0.000e+00
 2.000e+00 0.000e+00 0.000e+00 0.000e+00 1.000e+00 0.000e+00 2.000e+00
 0.000e+00 0.000e+00 0.000e+00 0.000e+00 2.000e+00 0.000e+00]
624000 loops cons: [1.682e+03 5.250e+02 2.480e+02 1.130e+02 6.800e+01 5.100e+01 3.000e+01
 3.700e+01 1.500e+01 2.200e+01 1.900e+01 7.000e+00 8.000e+00 7.000e+00
 3.000e+00 2.000e+00 4.000e+00 5.000e+00 3.000e+00 5.000e+00 1.000e+00
 1.000e+00 1.000e+00 0.000e+00 6.000e+00 1.000e+00 2.000e+00 1.000e+00
 4.000e+00 0.000e+00 2.000e+00 2.000e+00 2.000e+00 0.000e+00 0.000e+00
 2.000e+00 0.000e+00 0.000e+00 0.000e+00 1.000e+00 0.000e+00 2.000e+00
 0.000e+00 0.000e+00 0.000e+00 0.000e+00 2.000e+00 0.000e+00]
628800 loops cons: [1.691e+03 5.310e+02 2.510e+02 1.140e+02 6.800e+01 5.100e+01 3.000e+01
 3.700e+01 1.500e+01 2.200e+01 1.900e+01 7.000e+00 8.000e+00 7.000e+00
 3.000e+00 2.000e+00 4.000e+00 5.000e+00 3.000e+00 5.000e+00 1.000e+00
 1.000e+00 1.000e+00 0.000e+00 6.000e+00 1.000e+00 2.000e+00 1.000e+00
 4.000e+00 0.000e+00 2.000e+00 2.000e+00 2.000e+00 0.000e+00 0.000e+00
 2.000e+00 0.000e+00 0.000e+00 0.000e+00 1.000e+00 0.000e+00 2.000e+00
 0.000e+00 0.000e+00 0.000e+00 0.000e+00 2.000e+00 0.000e+00]
633600 loops cons: [1.706e+03 5.360e+02 2.520e+02 1.140e+02 6.900e+01 5.100e+01 3.200e+01
 3.700e+01 1.500e+01 2.200e+01 1.900e+01 7.000e+00 8.000e+00 7.000e+00
 3.000e+00 2.000e+00 4.000e+00 5.000e+00 3.000e+00 5.000e+00 1.000e+00
 1.000e+00 1.000e+00 0.000e+00 6.000e+00 1.000e+00 2.000e+00 1.000e+00
 4.000e+00 0.000e+00 2.000e+00 2.000e+00 3.000e+00 0.000e+00 0.000e+00
 2.000e+00 0.000e+00 0.000e+00 0.000e+00 1.000e+00 0.000e+00 2.000e+00
 0.000e+00 0.000e+00 0.000e+00 0.000e+00 2.000e+00 0.000e+00]
638400 loops cons: [1.72e+03 5.40e+02 2.55e+02 1.14e+02 6.90e+01 5.10e+01 3.20e+01 3.70e+01
 1.60e+01 2.20e+01 1.90e+01 7.00e+00 8.00e+00 7.00e+00 3.00e+00 2.00e+00
 4.00e+00 6.00e+00 3.00e+00 5.00e+00 1.00e+00 1.00e+00 1.00e+00 0.00e+00
 6.00e+00 1.00e+00 2.00e+00 1.00e+00 4.00e+00 0.00e+00 2.00e+00 2.00e+00
 3.00e+00 0.00e+00 0.00e+00 2.00e+00 0.00e+00 0.00e+00 0.00e+00 1.00e+00
 0.00e+00 2.00e+00 0.00e+00 0.00e+00 0.00e+00 0.00e+00 2.00e+00 0.00e+00]
643200 loops cons: [1.734e+03 5.420e+02 2.560e+02 1.150e+02 7.000e+01 5.100e+01 3.200e+01
 3.700e+01 1.600e+01 2.200e+01 1.900e+01 7.000e+00 8.000e+00 7.000e+00
 3.000e+00 2.000e+00 4.000e+00 6.000e+00 3.000e+00 5.000e+00 1.000e+00
 1.000e+00 1.000e+00 0.000e+00 6.000e+00 1.000e+00 2.000e+00 1.000e+00
 4.000e+00 0.000e+00 2.000e+00 2.000e+00 3.000e+00 0.000e+00 0.000e+00
 2.000e+00 0.000e+00 0.000e+00 0.000e+00 1.000e+00 0.000e+00 2.000e+00
 0.000e+00 0.000e+00 0.000e+00 0.000e+00 2.000e+00 0.000e+00]
648000 loops cons: [1.749e+03 5.470e+02 2.590e+02 1.150e+02 7.100e+01 5.100e+01 3.200e+01
 3.700e+01 1.600e+01 2.200e+01 2.000e+01 7.000e+00 8.000e+00 7.000e+00
 3.000e+00 2.000e+00 4.000e+00 6.000e+00 3.000e+00 5.000e+00 1.000e+00
 1.000e+00 1.000e+00 0.000e+00 6.000e+00 1.000e+00 2.000e+00 1.000e+00
 4.000e+00 0.000e+00 2.000e+00 2.000e+00 3.000e+00 0.000e+00 0.000e+00
 2.000e+00 0.000e+00 0.000e+00 0.000e+00 1.000e+00 0.000e+00 2.000e+00
 0.000e+00 0.000e+00 0.000e+00 0.000e+00 2.000e+00 0.000e+00]
652800 loops cons: [1.76e+03 5.52e+02 2.61e+02 1.17e+02 7.10e+01 5.10e+01 3.20e+01 3.80e+01
 1.60e+01 2.20e+01 2.00e+01 7.00e+00 9.00e+00 7.00e+00 3.00e+00 2.00e+00
 4.00e+00 6.00e+00 3.00e+00 5.00e+00 1.00e+00 1.00e+00 1.00e+00 0.00e+00
 6.00e+00 1.00e+00 2.00e+00 1.00e+00 4.00e+00 0.00e+00 2.00e+00 2.00e+00
 3.00e+00 0.00e+00 0.00e+00 2.00e+00 0.00e+00 0.00e+00 0.00e+00 1.00e+00
 0.00e+00 2.00e+00 0.00e+00 0.00e+00 0.00e+00 0.00e+00 2.00e+00 0.00e+00]
657600 loops cons: [1.77e+03 5.57e+02 2.62e+02 1.19e+02 7.30e+01 5.10e+01 3.20e+01 3.80e+01
 1.60e+01 2.30e+01 2.10e+01 7.00e+00 9.00e+00 7.00e+00 3.00e+00 2.00e+00
 4.00e+00 6.00e+00 3.00e+00 5.00e+00 1.00e+00 1.00e+00 1.00e+00 0.00e+00
 6.00e+00 1.00e+00 2.00e+00 1.00e+00 4.00e+00 0.00e+00 2.00e+00 2.00e+00
 3.00e+00 0.00e+00 0.00e+00 2.00e+00 0.00e+00 0.00e+00 0.00e+00 1.00e+00
 0.00e+00 2.00e+00 0.00e+00 0.00e+00 0.00e+00 0.00e+00 2.00e+00 0.00e+00]
662400 loops cons: [1.778e+03 5.620e+02 2.660e+02 1.190e+02 7.500e+01 5.100e+01 3.200e+01
 3.800e+01 1.600e+01 2.300e+01 2.100e+01 7.000e+00 9.000e+00 7.000e+00
 3.000e+00 2.000e+00 4.000e+00 6.000e+00 3.000e+00 5.000e+00 1.000e+00
 1.000e+00 1.000e+00 0.000e+00 6.000e+00 1.000e+00 2.000e+00 1.000e+00
 4.000e+00 0.000e+00 2.000e+00 2.000e+00 3.000e+00 0.000e+00 0.000e+00
 2.000e+00 0.000e+00 0.000e+00 0.000e+00 1.000e+00 0.000e+00 2.000e+00
 0.000e+00 0.000e+00 0.000e+00 0.000e+00 2.000e+00 0.000e+00]
667200 loops cons: [1.79e+03 5.68e+02 2.68e+02 1.19e+02 7.70e+01 5.10e+01 3.20e+01 3.80e+01
 1.60e+01 2.30e+01 2.10e+01 7.00e+00 9.00e+00 7.00e+00 3.00e+00 2.00e+00
 4.00e+00 6.00e+00 3.00e+00 5.00e+00 1.00e+00 1.00e+00 1.00e+00 0.00e+00
 6.00e+00 1.00e+00 2.00e+00 1.00e+00 4.00e+00 0.00e+00 2.00e+00 2.00e+00
 3.00e+00 0.00e+00 0.00e+00 2.00e+00 0.00e+00 0.00e+00 0.00e+00 1.00e+00
 0.00e+00 2.00e+00 0.00e+00 0.00e+00 0.00e+00 0.00e+00 2.00e+00 0.00e+00]
672000 loops cons: [1.797e+03 5.690e+02 2.710e+02 1.190e+02 7.800e+01 5.200e+01 3.200e+01
 3.800e+01 1.600e+01 2.300e+01 2.100e+01 7.000e+00 9.000e+00 7.000e+00
 4.000e+00 2.000e+00 4.000e+00 6.000e+00 3.000e+00 5.000e+00 1.000e+00
 1.000e+00 1.000e+00 0.000e+00 6.000e+00 1.000e+00 2.000e+00 1.000e+00
 4.000e+00 0.000e+00 2.000e+00 2.000e+00 3.000e+00 0.000e+00 0.000e+00
 2.000e+00 0.000e+00 0.000e+00 0.000e+00 1.000e+00 0.000e+00 2.000e+00
 0.000e+00 0.000e+00 0.000e+00 0.000e+00 2.000e+00 0.000e+00]
676800 loops cons: [1.811e+03 5.760e+02 2.770e+02 1.200e+02 7.800e+01 5.300e+01 3.200e+01
 3.800e+01 1.600e+01 2.300e+01 2.100e+01 7.000e+00 9.000e+00 7.000e+00
 4.000e+00 2.000e+00 4.000e+00 6.000e+00 3.000e+00 5.000e+00 1.000e+00
 1.000e+00 1.000e+00 0.000e+00 6.000e+00 1.000e+00 2.000e+00 1.000e+00
 4.000e+00 0.000e+00 2.000e+00 2.000e+00 3.000e+00 0.000e+00 0.000e+00
 2.000e+00 0.000e+00 0.000e+00 0.000e+00 1.000e+00 0.000e+00 2.000e+00
 0.000e+00 0.000e+00 0.000e+00 0.000e+00 2.000e+00 0.000e+00]
681600 loops cons: [1.828e+03 5.780e+02 2.810e+02 1.210e+02 8.000e+01 5.300e+01 3.200e+01
 3.800e+01 1.600e+01 2.300e+01 2.100e+01 7.000e+00 9.000e+00 7.000e+00
 4.000e+00 2.000e+00 4.000e+00 6.000e+00 3.000e+00 5.000e+00 1.000e+00
 1.000e+00 1.000e+00 0.000e+00 6.000e+00 1.000e+00 2.000e+00 1.000e+00
 4.000e+00 0.000e+00 2.000e+00 2.000e+00 3.000e+00 1.000e+00 0.000e+00
 2.000e+00 0.000e+00 0.000e+00 0.000e+00 1.000e+00 0.000e+00 2.000e+00
 0.000e+00 0.000e+00 0.000e+00 0.000e+00 2.000e+00 0.000e+00]
686400 loops cons: [1.84e+03 5.83e+02 2.82e+02 1.21e+02 8.20e+01 5.40e+01 3.20e+01 3.80e+01
 1.60e+01 2.30e+01 2.10e+01 7.00e+00 1.00e+01 7.00e+00 4.00e+00 2.00e+00
 4.00e+00 6.00e+00 3.00e+00 5.00e+00 1.00e+00 1.00e+00 1.00e+00 0.00e+00
 6.00e+00 1.00e+00 2.00e+00 1.00e+00 4.00e+00 0.00e+00 2.00e+00 2.00e+00
 3.00e+00 1.00e+00 0.00e+00 2.00e+00 0.00e+00 0.00e+00 0.00e+00 1.00e+00
 0.00e+00 2.00e+00 0.00e+00 0.00e+00 0.00e+00 0.00e+00 2.00e+00 0.00e+00]
691200 loops cons: [1.853e+03 5.870e+02 2.830e+02 1.210e+02 8.200e+01 5.400e+01 3.200e+01
 3.800e+01 1.600e+01 2.300e+01 2.100e+01 7.000e+00 1.000e+01 7.000e+00
 4.000e+00 2.000e+00 4.000e+00 6.000e+00 3.000e+00 5.000e+00 1.000e+00
 1.000e+00 1.000e+00 0.000e+00 6.000e+00 1.000e+00 2.000e+00 1.000e+00
 4.000e+00 0.000e+00 2.000e+00 2.000e+00 3.000e+00 1.000e+00 0.000e+00
 2.000e+00 0.000e+00 0.000e+00 0.000e+00 1.000e+00 0.000e+00 2.000e+00
 0.000e+00 0.000e+00 0.000e+00 0.000e+00 2.000e+00 0.000e+00]
696000 loops cons: [1.867e+03 5.880e+02 2.840e+02 1.230e+02 8.300e+01 5.500e+01 3.200e+01
 3.800e+01 1.600e+01 2.300e+01 2.100e+01 7.000e+00 1.000e+01 7.000e+00
 4.000e+00 2.000e+00 4.000e+00 6.000e+00 3.000e+00 5.000e+00 1.000e+00
 1.000e+00 1.000e+00 0.000e+00 6.000e+00 1.000e+00 2.000e+00 1.000e+00
 4.000e+00 0.000e+00 2.000e+00 2.000e+00 3.000e+00 1.000e+00 0.000e+00
 2.000e+00 0.000e+00 0.000e+00 0.000e+00 1.000e+00 0.000e+00 2.000e+00
 0.000e+00 0.000e+00 0.000e+00 0.000e+00 2.000e+00 0.000e+00]
700800 loops cons: [1.875e+03 5.920e+02 2.860e+02 1.230e+02 8.300e+01 5.500e+01 3.200e+01
 3.800e+01 1.600e+01 2.300e+01 2.200e+01 7.000e+00 1.000e+01 9.000e+00
 4.000e+00 2.000e+00 4.000e+00 6.000e+00 3.000e+00 5.000e+00 1.000e+00
 1.000e+00 1.000e+00 0.000e+00 6.000e+00 1.000e+00 2.000e+00 1.000e+00
 4.000e+00 0.000e+00 2.000e+00 2.000e+00 3.000e+00 1.000e+00 0.000e+00
 2.000e+00 0.000e+00 0.000e+00 0.000e+00 1.000e+00 0.000e+00 2.000e+00
 0.000e+00 0.000e+00 0.000e+00 0.000e+00 2.000e+00 0.000e+00]
705600 loops cons: [1.887e+03 5.960e+02 2.870e+02 1.240e+02 8.400e+01 5.500e+01 3.200e+01
 3.800e+01 1.600e+01 2.300e+01 2.200e+01 7.000e+00 1.000e+01 9.000e+00
 4.000e+00 2.000e+00 4.000e+00 6.000e+00 3.000e+00 5.000e+00 1.000e+00
 1.000e+00 1.000e+00 0.000e+00 6.000e+00 1.000e+00 2.000e+00 1.000e+00
 4.000e+00 0.000e+00 2.000e+00 2.000e+00 3.000e+00 1.000e+00 0.000e+00
 2.000e+00 0.000e+00 0.000e+00 0.000e+00 1.000e+00 0.000e+00 2.000e+00
 0.000e+00 0.000e+00 0.000e+00 0.000e+00 2.000e+00 0.000e+00]
710400 loops cons: [1.90e+03 5.99e+02 2.89e+02 1.25e+02 8.40e+01 5.50e+01 3.20e+01 3.90e+01
 1.60e+01 2.30e+01 2.20e+01 7.00e+00 1.00e+01 9.00e+00 4.00e+00 2.00e+00
 4.00e+00 6.00e+00 3.00e+00 5.00e+00 1.00e+00 1.00e+00 1.00e+00 0.00e+00
 6.00e+00 1.00e+00 2.00e+00 1.00e+00 4.00e+00 0.00e+00 2.00e+00 2.00e+00
 3.00e+00 1.00e+00 0.00e+00 2.00e+00 0.00e+00 0.00e+00 0.00e+00 1.00e+00
 0.00e+00 2.00e+00 0.00e+00 0.00e+00 0.00e+00 0.00e+00 2.00e+00 0.00e+00]
715200 loops cons: [1.916e+03 6.040e+02 2.920e+02 1.260e+02 8.600e+01 5.500e+01 3.300e+01
 3.900e+01 1.700e+01 2.300e+01 2.200e+01 7.000e+00 1.000e+01 9.000e+00
 4.000e+00 2.000e+00 4.000e+00 6.000e+00 3.000e+00 5.000e+00 1.000e+00
 1.000e+00 1.000e+00 0.000e+00 6.000e+00 1.000e+00 2.000e+00 1.000e+00
 4.000e+00 0.000e+00 2.000e+00 2.000e+00 3.000e+00 1.000e+00 1.000e+00
 2.000e+00 0.000e+00 0.000e+00 0.000e+00 1.000e+00 0.000e+00 2.000e+00
 0.000e+00 0.000e+00 0.000e+00 0.000e+00 2.000e+00 0.000e+00]
720000 loops cons: [1.927e+03 6.070e+02 2.930e+02 1.260e+02 8.600e+01 5.600e+01 3.300e+01
 3.900e+01 1.700e+01 2.300e+01 2.200e+01 7.000e+00 1.000e+01 9.000e+00
 4.000e+00 2.000e+00 4.000e+00 6.000e+00 3.000e+00 5.000e+00 1.000e+00
 1.000e+00 1.000e+00 0.000e+00 6.000e+00 1.000e+00 2.000e+00 1.000e+00
 4.000e+00 0.000e+00 2.000e+00 2.000e+00 3.000e+00 1.000e+00 1.000e+00
 2.000e+00 0.000e+00 0.000e+00 0.000e+00 1.000e+00 0.000e+00 2.000e+00
 0.000e+00 0.000e+00 0.000e+00 0.000e+00 2.000e+00 0.000e+00]
724800 loops cons: [1.937e+03 6.120e+02 2.930e+02 1.260e+02 8.600e+01 5.700e+01 3.300e+01
 4.000e+01 1.700e+01 2.400e+01 2.300e+01 7.000e+00 1.000e+01 9.000e+00
 4.000e+00 2.000e+00 4.000e+00 6.000e+00 3.000e+00 5.000e+00 1.000e+00
 1.000e+00 1.000e+00 0.000e+00 6.000e+00 1.000e+00 2.000e+00 1.000e+00
 4.000e+00 0.000e+00 2.000e+00 2.000e+00 3.000e+00 1.000e+00 2.000e+00
 2.000e+00 0.000e+00 0.000e+00 0.000e+00 1.000e+00 0.000e+00 2.000e+00
 0.000e+00 0.000e+00 0.000e+00 0.000e+00 2.000e+00 0.000e+00]
729600 loops cons: [1.946e+03 6.180e+02 2.960e+02 1.280e+02 8.600e+01 5.800e+01 3.300e+01
 4.000e+01 1.700e+01 2.400e+01 2.300e+01 7.000e+00 1.100e+01 9.000e+00
 4.000e+00 2.000e+00 4.000e+00 6.000e+00 3.000e+00 5.000e+00 1.000e+00
 1.000e+00 1.000e+00 0.000e+00 6.000e+00 1.000e+00 2.000e+00 1.000e+00
 4.000e+00 0.000e+00 2.000e+00 2.000e+00 3.000e+00 1.000e+00 2.000e+00
 2.000e+00 0.000e+00 0.000e+00 0.000e+00 1.000e+00 0.000e+00 2.000e+00
 0.000e+00 0.000e+00 0.000e+00 0.000e+00 2.000e+00 0.000e+00]
734400 loops cons: [1.959e+03 6.220e+02 2.970e+02 1.300e+02 8.700e+01 6.000e+01 3.300e+01
 4.100e+01 1.800e+01 2.400e+01 2.300e+01 7.000e+00 1.100e+01 9.000e+00
 4.000e+00 2.000e+00 4.000e+00 6.000e+00 3.000e+00 5.000e+00 1.000e+00
 1.000e+00 1.000e+00 0.000e+00 6.000e+00 1.000e+00 2.000e+00 1.000e+00
 4.000e+00 0.000e+00 2.000e+00 2.000e+00 3.000e+00 1.000e+00 2.000e+00
 2.000e+00 0.000e+00 0.000e+00 0.000e+00 1.000e+00 0.000e+00 2.000e+00
 0.000e+00 0.000e+00 0.000e+00 0.000e+00 2.000e+00 0.000e+00]
739200 loops cons: [1.969e+03 6.260e+02 2.990e+02 1.330e+02 8.700e+01 6.000e+01 3.300e+01
 4.200e+01 1.800e+01 2.400e+01 2.300e+01 7.000e+00 1.200e+01 9.000e+00
 4.000e+00 2.000e+00 4.000e+00 6.000e+00 3.000e+00 5.000e+00 1.000e+00
 1.000e+00 1.000e+00 0.000e+00 6.000e+00 1.000e+00 2.000e+00 1.000e+00
 4.000e+00 0.000e+00 2.000e+00 2.000e+00 3.000e+00 1.000e+00 2.000e+00
 2.000e+00 0.000e+00 0.000e+00 0.000e+00 1.000e+00 0.000e+00 2.000e+00
 0.000e+00 0.000e+00 0.000e+00 0.000e+00 2.000e+00 0.000e+00]
744000 loops cons: [1.979e+03 6.290e+02 3.040e+02 1.330e+02 8.700e+01 6.000e+01 3.300e+01
 4.200e+01 1.800e+01 2.400e+01 2.300e+01 7.000e+00 1.200e+01 9.000e+00
 4.000e+00 2.000e+00 4.000e+00 6.000e+00 3.000e+00 5.000e+00 1.000e+00
 1.000e+00 1.000e+00 0.000e+00 6.000e+00 1.000e+00 2.000e+00 1.000e+00
 4.000e+00 0.000e+00 2.000e+00 2.000e+00 3.000e+00 1.000e+00 2.000e+00
 2.000e+00 0.000e+00 0.000e+00 0.000e+00 1.000e+00 0.000e+00 2.000e+00
 0.000e+00 0.000e+00 0.000e+00 0.000e+00 2.000e+00 0.000e+00]
748800 loops cons: [1.994e+03 6.310e+02 3.060e+02 1.350e+02 8.700e+01 6.000e+01 3.300e+01
 4.200e+01 1.900e+01 2.400e+01 2.300e+01 7.000e+00 1.200e+01 9.000e+00
 4.000e+00 2.000e+00 4.000e+00 6.000e+00 3.000e+00 5.000e+00 1.000e+00
 1.000e+00 1.000e+00 0.000e+00 6.000e+00 1.000e+00 2.000e+00 1.000e+00
 4.000e+00 0.000e+00 2.000e+00 2.000e+00 3.000e+00 1.000e+00 2.000e+00
 2.000e+00 0.000e+00 0.000e+00 0.000e+00 1.000e+00 0.000e+00 2.000e+00
 0.000e+00 0.000e+00 0.000e+00 0.000e+00 2.000e+00 0.000e+00]
753600 loops cons: [2.005e+03 6.330e+02 3.070e+02 1.360e+02 8.700e+01 6.100e+01 3.300e+01
 4.200e+01 1.900e+01 2.500e+01 2.300e+01 7.000e+00 1.200e+01 9.000e+00
 4.000e+00 2.000e+00 4.000e+00 6.000e+00 3.000e+00 5.000e+00 1.000e+00
 1.000e+00 1.000e+00 0.000e+00 6.000e+00 1.000e+00 2.000e+00 1.000e+00
 4.000e+00 0.000e+00 2.000e+00 2.000e+00 3.000e+00 1.000e+00 2.000e+00
 2.000e+00 0.000e+00 0.000e+00 0.000e+00 1.000e+00 0.000e+00 2.000e+00
 0.000e+00 0.000e+00 0.000e+00 0.000e+00 2.000e+00 0.000e+00]
758400 loops cons: [2.026e+03 6.360e+02 3.090e+02 1.380e+02 8.700e+01 6.200e+01 3.300e+01
 4.200e+01 1.900e+01 2.500e+01 2.300e+01 7.000e+00 1.200e+01 9.000e+00
 4.000e+00 2.000e+00 5.000e+00 6.000e+00 3.000e+00 5.000e+00 1.000e+00
 1.000e+00 1.000e+00 0.000e+00 6.000e+00 1.000e+00 2.000e+00 1.000e+00
 4.000e+00 0.000e+00 2.000e+00 2.000e+00 3.000e+00 1.000e+00 2.000e+00
 2.000e+00 0.000e+00 0.000e+00 0.000e+00 1.000e+00 0.000e+00 2.000e+00
 0.000e+00 0.000e+00 0.000e+00 0.000e+00 2.000e+00 0.000e+00]
763200 loops cons: [2.04e+03 6.39e+02 3.10e+02 1.38e+02 8.90e+01 6.20e+01 3.30e+01 4.20e+01
 1.90e+01 2.50e+01 2.30e+01 7.00e+00 1.20e+01 9.00e+00 4.00e+00 2.00e+00
 5.00e+00 6.00e+00 3.00e+00 5.00e+00 1.00e+00 2.00e+00 1.00e+00 0.00e+00
 6.00e+00 1.00e+00 2.00e+00 1.00e+00 4.00e+00 0.00e+00 2.00e+00 2.00e+00
 3.00e+00 1.00e+00 2.00e+00 2.00e+00 0.00e+00 0.00e+00 0.00e+00 1.00e+00
 0.00e+00 2.00e+00 0.00e+00 0.00e+00 0.00e+00 0.00e+00 2.00e+00 0.00e+00]
768000 loops cons: [2.05e+03 6.42e+02 3.11e+02 1.38e+02 8.90e+01 6.30e+01 3.30e+01 4.20e+01
 1.90e+01 2.60e+01 2.30e+01 7.00e+00 1.20e+01 9.00e+00 4.00e+00 2.00e+00
 5.00e+00 6.00e+00 3.00e+00 5.00e+00 1.00e+00 2.00e+00 1.00e+00 0.00e+00
 6.00e+00 1.00e+00 2.00e+00 1.00e+00 4.00e+00 0.00e+00 2.00e+00 2.00e+00
 3.00e+00 1.00e+00 2.00e+00 2.00e+00 0.00e+00 0.00e+00 0.00e+00 1.00e+00
 0.00e+00 2.00e+00 0.00e+00 0.00e+00 0.00e+00 0.00e+00 2.00e+00 0.00e+00]
772800 loops cons: [2.065e+03 6.440e+02 3.120e+02 1.390e+02 8.900e+01 6.400e+01 3.300e+01
 4.200e+01 1.900e+01 2.600e+01 2.300e+01 7.000e+00 1.200e+01 9.000e+00
 4.000e+00 2.000e+00 5.000e+00 6.000e+00 3.000e+00 5.000e+00 1.000e+00
 2.000e+00 1.000e+00 0.000e+00 6.000e+00 1.000e+00 2.000e+00 1.000e+00
 4.000e+00 0.000e+00 3.000e+00 2.000e+00 3.000e+00 1.000e+00 2.000e+00
 2.000e+00 0.000e+00 0.000e+00 0.000e+00 1.000e+00 0.000e+00 2.000e+00
 0.000e+00 0.000e+00 0.000e+00 0.000e+00 2.000e+00 0.000e+00]
777600 loops cons: [2.079e+03 6.480e+02 3.130e+02 1.400e+02 8.900e+01 6.500e+01 3.300e+01
 4.200e+01 1.900e+01 2.600e+01 2.300e+01 7.000e+00 1.200e+01 9.000e+00
 4.000e+00 2.000e+00 5.000e+00 6.000e+00 3.000e+00 5.000e+00 1.000e+00
 2.000e+00 1.000e+00 0.000e+00 6.000e+00 1.000e+00 2.000e+00 1.000e+00
 4.000e+00 0.000e+00 3.000e+00 2.000e+00 3.000e+00 1.000e+00 2.000e+00
 2.000e+00 0.000e+00 0.000e+00 0.000e+00 1.000e+00 0.000e+00 2.000e+00
 0.000e+00 0.000e+00 0.000e+00 0.000e+00 2.000e+00 0.000e+00]
782400 loops cons: [2.088e+03 6.520e+02 3.160e+02 1.420e+02 8.900e+01 6.600e+01 3.300e+01
 4.300e+01 2.000e+01 2.600e+01 2.300e+01 7.000e+00 1.200e+01 9.000e+00
 4.000e+00 2.000e+00 5.000e+00 6.000e+00 3.000e+00 5.000e+00 1.000e+00
 2.000e+00 1.000e+00 0.000e+00 6.000e+00 1.000e+00 2.000e+00 1.000e+00
 4.000e+00 0.000e+00 3.000e+00 2.000e+00 3.000e+00 1.000e+00 2.000e+00
 2.000e+00 0.000e+00 0.000e+00 0.000e+00 1.000e+00 0.000e+00 2.000e+00
 0.000e+00 0.000e+00 0.000e+00 0.000e+00 2.000e+00 0.000e+00]
787200 loops cons: [2.097e+03 6.530e+02 3.160e+02 1.430e+02 9.000e+01 6.600e+01 3.300e+01
 4.400e+01 2.000e+01 2.600e+01 2.300e+01 7.000e+00 1.300e+01 9.000e+00
 4.000e+00 2.000e+00 5.000e+00 6.000e+00 3.000e+00 5.000e+00 1.000e+00
 2.000e+00 1.000e+00 0.000e+00 6.000e+00 1.000e+00 2.000e+00 1.000e+00
 4.000e+00 0.000e+00 3.000e+00 2.000e+00 3.000e+00 1.000e+00 2.000e+00
 2.000e+00 0.000e+00 0.000e+00 0.000e+00 1.000e+00 0.000e+00 2.000e+00
 0.000e+00 0.000e+00 0.000e+00 0.000e+00 2.000e+00 0.000e+00]
792000 loops cons: [2.11e+03 6.57e+02 3.17e+02 1.45e+02 9.00e+01 6.60e+01 3.30e+01 4.50e+01
 2.00e+01 2.60e+01 2.30e+01 7.00e+00 1.30e+01 9.00e+00 4.00e+00 2.00e+00
 5.00e+00 8.00e+00 3.00e+00 5.00e+00 1.00e+00 2.00e+00 1.00e+00 0.00e+00
 6.00e+00 1.00e+00 2.00e+00 1.00e+00 4.00e+00 0.00e+00 3.00e+00 2.00e+00
 3.00e+00 1.00e+00 2.00e+00 2.00e+00 0.00e+00 0.00e+00 0.00e+00 1.00e+00
 0.00e+00 2.00e+00 0.00e+00 0.00e+00 0.00e+00 0.00e+00 2.00e+00 0.00e+00]
796800 loops cons: [2.125e+03 6.610e+02 3.180e+02 1.450e+02 9.000e+01 6.600e+01 3.300e+01
 4.500e+01 2.000e+01 2.600e+01 2.300e+01 7.000e+00 1.400e+01 9.000e+00
 4.000e+00 2.000e+00 5.000e+00 8.000e+00 3.000e+00 6.000e+00 1.000e+00
 2.000e+00 1.000e+00 0.000e+00 6.000e+00 1.000e+00 2.000e+00 1.000e+00
 4.000e+00 0.000e+00 3.000e+00 2.000e+00 3.000e+00 1.000e+00 2.000e+00
 2.000e+00 0.000e+00 0.000e+00 0.000e+00 1.000e+00 0.000e+00 2.000e+00
 0.000e+00 0.000e+00 0.000e+00 0.000e+00 2.000e+00 0.000e+00]
801600 loops cons: [2.138e+03 6.670e+02 3.190e+02 1.460e+02 9.200e+01 6.700e+01 3.300e+01
 4.500e+01 2.000e+01 2.600e+01 2.300e+01 8.000e+00 1.400e+01 9.000e+00
 4.000e+00 2.000e+00 5.000e+00 8.000e+00 3.000e+00 6.000e+00 1.000e+00
 2.000e+00 1.000e+00 0.000e+00 6.000e+00 1.000e+00 2.000e+00 1.000e+00
 4.000e+00 0.000e+00 3.000e+00 2.000e+00 3.000e+00 1.000e+00 2.000e+00
 2.000e+00 0.000e+00 0.000e+00 0.000e+00 1.000e+00 0.000e+00 2.000e+00
 0.000e+00 0.000e+00 0.000e+00 0.000e+00 2.000e+00 0.000e+00]
806400 loops cons: [2.155e+03 6.710e+02 3.220e+02 1.480e+02 9.400e+01 6.800e+01 3.300e+01
 4.500e+01 2.000e+01 2.600e+01 2.300e+01 8.000e+00 1.400e+01 9.000e+00
 4.000e+00 2.000e+00 5.000e+00 8.000e+00 3.000e+00 6.000e+00 1.000e+00
 2.000e+00 1.000e+00 0.000e+00 6.000e+00 1.000e+00 2.000e+00 1.000e+00
 4.000e+00 0.000e+00 3.000e+00 2.000e+00 3.000e+00 1.000e+00 2.000e+00
 2.000e+00 0.000e+00 0.000e+00 0.000e+00 1.000e+00 0.000e+00 2.000e+00
 0.000e+00 0.000e+00 0.000e+00 0.000e+00 2.000e+00 0.000e+00]
811200 loops cons: [2.168e+03 6.730e+02 3.280e+02 1.480e+02 9.400e+01 6.800e+01 3.400e+01
 4.500e+01 2.100e+01 2.600e+01 2.300e+01 8.000e+00 1.500e+01 9.000e+00
 4.000e+00 2.000e+00 5.000e+00 8.000e+00 3.000e+00 6.000e+00 1.000e+00
 2.000e+00 1.000e+00 0.000e+00 6.000e+00 1.000e+00 2.000e+00 1.000e+00
 4.000e+00 0.000e+00 3.000e+00 2.000e+00 3.000e+00 1.000e+00 2.000e+00
 2.000e+00 0.000e+00 0.000e+00 0.000e+00 1.000e+00 0.000e+00 2.000e+00
 0.000e+00 0.000e+00 0.000e+00 0.000e+00 2.000e+00 0.000e+00]
816000 loops cons: [2.18e+03 6.79e+02 3.31e+02 1.49e+02 9.50e+01 6.90e+01 3.40e+01 4.50e+01
 2.20e+01 2.60e+01 2.30e+01 8.00e+00 1.50e+01 9.00e+00 4.00e+00 2.00e+00
 5.00e+00 8.00e+00 3.00e+00 6.00e+00 1.00e+00 2.00e+00 1.00e+00 0.00e+00
 6.00e+00 1.00e+00 2.00e+00 1.00e+00 4.00e+00 0.00e+00 3.00e+00 2.00e+00
 3.00e+00 1.00e+00 2.00e+00 2.00e+00 0.00e+00 0.00e+00 0.00e+00 1.00e+00
 0.00e+00 2.00e+00 0.00e+00 0.00e+00 0.00e+00 0.00e+00 2.00e+00 0.00e+00]
820800 loops cons: [2.199e+03 6.850e+02 3.320e+02 1.510e+02 9.500e+01 6.900e+01 3.400e+01
 4.500e+01 2.300e+01 2.600e+01 2.300e+01 8.000e+00 1.500e+01 9.000e+00
 4.000e+00 2.000e+00 5.000e+00 8.000e+00 3.000e+00 6.000e+00 1.000e+00
 2.000e+00 1.000e+00 0.000e+00 6.000e+00 1.000e+00 2.000e+00 1.000e+00
 4.000e+00 0.000e+00 3.000e+00 2.000e+00 3.000e+00 1.000e+00 2.000e+00
 2.000e+00 0.000e+00 0.000e+00 0.000e+00 1.000e+00 0.000e+00 2.000e+00
 0.000e+00 0.000e+00 0.000e+00 0.000e+00 2.000e+00 0.000e+00]
825600 loops cons: [2.212e+03 6.890e+02 3.350e+02 1.530e+02 9.500e+01 6.900e+01 3.400e+01
 4.600e+01 2.400e+01 2.600e+01 2.300e+01 8.000e+00 1.500e+01 9.000e+00
 5.000e+00 2.000e+00 5.000e+00 8.000e+00 3.000e+00 6.000e+00 1.000e+00
 2.000e+00 1.000e+00 0.000e+00 6.000e+00 1.000e+00 2.000e+00 1.000e+00
 4.000e+00 0.000e+00 3.000e+00 2.000e+00 3.000e+00 1.000e+00 2.000e+00
 2.000e+00 0.000e+00 0.000e+00 0.000e+00 1.000e+00 0.000e+00 2.000e+00
 0.000e+00 0.000e+00 0.000e+00 0.000e+00 2.000e+00 0.000e+00]
830400 loops cons: [2.224e+03 6.930e+02 3.360e+02 1.540e+02 9.700e+01 6.900e+01 3.400e+01
 4.600e+01 2.600e+01 2.600e+01 2.300e+01 8.000e+00 1.500e+01 9.000e+00
 5.000e+00 2.000e+00 5.000e+00 8.000e+00 3.000e+00 6.000e+00 1.000e+00
 2.000e+00 1.000e+00 0.000e+00 6.000e+00 1.000e+00 2.000e+00 1.000e+00
 4.000e+00 0.000e+00 3.000e+00 2.000e+00 3.000e+00 1.000e+00 2.000e+00
 2.000e+00 0.000e+00 0.000e+00 0.000e+00 1.000e+00 0.000e+00 2.000e+00
 0.000e+00 0.000e+00 0.000e+00 0.000e+00 2.000e+00 0.000e+00]
835200 loops cons: [2.228e+03 6.940e+02 3.370e+02 1.550e+02 9.700e+01 6.900e+01 3.400e+01
 4.600e+01 2.600e+01 2.600e+01 2.300e+01 8.000e+00 1.500e+01 9.000e+00
 5.000e+00 2.000e+00 5.000e+00 8.000e+00 3.000e+00 6.000e+00 1.000e+00
 2.000e+00 1.000e+00 0.000e+00 6.000e+00 1.000e+00 2.000e+00 1.000e+00
 4.000e+00 0.000e+00 3.000e+00 2.000e+00 3.000e+00 1.000e+00 2.000e+00
 2.000e+00 0.000e+00 0.000e+00 0.000e+00 1.000e+00 0.000e+00 2.000e+00
 0.000e+00 0.000e+00 0.000e+00 0.000e+00 2.000e+00 0.000e+00]
840000 loops cons: [2.238e+03 6.980e+02 3.390e+02 1.560e+02 9.700e+01 6.900e+01 3.400e+01
 4.700e+01 2.600e+01 2.600e+01 2.300e+01 8.000e+00 1.500e+01 9.000e+00
 5.000e+00 2.000e+00 5.000e+00 8.000e+00 3.000e+00 6.000e+00 1.000e+00
 2.000e+00 1.000e+00 0.000e+00 6.000e+00 1.000e+00 2.000e+00 1.000e+00
 4.000e+00 0.000e+00 3.000e+00 2.000e+00 3.000e+00 1.000e+00 2.000e+00
 2.000e+00 0.000e+00 0.000e+00 0.000e+00 1.000e+00 0.000e+00 2.000e+00
 0.000e+00 0.000e+00 0.000e+00 0.000e+00 2.000e+00 0.000e+00]
844800 loops cons: [2.248e+03 7.000e+02 3.410e+02 1.560e+02 9.700e+01 7.000e+01 3.400e+01
 4.700e+01 2.600e+01 2.600e+01 2.300e+01 8.000e+00 1.500e+01 1.000e+01
 5.000e+00 2.000e+00 5.000e+00 8.000e+00 3.000e+00 6.000e+00 1.000e+00
 2.000e+00 1.000e+00 0.000e+00 6.000e+00 1.000e+00 2.000e+00 1.000e+00
 4.000e+00 0.000e+00 3.000e+00 2.000e+00 3.000e+00 1.000e+00 2.000e+00
 2.000e+00 0.000e+00 0.000e+00 0.000e+00 1.000e+00 0.000e+00 2.000e+00
 0.000e+00 0.000e+00 0.000e+00 0.000e+00 2.000e+00 0.000e+00]
849600 loops cons: [2.264e+03 7.050e+02 3.420e+02 1.570e+02 9.700e+01 7.000e+01 3.400e+01
 4.700e+01 2.600e+01 2.600e+01 2.300e+01 8.000e+00 1.500e+01 1.000e+01
 5.000e+00 2.000e+00 5.000e+00 8.000e+00 3.000e+00 6.000e+00 1.000e+00
 2.000e+00 1.000e+00 0.000e+00 6.000e+00 1.000e+00 2.000e+00 1.000e+00
 4.000e+00 0.000e+00 3.000e+00 2.000e+00 3.000e+00 1.000e+00 2.000e+00
 2.000e+00 0.000e+00 0.000e+00 0.000e+00 1.000e+00 0.000e+00 2.000e+00
 0.000e+00 0.000e+00 0.000e+00 0.000e+00 2.000e+00 0.000e+00]
854400 loops cons: [2.276e+03 7.090e+02 3.420e+02 1.570e+02 9.700e+01 7.000e+01 3.400e+01
 4.700e+01 2.600e+01 2.600e+01 2.300e+01 8.000e+00 1.500e+01 1.000e+01
 5.000e+00 2.000e+00 5.000e+00 8.000e+00 3.000e+00 6.000e+00 1.000e+00
 2.000e+00 1.000e+00 0.000e+00 6.000e+00 1.000e+00 2.000e+00 1.000e+00
 4.000e+00 0.000e+00 3.000e+00 2.000e+00 3.000e+00 1.000e+00 2.000e+00
 2.000e+00 0.000e+00 0.000e+00 0.000e+00 1.000e+00 0.000e+00 2.000e+00
 0.000e+00 0.000e+00 0.000e+00 0.000e+00 2.000e+00 0.000e+00]
859200 loops cons: [2.286e+03 7.160e+02 3.420e+02 1.580e+02 9.700e+01 7.000e+01 3.400e+01
 4.700e+01 2.600e+01 2.600e+01 2.300e+01 8.000e+00 1.500e+01 1.100e+01
 5.000e+00 2.000e+00 5.000e+00 8.000e+00 3.000e+00 6.000e+00 1.000e+00
 2.000e+00 1.000e+00 0.000e+00 6.000e+00 1.000e+00 2.000e+00 1.000e+00
 4.000e+00 0.000e+00 3.000e+00 2.000e+00 3.000e+00 1.000e+00 2.000e+00
 2.000e+00 0.000e+00 0.000e+00 0.000e+00 1.000e+00 0.000e+00 2.000e+00
 0.000e+00 0.000e+00 0.000e+00 0.000e+00 2.000e+00 0.000e+00]
864000 loops cons: [2.302e+03 7.210e+02 3.430e+02 1.580e+02 9.700e+01 7.000e+01 3.400e+01
 4.700e+01 2.600e+01 2.600e+01 2.300e+01 8.000e+00 1.500e+01 1.200e+01
 5.000e+00 2.000e+00 5.000e+00 8.000e+00 3.000e+00 6.000e+00 1.000e+00
 2.000e+00 1.000e+00 0.000e+00 6.000e+00 1.000e+00 2.000e+00 1.000e+00
 4.000e+00 0.000e+00 3.000e+00 2.000e+00 3.000e+00 1.000e+00 2.000e+00
 2.000e+00 0.000e+00 0.000e+00 0.000e+00 1.000e+00 0.000e+00 2.000e+00
 0.000e+00 0.000e+00 0.000e+00 0.000e+00 2.000e+00 0.000e+00]
868800 loops cons: [2.315e+03 7.240e+02 3.460e+02 1.600e+02 9.800e+01 7.000e+01 3.400e+01
 4.700e+01 2.600e+01 2.600e+01 2.300e+01 9.000e+00 1.500e+01 1.200e+01
 5.000e+00 3.000e+00 5.000e+00 8.000e+00 3.000e+00 6.000e+00 1.000e+00
 2.000e+00 1.000e+00 0.000e+00 6.000e+00 1.000e+00 2.000e+00 1.000e+00
 4.000e+00 0.000e+00 3.000e+00 2.000e+00 3.000e+00 1.000e+00 2.000e+00
 2.000e+00 0.000e+00 0.000e+00 0.000e+00 1.000e+00 0.000e+00 2.000e+00
 0.000e+00 0.000e+00 0.000e+00 0.000e+00 2.000e+00 0.000e+00]
873600 loops cons: [2.324e+03 7.250e+02 3.470e+02 1.620e+02 9.900e+01 7.000e+01 3.500e+01
 4.700e+01 2.600e+01 2.800e+01 2.300e+01 9.000e+00 1.500e+01 1.200e+01
 5.000e+00 3.000e+00 5.000e+00 8.000e+00 3.000e+00 6.000e+00 1.000e+00
 2.000e+00 1.000e+00 0.000e+00 6.000e+00 1.000e+00 2.000e+00 1.000e+00
 4.000e+00 0.000e+00 3.000e+00 2.000e+00 3.000e+00 1.000e+00 2.000e+00
 2.000e+00 0.000e+00 0.000e+00 0.000e+00 1.000e+00 0.000e+00 2.000e+00
 0.000e+00 0.000e+00 0.000e+00 0.000e+00 2.000e+00 0.000e+00]
878400 loops cons: [2.337e+03 7.290e+02 3.490e+02 1.630e+02 9.900e+01 7.000e+01 3.500e+01
 4.700e+01 2.600e+01 2.800e+01 2.300e+01 9.000e+00 1.500e+01 1.200e+01
 5.000e+00 3.000e+00 5.000e+00 8.000e+00 3.000e+00 6.000e+00 1.000e+00
 2.000e+00 1.000e+00 0.000e+00 6.000e+00 1.000e+00 2.000e+00 1.000e+00
 4.000e+00 0.000e+00 3.000e+00 2.000e+00 3.000e+00 1.000e+00 2.000e+00
 2.000e+00 0.000e+00 0.000e+00 0.000e+00 1.000e+00 0.000e+00 2.000e+00
 0.000e+00 0.000e+00 0.000e+00 0.000e+00 2.000e+00 0.000e+00]
883200 loops cons: [2.356e+03 7.330e+02 3.500e+02 1.640e+02 1.010e+02 7.000e+01 3.800e+01
 4.700e+01 2.600e+01 2.900e+01 2.300e+01 1.000e+01 1.500e+01 1.200e+01
 5.000e+00 3.000e+00 5.000e+00 8.000e+00 3.000e+00 6.000e+00 1.000e+00
 2.000e+00 1.000e+00 0.000e+00 6.000e+00 1.000e+00 2.000e+00 1.000e+00
 4.000e+00 0.000e+00 3.000e+00 2.000e+00 3.000e+00 1.000e+00 2.000e+00
 2.000e+00 0.000e+00 0.000e+00 0.000e+00 1.000e+00 0.000e+00 2.000e+00
 0.000e+00 0.000e+00 0.000e+00 0.000e+00 2.000e+00 0.000e+00]
888000 loops cons: [2.363e+03 7.360e+02 3.510e+02 1.640e+02 1.020e+02 7.000e+01 4.000e+01
 4.700e+01 2.600e+01 3.100e+01 2.400e+01 1.000e+01 1.500e+01 1.200e+01
 5.000e+00 3.000e+00 6.000e+00 8.000e+00 3.000e+00 6.000e+00 1.000e+00
 2.000e+00 1.000e+00 0.000e+00 6.000e+00 1.000e+00 2.000e+00 1.000e+00
 4.000e+00 0.000e+00 3.000e+00 2.000e+00 3.000e+00 1.000e+00 2.000e+00
 2.000e+00 0.000e+00 0.000e+00 0.000e+00 1.000e+00 0.000e+00 2.000e+00
 0.000e+00 0.000e+00 0.000e+00 0.000e+00 2.000e+00 0.000e+00]
892800 loops cons: [2.378e+03 7.410e+02 3.540e+02 1.650e+02 1.020e+02 7.100e+01 4.000e+01
 4.700e+01 2.600e+01 3.100e+01 2.400e+01 1.000e+01 1.500e+01 1.200e+01
 5.000e+00 3.000e+00 6.000e+00 8.000e+00 3.000e+00 6.000e+00 1.000e+00
 2.000e+00 1.000e+00 0.000e+00 6.000e+00 1.000e+00 2.000e+00 1.000e+00
 4.000e+00 0.000e+00 3.000e+00 2.000e+00 3.000e+00 1.000e+00 2.000e+00
 2.000e+00 0.000e+00 0.000e+00 0.000e+00 1.000e+00 0.000e+00 2.000e+00
 0.000e+00 0.000e+00 0.000e+00 0.000e+00 2.000e+00 0.000e+00]
897600 loops cons: [2.396e+03 7.490e+02 3.550e+02 1.650e+02 1.030e+02 7.100e+01 4.000e+01
 4.700e+01 2.600e+01 3.100e+01 2.400e+01 1.000e+01 1.500e+01 1.200e+01
 5.000e+00 3.000e+00 6.000e+00 8.000e+00 3.000e+00 6.000e+00 1.000e+00
 2.000e+00 1.000e+00 0.000e+00 6.000e+00 1.000e+00 2.000e+00 1.000e+00
 4.000e+00 0.000e+00 3.000e+00 2.000e+00 3.000e+00 1.000e+00 2.000e+00
 2.000e+00 0.000e+00 1.000e+00 0.000e+00 1.000e+00 0.000e+00 2.000e+00
 0.000e+00 0.000e+00 0.000e+00 0.000e+00 2.000e+00 0.000e+00]
902400 loops cons: [2.411e+03 7.570e+02 3.580e+02 1.670e+02 1.030e+02 7.100e+01 4.200e+01
 4.700e+01 2.600e+01 3.100e+01 2.400e+01 1.000e+01 1.500e+01 1.200e+01
 5.000e+00 3.000e+00 7.000e+00 9.000e+00 3.000e+00 6.000e+00 1.000e+00
 2.000e+00 1.000e+00 0.000e+00 6.000e+00 1.000e+00 2.000e+00 1.000e+00
 4.000e+00 0.000e+00 3.000e+00 2.000e+00 3.000e+00 1.000e+00 2.000e+00
 2.000e+00 0.000e+00 1.000e+00 0.000e+00 1.000e+00 0.000e+00 2.000e+00
 0.000e+00 0.000e+00 0.000e+00 0.000e+00 2.000e+00 0.000e+00]
907200 loops cons: [2.422e+03 7.610e+02 3.620e+02 1.690e+02 1.040e+02 7.100e+01 4.200e+01
 4.700e+01 2.600e+01 3.100e+01 2.400e+01 1.000e+01 1.500e+01 1.200e+01
 5.000e+00 3.000e+00 7.000e+00 9.000e+00 3.000e+00 6.000e+00 1.000e+00
 2.000e+00 1.000e+00 0.000e+00 6.000e+00 1.000e+00 2.000e+00 1.000e+00
 4.000e+00 0.000e+00 3.000e+00 2.000e+00 3.000e+00 1.000e+00 2.000e+00
 2.000e+00 0.000e+00 1.000e+00 0.000e+00 1.000e+00 0.000e+00 2.000e+00
 0.000e+00 0.000e+00 0.000e+00 0.000e+00 2.000e+00 0.000e+00]
912000 loops cons: [2.431e+03 7.670e+02 3.650e+02 1.690e+02 1.040e+02 7.100e+01 4.200e+01
 4.700e+01 2.600e+01 3.100e+01 2.400e+01 1.000e+01 1.500e+01 1.200e+01
 5.000e+00 3.000e+00 7.000e+00 9.000e+00 3.000e+00 6.000e+00 1.000e+00
 2.000e+00 1.000e+00 0.000e+00 6.000e+00 1.000e+00 2.000e+00 1.000e+00
 4.000e+00 0.000e+00 3.000e+00 2.000e+00 3.000e+00 1.000e+00 2.000e+00
 2.000e+00 0.000e+00 1.000e+00 0.000e+00 1.000e+00 0.000e+00 2.000e+00
 0.000e+00 0.000e+00 0.000e+00 0.000e+00 2.000e+00 0.000e+00]
916800 loops cons: [2.451e+03 7.720e+02 3.660e+02 1.710e+02 1.050e+02 7.100e+01 4.200e+01
 4.700e+01 2.600e+01 3.100e+01 2.400e+01 1.000e+01 1.500e+01 1.200e+01
 5.000e+00 3.000e+00 7.000e+00 9.000e+00 3.000e+00 6.000e+00 1.000e+00
 2.000e+00 1.000e+00 0.000e+00 6.000e+00 1.000e+00 2.000e+00 1.000e+00
 4.000e+00 0.000e+00 3.000e+00 2.000e+00 3.000e+00 1.000e+00 2.000e+00
 2.000e+00 0.000e+00 1.000e+00 0.000e+00 1.000e+00 0.000e+00 2.000e+00
 0.000e+00 0.000e+00 0.000e+00 0.000e+00 2.000e+00 0.000e+00]
921600 loops cons: [2.468e+03 7.740e+02 3.660e+02 1.710e+02 1.060e+02 7.100e+01 4.200e+01
 4.700e+01 2.600e+01 3.100e+01 2.400e+01 1.000e+01 1.500e+01 1.200e+01
 5.000e+00 3.000e+00 7.000e+00 9.000e+00 3.000e+00 6.000e+00 1.000e+00
 2.000e+00 1.000e+00 0.000e+00 6.000e+00 1.000e+00 2.000e+00 1.000e+00
 4.000e+00 0.000e+00 3.000e+00 2.000e+00 3.000e+00 1.000e+00 2.000e+00
 2.000e+00 0.000e+00 1.000e+00 0.000e+00 1.000e+00 0.000e+00 2.000e+00
 0.000e+00 0.000e+00 0.000e+00 0.000e+00 2.000e+00 0.000e+00]
926400 loops cons: [2.477e+03 7.790e+02 3.660e+02 1.710e+02 1.070e+02 7.200e+01 4.300e+01
 4.700e+01 2.600e+01 3.100e+01 2.500e+01 1.000e+01 1.500e+01 1.300e+01
 5.000e+00 3.000e+00 7.000e+00 9.000e+00 3.000e+00 6.000e+00 1.000e+00
 2.000e+00 1.000e+00 0.000e+00 6.000e+00 1.000e+00 2.000e+00 1.000e+00
 4.000e+00 0.000e+00 3.000e+00 2.000e+00 3.000e+00 1.000e+00 2.000e+00
 2.000e+00 0.000e+00 1.000e+00 0.000e+00 1.000e+00 0.000e+00 2.000e+00
 0.000e+00 0.000e+00 0.000e+00 0.000e+00 2.000e+00 0.000e+00]
931200 loops cons: [2.486e+03 7.870e+02 3.670e+02 1.720e+02 1.080e+02 7.200e+01 4.500e+01
 4.700e+01 2.600e+01 3.100e+01 2.500e+01 1.000e+01 1.500e+01 1.300e+01
 5.000e+00 3.000e+00 7.000e+00 9.000e+00 3.000e+00 6.000e+00 1.000e+00
 2.000e+00 1.000e+00 0.000e+00 6.000e+00 1.000e+00 2.000e+00 1.000e+00
 4.000e+00 0.000e+00 3.000e+00 2.000e+00 4.000e+00 1.000e+00 2.000e+00
 2.000e+00 0.000e+00 1.000e+00 0.000e+00 1.000e+00 0.000e+00 2.000e+00
 0.000e+00 0.000e+00 0.000e+00 0.000e+00 2.000e+00 0.000e+00]
936000 loops cons: [2.496e+03 7.870e+02 3.690e+02 1.730e+02 1.090e+02 7.300e+01 4.700e+01
 4.700e+01 2.600e+01 3.100e+01 2.500e+01 1.000e+01 1.500e+01 1.300e+01
 5.000e+00 3.000e+00 7.000e+00 9.000e+00 3.000e+00 6.000e+00 1.000e+00
 2.000e+00 1.000e+00 0.000e+00 6.000e+00 1.000e+00 3.000e+00 1.000e+00
 4.000e+00 0.000e+00 3.000e+00 2.000e+00 4.000e+00 1.000e+00 2.000e+00
 2.000e+00 0.000e+00 1.000e+00 0.000e+00 1.000e+00 0.000e+00 2.000e+00
 0.000e+00 0.000e+00 0.000e+00 0.000e+00 2.000e+00 0.000e+00]
940800 loops cons: [2.519e+03 7.880e+02 3.710e+02 1.730e+02 1.090e+02 7.300e+01 4.700e+01
 4.800e+01 2.600e+01 3.200e+01 2.500e+01 1.000e+01 1.500e+01 1.300e+01
 5.000e+00 3.000e+00 7.000e+00 9.000e+00 3.000e+00 6.000e+00 1.000e+00
 2.000e+00 1.000e+00 0.000e+00 6.000e+00 1.000e+00 3.000e+00 1.000e+00
 4.000e+00 0.000e+00 3.000e+00 2.000e+00 4.000e+00 1.000e+00 2.000e+00
 2.000e+00 0.000e+00 1.000e+00 0.000e+00 1.000e+00 0.000e+00 2.000e+00
 0.000e+00 0.000e+00 0.000e+00 0.000e+00 2.000e+00 0.000e+00]
945600 loops cons: [2.53e+03 7.91e+02 3.73e+02 1.75e+02 1.09e+02 7.30e+01 4.70e+01 4.80e+01
 2.60e+01 3.20e+01 2.50e+01 1.00e+01 1.50e+01 1.30e+01 5.00e+00 3.00e+00
 7.00e+00 9.00e+00 3.00e+00 6.00e+00 1.00e+00 2.00e+00 1.00e+00 0.00e+00
 6.00e+00 1.00e+00 3.00e+00 1.00e+00 4.00e+00 0.00e+00 3.00e+00 2.00e+00
 4.00e+00 1.00e+00 2.00e+00 2.00e+00 0.00e+00 1.00e+00 0.00e+00 1.00e+00
 0.00e+00 2.00e+00 0.00e+00 0.00e+00 0.00e+00 0.00e+00 2.00e+00 0.00e+00]
950400 loops cons: [2.54e+03 7.96e+02 3.75e+02 1.76e+02 1.10e+02 7.40e+01 4.70e+01 4.80e+01
 2.60e+01 3.20e+01 2.50e+01 1.00e+01 1.50e+01 1.30e+01 5.00e+00 3.00e+00
 7.00e+00 9.00e+00 3.00e+00 6.00e+00 1.00e+00 2.00e+00 1.00e+00 0.00e+00
 6.00e+00 1.00e+00 3.00e+00 1.00e+00 4.00e+00 0.00e+00 4.00e+00 2.00e+00
 4.00e+00 1.00e+00 2.00e+00 2.00e+00 0.00e+00 1.00e+00 0.00e+00 1.00e+00
 0.00e+00 2.00e+00 0.00e+00 0.00e+00 0.00e+00 0.00e+00 2.00e+00 0.00e+00]
955200 loops cons: [2.55e+03 8.01e+02 3.76e+02 1.78e+02 1.11e+02 7.50e+01 4.70e+01 4.80e+01
 2.70e+01 3.20e+01 2.50e+01 1.00e+01 1.50e+01 1.30e+01 5.00e+00 3.00e+00
 7.00e+00 9.00e+00 3.00e+00 6.00e+00 1.00e+00 2.00e+00 1.00e+00 0.00e+00
 6.00e+00 1.00e+00 3.00e+00 1.00e+00 4.00e+00 0.00e+00 4.00e+00 2.00e+00
 4.00e+00 1.00e+00 2.00e+00 2.00e+00 0.00e+00 1.00e+00 0.00e+00 1.00e+00
 0.00e+00 2.00e+00 0.00e+00 0.00e+00 0.00e+00 0.00e+00 2.00e+00 0.00e+00]
960000 loops cons: [2.563e+03 8.030e+02 3.760e+02 1.790e+02 1.110e+02 7.600e+01 4.700e+01
 4.900e+01 2.700e+01 3.200e+01 2.500e+01 1.000e+01 1.500e+01 1.300e+01
 5.000e+00 3.000e+00 7.000e+00 9.000e+00 3.000e+00 6.000e+00 1.000e+00
 2.000e+00 1.000e+00 0.000e+00 6.000e+00 1.000e+00 3.000e+00 1.000e+00
 4.000e+00 0.000e+00 4.000e+00 2.000e+00 4.000e+00 1.000e+00 2.000e+00
 2.000e+00 0.000e+00 1.000e+00 0.000e+00 1.000e+00 0.000e+00 2.000e+00
 0.000e+00 0.000e+00 0.000e+00 0.000e+00 2.000e+00 0.000e+00]
964800 loops cons: [2.579e+03 8.080e+02 3.780e+02 1.790e+02 1.110e+02 7.600e+01 4.700e+01
 4.900e+01 2.700e+01 3.200e+01 2.500e+01 1.100e+01 1.500e+01 1.300e+01
 5.000e+00 3.000e+00 7.000e+00 9.000e+00 3.000e+00 6.000e+00 1.000e+00
 2.000e+00 1.000e+00 0.000e+00 6.000e+00 1.000e+00 3.000e+00 1.000e+00
 4.000e+00 0.000e+00 4.000e+00 2.000e+00 4.000e+00 1.000e+00 2.000e+00
 2.000e+00 0.000e+00 1.000e+00 0.000e+00 1.000e+00 0.000e+00 2.000e+00
 0.000e+00 0.000e+00 0.000e+00 0.000e+00 2.000e+00 0.000e+00]
969600 loops cons: [2.586e+03 8.120e+02 3.790e+02 1.830e+02 1.120e+02 7.600e+01 4.700e+01
 4.900e+01 2.700e+01 3.200e+01 2.500e+01 1.100e+01 1.500e+01 1.300e+01
 5.000e+00 3.000e+00 7.000e+00 9.000e+00 3.000e+00 6.000e+00 1.000e+00
 2.000e+00 1.000e+00 0.000e+00 6.000e+00 1.000e+00 3.000e+00 1.000e+00
 4.000e+00 1.000e+00 4.000e+00 2.000e+00 4.000e+00 1.000e+00 3.000e+00
 2.000e+00 0.000e+00 1.000e+00 0.000e+00 1.000e+00 0.000e+00 2.000e+00
 0.000e+00 0.000e+00 0.000e+00 0.000e+00 2.000e+00 0.000e+00]
974400 loops cons: [2.598e+03 8.160e+02 3.810e+02 1.840e+02 1.130e+02 7.600e+01 4.700e+01
 4.900e+01 2.700e+01 3.200e+01 2.500e+01 1.100e+01 1.500e+01 1.300e+01
 5.000e+00 3.000e+00 7.000e+00 9.000e+00 3.000e+00 6.000e+00 1.000e+00
 2.000e+00 1.000e+00 0.000e+00 6.000e+00 1.000e+00 3.000e+00 1.000e+00
 4.000e+00 1.000e+00 4.000e+00 2.000e+00 4.000e+00 1.000e+00 3.000e+00
 2.000e+00 0.000e+00 1.000e+00 0.000e+00 1.000e+00 0.000e+00 2.000e+00
 0.000e+00 0.000e+00 0.000e+00 0.000e+00 2.000e+00 0.000e+00]
979200 loops cons: [2.612e+03 8.180e+02 3.820e+02 1.850e+02 1.140e+02 7.600e+01 4.700e+01
 4.900e+01 2.700e+01 3.200e+01 2.500e+01 1.100e+01 1.600e+01 1.300e+01
 5.000e+00 3.000e+00 7.000e+00 9.000e+00 3.000e+00 6.000e+00 1.000e+00
 2.000e+00 1.000e+00 0.000e+00 6.000e+00 1.000e+00 3.000e+00 1.000e+00
 4.000e+00 1.000e+00 4.000e+00 2.000e+00 4.000e+00 1.000e+00 3.000e+00
 2.000e+00 0.000e+00 1.000e+00 0.000e+00 1.000e+00 0.000e+00 2.000e+00
 0.000e+00 0.000e+00 0.000e+00 0.000e+00 2.000e+00 0.000e+00]
984000 loops cons: [2.626e+03 8.230e+02 3.840e+02 1.890e+02 1.160e+02 7.600e+01 4.700e+01
 5.000e+01 2.700e+01 3.200e+01 2.500e+01 1.100e+01 1.600e+01 1.300e+01
 5.000e+00 3.000e+00 7.000e+00 9.000e+00 3.000e+00 6.000e+00 1.000e+00
 2.000e+00 1.000e+00 0.000e+00 6.000e+00 1.000e+00 3.000e+00 1.000e+00
 4.000e+00 1.000e+00 4.000e+00 2.000e+00 4.000e+00 1.000e+00 3.000e+00
 2.000e+00 0.000e+00 1.000e+00 0.000e+00 1.000e+00 0.000e+00 2.000e+00
 0.000e+00 0.000e+00 0.000e+00 0.000e+00 2.000e+00 0.000e+00]
988800 loops cons: [2.639e+03 8.290e+02 3.850e+02 1.910e+02 1.170e+02 7.700e+01 4.700e+01
 5.000e+01 2.700e+01 3.200e+01 2.500e+01 1.100e+01 1.600e+01 1.300e+01
 6.000e+00 3.000e+00 7.000e+00 9.000e+00 3.000e+00 6.000e+00 1.000e+00
 2.000e+00 1.000e+00 0.000e+00 6.000e+00 1.000e+00 3.000e+00 1.000e+00
 4.000e+00 1.000e+00 4.000e+00 2.000e+00 4.000e+00 1.000e+00 3.000e+00
 2.000e+00 0.000e+00 1.000e+00 0.000e+00 1.000e+00 0.000e+00 2.000e+00
 0.000e+00 0.000e+00 0.000e+00 0.000e+00 2.000e+00 0.000e+00]
993600 loops cons: [2.65e+03 8.33e+02 3.87e+02 1.91e+02 1.18e+02 7.70e+01 4.80e+01 5.00e+01
 2.70e+01 3.20e+01 2.50e+01 1.10e+01 1.60e+01 1.30e+01 6.00e+00 3.00e+00
 7.00e+00 9.00e+00 3.00e+00 6.00e+00 1.00e+00 2.00e+00 1.00e+00 0.00e+00
 6.00e+00 1.00e+00 3.00e+00 1.00e+00 4.00e+00 1.00e+00 4.00e+00 2.00e+00
 4.00e+00 1.00e+00 3.00e+00 2.00e+00 0.00e+00 1.00e+00 0.00e+00 1.00e+00
 0.00e+00 2.00e+00 0.00e+00 0.00e+00 0.00e+00 0.00e+00 2.00e+00 0.00e+00]
998400 loops cons: [2.666e+03 8.350e+02 3.880e+02 1.930e+02 1.190e+02 7.800e+01 4.800e+01
 5.100e+01 2.800e+01 3.200e+01 2.500e+01 1.100e+01 1.600e+01 1.300e+01
 6.000e+00 3.000e+00 7.000e+00 9.000e+00 3.000e+00 6.000e+00 1.000e+00
 2.000e+00 1.000e+00 0.000e+00 6.000e+00 1.000e+00 3.000e+00 1.000e+00
 4.000e+00 1.000e+00 4.000e+00 2.000e+00 4.000e+00 1.000e+00 3.000e+00
 2.000e+00 0.000e+00 1.000e+00 0.000e+00 1.000e+00 0.000e+00 2.000e+00
 0.000e+00 0.000e+00 0.000e+00 0.000e+00 2.000e+00 0.000e+00]
1003200 loops cons: [2.678e+03 8.360e+02 3.900e+02 1.930e+02 1.190e+02 7.800e+01 4.800e+01
 5.100e+01 2.800e+01 3.300e+01 2.500e+01 1.100e+01 1.600e+01 1.300e+01
 6.000e+00 3.000e+00 7.000e+00 9.000e+00 3.000e+00 6.000e+00 1.000e+00
 2.000e+00 1.000e+00 0.000e+00 6.000e+00 1.000e+00 3.000e+00 1.000e+00
 4.000e+00 1.000e+00 4.000e+00 2.000e+00 4.000e+00 1.000e+00 3.000e+00
 2.000e+00 0.000e+00 1.000e+00 0.000e+00 1.000e+00 0.000e+00 2.000e+00
 0.000e+00 0.000e+00 0.000e+00 0.000e+00 2.000e+00 0.000e+00]
1008000 loops cons: [2.688e+03 8.400e+02 3.910e+02 1.930e+02 1.210e+02 7.900e+01 4.800e+01
 5.100e+01 2.800e+01 3.400e+01 2.500e+01 1.100e+01 1.600e+01 1.300e+01
 6.000e+00 3.000e+00 7.000e+00 9.000e+00 3.000e+00 6.000e+00 1.000e+00
 2.000e+00 1.000e+00 0.000e+00 6.000e+00 1.000e+00 3.000e+00 1.000e+00
 4.000e+00 1.000e+00 4.000e+00 2.000e+00 4.000e+00 1.000e+00 3.000e+00
 2.000e+00 0.000e+00 1.000e+00 0.000e+00 1.000e+00 0.000e+00 2.000e+00
 0.000e+00 0.000e+00 0.000e+00 0.000e+00 2.000e+00 0.000e+00]
1012800 loops cons: [2.706e+03 8.410e+02 3.920e+02 1.960e+02 1.210e+02 8.100e+01 5.000e+01
 5.100e+01 2.800e+01 3.400e+01 2.500e+01 1.100e+01 1.600e+01 1.300e+01
 6.000e+00 3.000e+00 7.000e+00 9.000e+00 3.000e+00 6.000e+00 1.000e+00
 2.000e+00 1.000e+00 0.000e+00 6.000e+00 1.000e+00 3.000e+00 1.000e+00
 4.000e+00 1.000e+00 4.000e+00 2.000e+00 4.000e+00 1.000e+00 3.000e+00
 2.000e+00 0.000e+00 1.000e+00 0.000e+00 1.000e+00 0.000e+00 2.000e+00
 0.000e+00 0.000e+00 0.000e+00 0.000e+00 2.000e+00 0.000e+00]
1017600 loops cons: [2.716e+03 8.460e+02 3.950e+02 1.970e+02 1.210e+02 8.100e+01 5.000e+01
 5.100e+01 2.800e+01 3.400e+01 2.500e+01 1.100e+01 1.600e+01 1.300e+01
 6.000e+00 3.000e+00 7.000e+00 9.000e+00 3.000e+00 6.000e+00 1.000e+00
 2.000e+00 1.000e+00 0.000e+00 6.000e+00 1.000e+00 3.000e+00 1.000e+00
 4.000e+00 1.000e+00 4.000e+00 2.000e+00 4.000e+00 1.000e+00 3.000e+00
 2.000e+00 0.000e+00 1.000e+00 0.000e+00 1.000e+00 0.000e+00 2.000e+00
 0.000e+00 0.000e+00 0.000e+00 0.000e+00 2.000e+00 0.000e+00]
1022400 loops cons: [2.726e+03 8.500e+02 3.950e+02 2.000e+02 1.210e+02 8.100e+01 5.000e+01
 5.100e+01 2.900e+01 3.400e+01 2.500e+01 1.100e+01 1.600e+01 1.300e+01
 6.000e+00 3.000e+00 7.000e+00 9.000e+00 3.000e+00 6.000e+00 1.000e+00
 2.000e+00 1.000e+00 0.000e+00 6.000e+00 1.000e+00 3.000e+00 1.000e+00
 4.000e+00 1.000e+00 4.000e+00 2.000e+00 4.000e+00 1.000e+00 3.000e+00
 2.000e+00 0.000e+00 1.000e+00 0.000e+00 1.000e+00 0.000e+00 2.000e+00
 0.000e+00 0.000e+00 0.000e+00 0.000e+00 2.000e+00 0.000e+00]
1027200 loops cons: [2.743e+03 8.560e+02 3.960e+02 2.000e+02 1.210e+02 8.200e+01 5.100e+01
 5.100e+01 2.900e+01 3.400e+01 2.500e+01 1.100e+01 1.600e+01 1.300e+01
 6.000e+00 3.000e+00 7.000e+00 9.000e+00 3.000e+00 6.000e+00 1.000e+00
 2.000e+00 1.000e+00 0.000e+00 6.000e+00 1.000e+00 3.000e+00 1.000e+00
 4.000e+00 1.000e+00 4.000e+00 2.000e+00 4.000e+00 1.000e+00 3.000e+00
 2.000e+00 0.000e+00 1.000e+00 0.000e+00 1.000e+00 0.000e+00 2.000e+00
 0.000e+00 0.000e+00 0.000e+00 0.000e+00 2.000e+00 0.000e+00]
1032000 loops cons: [2.76e+03 8.65e+02 3.98e+02 2.01e+02 1.22e+02 8.20e+01 5.20e+01 5.10e+01
 2.90e+01 3.40e+01 2.50e+01 1.10e+01 1.60e+01 1.30e+01 6.00e+00 3.00e+00
 7.00e+00 9.00e+00 3.00e+00 6.00e+00 1.00e+00 2.00e+00 1.00e+00 0.00e+00
 6.00e+00 1.00e+00 3.00e+00 1.00e+00 4.00e+00 1.00e+00 4.00e+00 2.00e+00
 4.00e+00 1.00e+00 3.00e+00 2.00e+00 0.00e+00 1.00e+00 0.00e+00 1.00e+00
 0.00e+00 2.00e+00 0.00e+00 0.00e+00 1.00e+00 0.00e+00 2.00e+00 0.00e+00]
1036800 loops cons: [2.772e+03 8.730e+02 4.010e+02 2.020e+02 1.220e+02 8.300e+01 5.200e+01
 5.100e+01 2.900e+01 3.400e+01 2.500e+01 1.100e+01 1.700e+01 1.300e+01
 6.000e+00 3.000e+00 7.000e+00 9.000e+00 3.000e+00 6.000e+00 1.000e+00
 2.000e+00 1.000e+00 0.000e+00 6.000e+00 1.000e+00 3.000e+00 1.000e+00
 4.000e+00 1.000e+00 4.000e+00 2.000e+00 4.000e+00 1.000e+00 3.000e+00
 2.000e+00 0.000e+00 1.000e+00 0.000e+00 1.000e+00 0.000e+00 2.000e+00
 0.000e+00 0.000e+00 1.000e+00 0.000e+00 2.000e+00 0.000e+00]
1041600 loops cons: [2.784e+03 8.760e+02 4.020e+02 2.030e+02 1.230e+02 8.300e+01 5.200e+01
 5.100e+01 3.000e+01 3.400e+01 2.500e+01 1.100e+01 1.700e+01 1.300e+01
 6.000e+00 3.000e+00 7.000e+00 9.000e+00 3.000e+00 6.000e+00 1.000e+00
 2.000e+00 1.000e+00 0.000e+00 6.000e+00 1.000e+00 3.000e+00 1.000e+00
 4.000e+00 1.000e+00 4.000e+00 2.000e+00 4.000e+00 1.000e+00 3.000e+00
 2.000e+00 0.000e+00 1.000e+00 0.000e+00 1.000e+00 0.000e+00 2.000e+00
 0.000e+00 0.000e+00 1.000e+00 0.000e+00 2.000e+00 0.000e+00]
1046400 loops cons: [2.796e+03 8.830e+02 4.040e+02 2.060e+02 1.240e+02 8.300e+01 5.200e+01
 5.100e+01 3.000e+01 3.400e+01 2.600e+01 1.200e+01 1.700e+01 1.300e+01
 6.000e+00 3.000e+00 7.000e+00 9.000e+00 3.000e+00 6.000e+00 1.000e+00
 2.000e+00 1.000e+00 0.000e+00 6.000e+00 1.000e+00 3.000e+00 1.000e+00
 4.000e+00 1.000e+00 4.000e+00 2.000e+00 4.000e+00 1.000e+00 3.000e+00
 2.000e+00 0.000e+00 1.000e+00 0.000e+00 1.000e+00 0.000e+00 2.000e+00
 0.000e+00 0.000e+00 1.000e+00 0.000e+00 2.000e+00 0.000e+00]
1051200 loops cons: [2.808e+03 8.880e+02 4.050e+02 2.060e+02 1.240e+02 8.400e+01 5.200e+01
 5.100e+01 3.000e+01 3.500e+01 2.600e+01 1.200e+01 1.700e+01 1.300e+01
 6.000e+00 3.000e+00 7.000e+00 9.000e+00 3.000e+00 6.000e+00 1.000e+00
 2.000e+00 1.000e+00 0.000e+00 6.000e+00 1.000e+00 3.000e+00 1.000e+00
 4.000e+00 1.000e+00 4.000e+00 2.000e+00 4.000e+00 1.000e+00 3.000e+00
 2.000e+00 0.000e+00 1.000e+00 0.000e+00 1.000e+00 0.000e+00 2.000e+00
 0.000e+00 0.000e+00 1.000e+00 0.000e+00 2.000e+00 0.000e+00]
1056000 loops cons: [2.827e+03 8.920e+02 4.080e+02 2.060e+02 1.250e+02 8.400e+01 5.300e+01
 5.100e+01 3.000e+01 3.500e+01 2.600e+01 1.300e+01 1.700e+01 1.300e+01
 6.000e+00 3.000e+00 7.000e+00 9.000e+00 3.000e+00 6.000e+00 1.000e+00
 2.000e+00 1.000e+00 0.000e+00 6.000e+00 1.000e+00 3.000e+00 1.000e+00
 4.000e+00 1.000e+00 4.000e+00 2.000e+00 4.000e+00 1.000e+00 3.000e+00
 2.000e+00 0.000e+00 1.000e+00 0.000e+00 1.000e+00 0.000e+00 2.000e+00
 0.000e+00 0.000e+00 1.000e+00 0.000e+00 2.000e+00 0.000e+00]
1060800 loops cons: [2.844e+03 8.980e+02 4.110e+02 2.060e+02 1.250e+02 8.400e+01 5.300e+01
 5.100e+01 3.000e+01 3.500e+01 2.700e+01 1.300e+01 1.700e+01 1.300e+01
 6.000e+00 3.000e+00 7.000e+00 9.000e+00 3.000e+00 6.000e+00 1.000e+00
 2.000e+00 1.000e+00 0.000e+00 6.000e+00 1.000e+00 3.000e+00 1.000e+00
 4.000e+00 1.000e+00 4.000e+00 2.000e+00 4.000e+00 1.000e+00 3.000e+00
 2.000e+00 0.000e+00 1.000e+00 0.000e+00 1.000e+00 0.000e+00 2.000e+00
 0.000e+00 0.000e+00 1.000e+00 0.000e+00 2.000e+00 0.000e+00]
1065600 loops cons: [2.857e+03 9.030e+02 4.110e+02 2.080e+02 1.280e+02 8.600e+01 5.300e+01
 5.100e+01 3.000e+01 3.500e+01 2.700e+01 1.300e+01 1.700e+01 1.300e+01
 6.000e+00 3.000e+00 7.000e+00 9.000e+00 3.000e+00 6.000e+00 1.000e+00
 2.000e+00 1.000e+00 0.000e+00 6.000e+00 1.000e+00 3.000e+00 1.000e+00
 4.000e+00 1.000e+00 4.000e+00 2.000e+00 5.000e+00 1.000e+00 3.000e+00
 2.000e+00 0.000e+00 1.000e+00 0.000e+00 1.000e+00 0.000e+00 2.000e+00
 0.000e+00 0.000e+00 1.000e+00 0.000e+00 2.000e+00 0.000e+00]
1070400 loops cons: [2.866e+03 9.050e+02 4.120e+02 2.080e+02 1.280e+02 8.800e+01 5.400e+01
 5.100e+01 3.000e+01 3.500e+01 2.700e+01 1.400e+01 1.700e+01 1.300e+01
 6.000e+00 3.000e+00 7.000e+00 9.000e+00 3.000e+00 6.000e+00 1.000e+00
 2.000e+00 1.000e+00 0.000e+00 6.000e+00 1.000e+00 3.000e+00 1.000e+00
 4.000e+00 1.000e+00 4.000e+00 2.000e+00 5.000e+00 1.000e+00 3.000e+00
 2.000e+00 0.000e+00 1.000e+00 0.000e+00 1.000e+00 0.000e+00 2.000e+00
 0.000e+00 0.000e+00 1.000e+00 0.000e+00 2.000e+00 0.000e+00]
1075200 loops cons: [2.883e+03 9.070e+02 4.120e+02 2.080e+02 1.290e+02 8.800e+01 5.400e+01
 5.100e+01 3.000e+01 3.500e+01 2.700e+01 1.400e+01 1.700e+01 1.300e+01
 6.000e+00 3.000e+00 7.000e+00 9.000e+00 3.000e+00 6.000e+00 1.000e+00
 2.000e+00 1.000e+00 0.000e+00 6.000e+00 1.000e+00 3.000e+00 1.000e+00
 4.000e+00 1.000e+00 4.000e+00 2.000e+00 5.000e+00 1.000e+00 3.000e+00
 2.000e+00 0.000e+00 1.000e+00 0.000e+00 1.000e+00 0.000e+00 2.000e+00
 0.000e+00 0.000e+00 1.000e+00 0.000e+00 2.000e+00 0.000e+00]
1080000 loops cons: [2.899e+03 9.130e+02 4.140e+02 2.090e+02 1.290e+02 8.800e+01 5.500e+01
 5.100e+01 3.000e+01 3.500e+01 2.700e+01 1.400e+01 1.700e+01 1.300e+01
 6.000e+00 3.000e+00 7.000e+00 9.000e+00 3.000e+00 6.000e+00 1.000e+00
 2.000e+00 1.000e+00 0.000e+00 6.000e+00 1.000e+00 3.000e+00 1.000e+00
 4.000e+00 1.000e+00 4.000e+00 2.000e+00 5.000e+00 1.000e+00 3.000e+00
 2.000e+00 0.000e+00 1.000e+00 0.000e+00 1.000e+00 0.000e+00 2.000e+00
 0.000e+00 0.000e+00 1.000e+00 0.000e+00 2.000e+00 0.000e+00]
1084800 loops cons: [2.914e+03 9.180e+02 4.150e+02 2.090e+02 1.290e+02 8.800e+01 5.500e+01
 5.200e+01 3.000e+01 3.500e+01 2.700e+01 1.400e+01 1.700e+01 1.300e+01
 6.000e+00 3.000e+00 7.000e+00 9.000e+00 3.000e+00 6.000e+00 1.000e+00
 2.000e+00 1.000e+00 0.000e+00 6.000e+00 1.000e+00 3.000e+00 1.000e+00
 4.000e+00 1.000e+00 4.000e+00 2.000e+00 5.000e+00 1.000e+00 3.000e+00
 2.000e+00 0.000e+00 1.000e+00 0.000e+00 1.000e+00 0.000e+00 2.000e+00
 0.000e+00 0.000e+00 1.000e+00 0.000e+00 2.000e+00 0.000e+00]
