Starting new run concatemerization
concentration: 2
0 loops cons: [0. 0. 0. 0. 0. 0. 0. 0. 0. 0. 0. 0. 0. 0. 0. 0. 0. 0. 0. 0. 0. 0. 0. 0.
 0. 0. 0. 0. 0. 0. 0. 0. 0. 0. 0. 0. 0. 0. 0. 0. 0. 0. 0. 0. 0. 0. 0. 0.]
4800 loops cons: [16.  4.  0.  0.  1.  0.  0.  0.  0.  1.  0.  0.  0.  0.  0.  0.  0.  0.
  0.  0.  0.  0.  0.  0.  0.  0.  0.  0.  0.  0.  0.  0.  0.  0.  0.  0.
  0.  0.  0.  0.  0.  0.  0.  0.  0.  0.  0.  0.]
9600 loops cons: [25.  6.  1.  2.  1.  1.  0.  0.  0.  1.  0.  0.  0.  0.  0.  0.  0.  0.
  0.  0.  0.  0.  0.  0.  0.  0.  0.  0.  0.  0.  0.  0.  0.  0.  0.  0.
  0.  0.  0.  0.  0.  0.  0.  0.  0.  0.  0.  0.]
14400 loops cons: [37.  9.  2.  5.  2.  1.  0.  0.  1.  1.  0.  0.  0.  0.  0.  0.  1.  1.
  0.  0.  0.  0.  0.  0.  0.  0.  0.  0.  0.  0.  0.  0.  0.  0.  0.  0.
  0.  0.  0.  0.  0.  0.  0.  0.  0.  0.  0.  0.]
19200 loops cons: [48. 10.  6.  5.  3.  1.  1.  0.  1.  1.  0.  0.  0.  0.  0.  0.  1.  1.
  0.  0.  0.  1.  0.  0.  0.  0.  0.  0.  0.  0.  0.  0.  0.  0.  0.  0.
  0.  0.  0.  0.  0.  0.  0.  1.  0.  0.  0.  0.]
24000 loops cons: [61. 16.  6.  5.  5.  2.  1.  0.  3.  1.  0.  0.  0.  0.  0.  0.  1.  1.
  0.  0.  0.  1.  0.  0.  1.  0.  0.  0.  0.  0.  0.  0.  0.  0.  0.  0.
  0.  0.  0.  0.  0.  0.  0.  1.  0.  0.  0.  0.]
28800 loops cons: [76. 22.  7.  5.  7.  3.  1.  0.  3.  1.  0.  0.  0.  0.  0.  0.  1.  1.
  0.  0.  0.  1.  0.  0.  1.  0.  0.  0.  0.  0.  0.  0.  0.  0.  0.  0.
  0.  0.  0.  0.  0.  0.  0.  1.  0.  0.  0.  0.]
33600 loops cons: [87. 24. 10.  6.  9.  3.  2.  0.  3.  1.  0.  0.  0.  0.  0.  0.  1.  1.
  0.  0.  0.  1.  0.  0.  1.  0.  0.  0.  0.  0.  0.  0.  0.  0.  0.  0.
  0.  0.  0.  0.  0.  0.  0.  1.  0.  0.  0.  0.]
38400 loops cons: [100.  26.  10.   6.   9.   4.   2.   0.   3.   1.   0.   0.   0.   0.
   0.   0.   2.   1.   0.   0.   0.   1.   0.   0.   1.   0.   0.   0.
   0.   0.   0.   0.   0.   0.   0.   0.   0.   0.   0.   0.   0.   0.
   0.   1.   0.   0.   0.   0.]
43200 loops cons: [117.  32.  12.   7.   9.   4.   3.   0.   4.   1.   0.   0.   0.   0.
   0.   0.   2.   1.   1.   0.   0.   1.   0.   0.   1.   0.   0.   0.
   0.   0.   0.   0.   0.   0.   0.   0.   0.   0.   0.   0.   0.   0.
   0.   1.   0.   0.   0.   0.]
48000 loops cons: [128.  37.  14.   7.   9.   4.   5.   0.   4.   3.   0.   1.   0.   0.
   0.   0.   2.   1.   1.   0.   0.   1.   0.   0.   2.   0.   0.   0.
   0.   0.   0.   0.   0.   0.   0.   0.   0.   0.   0.   0.   0.   0.
   0.   1.   0.   0.   0.   0.]
52800 loops cons: [137.  44.  16.   8.   9.   4.   5.   0.   4.   3.   0.   1.   0.   0.
   0.   0.   2.   1.   1.   0.   0.   1.   0.   0.   2.   0.   0.   0.
   0.   0.   0.   0.   0.   0.   0.   0.   0.   0.   0.   0.   0.   0.
   0.   1.   0.   0.   0.   0.]
57600 loops cons: [144.  50.  18.   8.  10.   4.   5.   2.   4.   3.   0.   1.   0.   0.
   0.   0.   2.   1.   1.   0.   0.   1.   0.   0.   2.   0.   0.   0.
   0.   0.   0.   0.   0.   0.   0.   0.   0.   0.   0.   0.   0.   0.
   0.   1.   0.   0.   0.   0.]
62400 loops cons: [150.  52.  19.  10.  12.   4.   6.   4.   4.   3.   0.   1.   0.   0.
   0.   0.   2.   1.   2.   0.   0.   1.   0.   0.   2.   0.   0.   0.
   0.   0.   0.   0.   0.   0.   0.   0.   0.   0.   0.   0.   0.   0.
   0.   1.   0.   0.   0.   0.]
67200 loops cons: [163.  55.  22.  11.  13.   5.   6.   4.   4.   4.   0.   1.   0.   0.
   0.   0.   2.   1.   2.   0.   0.   1.   0.   0.   2.   0.   0.   0.
   0.   0.   0.   0.   0.   0.   0.   0.   0.   0.   0.   0.   0.   0.
   0.   1.   0.   0.   0.   0.]
72000 loops cons: [176.  60.  23.  11.  14.   5.   6.   4.   4.   4.   0.   1.   0.   0.
   0.   0.   2.   1.   2.   1.   0.   1.   0.   0.   2.   0.   0.   0.
   0.   0.   0.   0.   0.   0.   1.   0.   0.   0.   0.   0.   0.   0.
   0.   1.   0.   0.   0.   0.]
76800 loops cons: [191.  62.  25.  11.  14.   5.   8.   4.   4.   4.   0.   1.   0.   0.
   0.   0.   2.   1.   2.   1.   0.   1.   0.   0.   2.   0.   0.   0.
   0.   0.   0.   0.   0.   0.   1.   0.   0.   0.   0.   0.   0.   0.
   0.   1.   0.   0.   0.   0.]
81600 loops cons: [205.  63.  25.  11.  15.   6.   8.   4.   4.   4.   0.   1.   0.   0.
   0.   0.   3.   1.   2.   1.   0.   1.   0.   0.   2.   0.   0.   0.
   0.   0.   0.   0.   0.   0.   1.   0.   0.   0.   0.   0.   0.   0.
   0.   1.   0.   0.   0.   0.]
86400 loops cons: [220.  69.  26.  12.  15.   7.   8.   4.   4.   4.   0.   1.   0.   0.
   0.   0.   3.   1.   2.   1.   0.   1.   0.   0.   2.   0.   0.   0.
   0.   0.   0.   0.   0.   0.   1.   0.   0.   0.   0.   0.   0.   0.
   0.   1.   0.   0.   0.   0.]
91200 loops cons: [229.  72.  30.  13.  16.   7.   8.   4.   4.   4.   0.   1.   0.   0.
   0.   0.   3.   1.   2.   1.   0.   1.   0.   0.   2.   0.   0.   0.
   0.   0.   0.   0.   0.   0.   1.   0.   0.   0.   0.   0.   0.   0.
   0.   1.   0.   0.   0.   0.]
96000 loops cons: [247.  75.  31.  15.  19.   7.   9.   4.   5.   4.   0.   1.   0.   0.
   0.   0.   3.   1.   2.   2.   0.   1.   0.   0.   2.   0.   0.   0.
   0.   0.   0.   0.   0.   0.   1.   0.   0.   0.   0.   0.   0.   0.
   0.   1.   0.   0.   0.   0.]
100800 loops cons: [259.  78.  32.  15.  20.   7.   9.   4.   5.   4.   0.   1.   0.   0.
   0.   0.   3.   1.   2.   2.   0.   1.   0.   0.   2.   0.   0.   0.
   0.   0.   0.   0.   0.   0.   1.   0.   0.   0.   0.   0.   0.   0.
   0.   1.   0.   0.   0.   0.]
105600 loops cons: [270.  81.  34.  16.  21.   7.   9.   4.   7.   4.   0.   1.   0.   0.
   0.   0.   3.   1.   2.   2.   0.   1.   0.   0.   2.   0.   0.   0.
   0.   0.   0.   0.   0.   0.   1.   0.   0.   0.   0.   0.   0.   0.
   0.   1.   0.   0.   0.   0.]
110400 loops cons: [285.  85.  35.  16.  21.   8.   9.   4.   7.   4.   0.   1.   1.   0.
   0.   0.   3.   1.   2.   2.   0.   1.   0.   0.   2.   0.   0.   0.
   0.   0.   0.   0.   0.   0.   1.   0.   0.   0.   0.   0.   0.   0.
   0.   1.   0.   0.   0.   0.]
115200 loops cons: [296.  89.  38.  16.  22.   9.  10.   4.   7.   4.   0.   1.   1.   0.
   0.   0.   3.   1.   2.   2.   0.   1.   0.   0.   2.   0.   0.   0.
   0.   0.   0.   0.   0.   0.   1.   0.   0.   0.   0.   0.   0.   0.
   0.   1.   0.   0.   0.   0.]
120000 loops cons: [308.  93.  39.  17.  23.   9.  11.   4.   7.   4.   0.   1.   2.   0.
   0.   0.   3.   1.   2.   2.   0.   1.   0.   0.   2.   0.   0.   0.
   0.   0.   0.   0.   0.   0.   1.   0.   0.   0.   0.   0.   0.   0.
   0.   1.   0.   0.   0.   0.]
124800 loops cons: [328.  95.  39.  18.  23.  10.  11.   5.   8.   5.   0.   1.   2.   0.
   0.   0.   3.   1.   2.   2.   0.   1.   0.   0.   2.   0.   0.   0.
   0.   0.   0.   0.   0.   0.   1.   0.   0.   0.   0.   0.   0.   0.
   0.   1.   0.   0.   0.   0.]
129600 loops cons: [341.  98.  41.  20.  23.  11.  11.   5.   8.   5.   0.   1.   2.   1.
   0.   0.   3.   1.   2.   2.   0.   1.   0.   0.   2.   0.   0.   0.
   0.   0.   0.   0.   0.   0.   1.   0.   0.   0.   0.   0.   0.   0.
   0.   1.   0.   0.   0.   0.]
134400 loops cons: [349. 106.  42.  20.  24.  11.  11.   5.   8.   5.   0.   1.   2.   1.
   0.   0.   4.   1.   3.   3.   0.   1.   0.   0.   2.   0.   0.   0.
   0.   0.   0.   0.   0.   0.   1.   0.   0.   0.   0.   0.   0.   0.
   0.   1.   0.   0.   0.   0.]
139200 loops cons: [359. 116.  44.  20.  26.  11.  11.   5.   8.   5.   1.   1.   2.   1.
   0.   1.   4.   2.   4.   3.   0.   1.   0.   0.   2.   0.   0.   0.
   0.   0.   0.   0.   0.   0.   1.   0.   0.   0.   0.   0.   0.   0.
   0.   1.   0.   0.   0.   0.]
144000 loops cons: [376. 118.  45.  21.  27.  12.  11.   5.   8.   5.   1.   1.   2.   1.
   0.   1.   4.   2.   4.   3.   0.   1.   0.   0.   2.   0.   0.   0.
   0.   0.   0.   0.   0.   0.   1.   0.   0.   0.   0.   0.   0.   0.
   0.   1.   0.   0.   0.   0.]
148800 loops cons: [395. 120.  48.  21.  29.  13.  12.   5.   8.   5.   1.   1.   2.   1.
   0.   1.   4.   2.   4.   3.   0.   1.   0.   0.   2.   0.   0.   0.
   0.   0.   0.   0.   0.   0.   1.   0.   0.   0.   0.   0.   0.   0.
   0.   1.   0.   0.   0.   0.]
153600 loops cons: [406. 123.  49.  21.  29.  13.  13.   5.   8.   5.   1.   1.   2.   1.
   0.   1.   4.   2.   4.   3.   0.   1.   0.   0.   2.   0.   0.   0.
   0.   0.   0.   0.   0.   0.   1.   0.   0.   0.   0.   0.   0.   0.
   0.   1.   0.   0.   0.   0.]
158400 loops cons: [421. 126.  50.  22.  29.  14.  14.   5.   8.   5.   1.   1.   2.   1.
   0.   1.   5.   2.   4.   4.   0.   1.   0.   0.   2.   0.   0.   0.
   0.   0.   0.   0.   0.   0.   1.   0.   0.   0.   0.   0.   0.   0.
   0.   1.   0.   0.   0.   0.]
163200 loops cons: [432. 131.  51.  22.  29.  15.  15.   5.  10.   6.   1.   1.   2.   1.
   0.   1.   5.   2.   4.   4.   0.   1.   0.   0.   2.   0.   0.   0.
   0.   0.   0.   0.   0.   0.   1.   0.   0.   0.   0.   0.   0.   0.
   0.   1.   0.   0.   0.   0.]
168000 loops cons: [447. 135.  53.  23.  29.  15.  15.   5.  10.   6.   1.   1.   2.   1.
   0.   2.   5.   2.   4.   4.   0.   1.   0.   0.   2.   0.   0.   0.
   0.   0.   0.   0.   0.   0.   1.   0.   0.   0.   0.   0.   0.   0.
   0.   1.   0.   0.   0.   0.]
172800 loops cons: [465. 138.  57.  23.  29.  15.  15.   5.  10.   7.   1.   1.   2.   1.
   0.   2.   5.   2.   4.   4.   0.   1.   0.   0.   2.   0.   0.   0.
   0.   0.   0.   0.   0.   0.   1.   0.   0.   0.   0.   0.   0.   0.
   0.   1.   0.   0.   0.   0.]
177600 loops cons: [479. 142.  59.  24.  29.  18.  15.   5.  10.   7.   1.   1.   2.   1.
   0.   2.   5.   2.   4.   4.   0.   2.   0.   0.   2.   0.   0.   0.
   0.   0.   0.   0.   0.   0.   1.   0.   0.   0.   0.   0.   0.   0.
   0.   1.   0.   0.   0.   0.]
182400 loops cons: [487. 144.  63.  27.  31.  18.  16.   5.  10.   7.   1.   1.   2.   1.
   0.   2.   5.   2.   4.   4.   0.   2.   0.   0.   2.   0.   0.   0.
   0.   0.   0.   0.   0.   0.   1.   0.   0.   0.   0.   0.   0.   0.
   0.   1.   0.   0.   0.   0.]
187200 loops cons: [501. 148.  63.  29.  31.  18.  16.   5.  10.   7.   1.   1.   2.   1.
   0.   2.   5.   2.   4.   4.   0.   2.   0.   0.   2.   0.   0.   0.
   0.   0.   0.   0.   0.   0.   1.   0.   0.   0.   0.   0.   0.   0.
   0.   1.   0.   0.   0.   0.]
192000 loops cons: [515. 156.  64.  29.  31.  19.  16.   5.  10.   7.   1.   1.   2.   1.
   0.   2.   5.   2.   4.   4.   0.   2.   0.   0.   2.   0.   0.   0.
   0.   0.   0.   0.   0.   0.   1.   0.   0.   0.   0.   0.   0.   0.
   0.   1.   0.   0.   0.   0.]
196800 loops cons: [528. 158.  65.  29.  32.  19.  16.   5.  10.   7.   1.   1.   2.   1.
   0.   2.   5.   2.   4.   4.   0.   2.   0.   0.   2.   0.   0.   0.
   0.   0.   0.   0.   0.   0.   1.   0.   0.   0.   0.   0.   0.   0.
   0.   1.   0.   0.   0.   0.]
201600 loops cons: [542. 160.  70.  30.  34.  21.  16.   5.  11.   7.   1.   1.   2.   1.
   0.   2.   5.   2.   4.   4.   0.   2.   0.   0.   2.   0.   0.   0.
   0.   0.   0.   0.   0.   0.   1.   0.   0.   0.   0.   0.   0.   0.
   0.   1.   0.   0.   0.   0.]
206400 loops cons: [559. 166.  72.  33.  34.  21.  16.   5.  11.   7.   1.   1.   2.   1.
   0.   2.   5.   2.   4.   4.   0.   2.   0.   0.   2.   0.   0.   0.
   0.   0.   0.   0.   0.   0.   1.   0.   0.   0.   0.   0.   0.   0.
   0.   1.   0.   0.   0.   0.]
211200 loops cons: [570. 171.  73.  35.  34.  21.  16.   5.  11.   7.   1.   1.   2.   1.
   0.   2.   5.   2.   4.   4.   0.   2.   0.   0.   2.   0.   0.   0.
   0.   0.   0.   0.   0.   0.   1.   0.   0.   0.   0.   0.   0.   0.
   0.   1.   0.   0.   0.   0.]
216000 loops cons: [586. 174.  75.  37.  34.  21.  17.   5.  11.   7.   1.   1.   2.   1.
   0.   2.   5.   2.   4.   4.   0.   2.   0.   0.   2.   0.   0.   0.
   0.   0.   0.   0.   0.   0.   1.   0.   0.   0.   0.   0.   0.   0.
   0.   1.   0.   0.   0.   0.]
220800 loops cons: [603. 179.  77.  40.  34.  21.  17.   5.  11.   7.   1.   1.   2.   1.
   0.   2.   5.   2.   4.   4.   0.   2.   0.   0.   2.   0.   0.   0.
   0.   0.   0.   0.   0.   0.   1.   0.   0.   0.   0.   0.   0.   0.
   0.   1.   0.   0.   0.   0.]
225600 loops cons: [613. 185.  77.  40.  36.  21.  18.   5.  11.   7.   1.   1.   2.   1.
   0.   2.   5.   2.   4.   4.   0.   2.   0.   0.   2.   0.   0.   0.
   0.   0.   0.   0.   0.   0.   1.   0.   0.   0.   0.   0.   0.   0.
   0.   1.   0.   0.   0.   0.]
230400 loops cons: [633. 188.  79.  41.  37.  21.  18.   5.  11.   7.   2.   1.   2.   1.
   0.   2.   5.   2.   4.   4.   0.   2.   0.   0.   2.   0.   0.   0.
   0.   0.   0.   0.   0.   0.   1.   0.   0.   0.   0.   0.   0.   0.
   0.   1.   0.   0.   0.   0.]
235200 loops cons: [640. 195.  80.  44.  37.  21.  18.   5.  11.   7.   2.   1.   2.   1.
   0.   3.   5.   2.   4.   4.   0.   2.   0.   0.   2.   0.   0.   0.
   0.   0.   0.   0.   0.   0.   1.   0.   0.   0.   0.   0.   0.   0.
   0.   1.   0.   0.   0.   0.]
240000 loops cons: [652. 197.  82.  44.  37.  21.  18.   5.  11.   7.   2.   1.   2.   2.
   0.   3.   5.   2.   4.   4.   0.   2.   0.   0.   2.   1.   0.   0.
   0.   0.   0.   0.   0.   0.   1.   0.   0.   0.   0.   0.   0.   0.
   0.   1.   0.   0.   0.   0.]
244800 loops cons: [664. 202.  83.  45.  37.  22.  18.   5.  11.   7.   2.   1.   2.   2.
   0.   3.   5.   2.   4.   4.   0.   2.   0.   0.   2.   1.   0.   0.
   0.   0.   0.   0.   0.   0.   1.   0.   0.   0.   0.   0.   0.   0.
   0.   1.   0.   0.   0.   0.]
249600 loops cons: [677. 205.  85.  46.  37.  23.  19.   5.  11.   7.   2.   1.   2.   2.
   0.   3.   5.   2.   4.   4.   0.   2.   0.   0.   2.   1.   0.   0.
   1.   0.   0.   0.   0.   0.   1.   0.   0.   0.   0.   0.   0.   0.
   0.   1.   0.   0.   0.   0.]
254400 loops cons: [685. 207.  86.  46.  37.  24.  19.   6.  11.   7.   2.   1.   3.   2.
   0.   3.   5.   2.   4.   4.   0.   2.   0.   0.   2.   1.   0.   0.
   1.   0.   0.   0.   0.   0.   1.   0.   0.   0.   0.   0.   0.   0.
   0.   1.   0.   0.   0.   0.]
259200 loops cons: [696. 213.  87.  47.  37.  25.  20.   6.  11.   7.   2.   1.   3.   2.
   0.   3.   5.   2.   4.   4.   0.   2.   0.   0.   2.   1.   0.   0.
   1.   0.   0.   0.   0.   0.   1.   0.   0.   0.   0.   0.   0.   0.
   0.   1.   0.   0.   0.   0.]
264000 loops cons: [709. 217.  90.  47.  37.  27.  21.   6.  12.   7.   2.   1.   3.   2.
   0.   3.   5.   2.   4.   4.   1.   2.   0.   0.   2.   1.   0.   0.
   1.   0.   0.   0.   0.   0.   1.   0.   0.   0.   0.   0.   0.   0.
   0.   1.   0.   0.   0.   0.]
268800 loops cons: [721. 224.  91.  47.  38.  27.  21.   6.  12.   7.   2.   1.   3.   2.
   0.   3.   5.   2.   4.   4.   1.   2.   0.   0.   2.   1.   0.   0.
   1.   0.   0.   0.   0.   0.   1.   0.   0.   0.   0.   0.   0.   0.
   0.   1.   0.   0.   0.   0.]
273600 loops cons: [730. 228.  94.  48.  39.  27.  21.   6.  13.   7.   2.   1.   3.   2.
   0.   3.   5.   2.   4.   4.   1.   2.   0.   0.   2.   1.   0.   0.
   1.   0.   0.   0.   0.   0.   1.   0.   0.   0.   0.   0.   0.   0.
   0.   1.   0.   0.   0.   0.]
278400 loops cons: [742. 236.  95.  51.  40.  27.  21.   6.  13.   7.   2.   1.   3.   2.
   0.   3.   5.   2.   4.   4.   1.   2.   0.   1.   2.   1.   0.   0.
   1.   0.   0.   0.   0.   0.   1.   0.   0.   0.   0.   0.   0.   0.
   0.   1.   0.   0.   0.   0.]
283200 loops cons: [760. 239.  99.  51.  40.  27.  21.   6.  13.   7.   2.   1.   3.   2.
   0.   3.   5.   2.   4.   4.   1.   2.   0.   1.   2.   1.   0.   0.
   1.   0.   0.   0.   1.   0.   1.   0.   0.   0.   0.   0.   0.   0.
   0.   1.   0.   0.   0.   0.]
288000 loops cons: [766. 248.  99.  53.  40.  28.  22.   6.  14.   7.   2.   2.   3.   2.
   0.   3.   5.   3.   4.   4.   1.   2.   0.   1.   2.   1.   0.   0.
   1.   0.   0.   0.   1.   0.   1.   0.   0.   0.   0.   0.   0.   0.
   0.   1.   0.   0.   0.   0.]
292800 loops cons: [779. 250. 101.  54.  40.  28.  22.   6.  14.   7.   2.   2.   3.   2.
   0.   3.   5.   3.   4.   4.   1.   2.   0.   1.   2.   1.   0.   0.
   1.   0.   0.   0.   1.   0.   1.   0.   0.   0.   0.   0.   0.   0.
   0.   1.   0.   0.   0.   0.]
297600 loops cons: [791. 251. 102.  55.  41.  28.  22.   6.  14.   7.   2.   2.   3.   2.
   0.   3.   5.   3.   4.   4.   1.   2.   0.   1.   2.   2.   0.   0.
   1.   0.   0.   0.   1.   0.   1.   0.   0.   0.   0.   0.   0.   0.
   0.   1.   0.   0.   0.   0.]
302400 loops cons: [807. 256. 104.  55.  41.  29.  22.   6.  15.   7.   3.   2.   3.   2.
   0.   3.   5.   3.   4.   4.   1.   2.   0.   1.   2.   2.   0.   0.
   1.   0.   0.   0.   1.   0.   1.   0.   0.   0.   0.   0.   0.   0.
   0.   1.   0.   0.   0.   0.]
307200 loops cons: [821. 261. 108.  56.  42.  32.  22.   7.  15.   7.   3.   2.   3.   2.
   0.   3.   5.   3.   4.   4.   1.   2.   0.   2.   2.   2.   0.   0.
   1.   0.   0.   0.   1.   0.   1.   0.   0.   0.   0.   0.   0.   0.
   0.   1.   0.   0.   0.   0.]
312000 loops cons: [836. 267. 112.  59.  43.  32.  22.   7.  15.   7.   3.   2.   3.   2.
   0.   3.   5.   3.   4.   4.   1.   2.   0.   2.   2.   2.   0.   0.
   1.   0.   0.   0.   1.   0.   1.   0.   0.   0.   0.   0.   0.   0.
   0.   1.   0.   0.   0.   0.]
316800 loops cons: [849. 269. 114.  61.  44.  32.  23.   7.  15.   7.   3.   2.   3.   2.
   1.   3.   5.   3.   4.   4.   1.   2.   0.   2.   2.   2.   0.   0.
   1.   0.   0.   0.   1.   0.   1.   0.   0.   0.   0.   0.   0.   0.
   0.   1.   0.   0.   0.   0.]
321600 loops cons: [868. 272. 116.  62.  44.  32.  23.   7.  15.   7.   3.   2.   3.   2.
   1.   3.   5.   3.   4.   4.   1.   2.   0.   2.   2.   2.   0.   0.
   1.   0.   0.   0.   1.   0.   1.   0.   0.   0.   0.   0.   0.   0.
   0.   1.   0.   0.   0.   0.]
326400 loops cons: [882. 277. 119.  63.  44.  32.  23.   7.  15.   7.   3.   2.   3.   2.
   1.   3.   5.   3.   4.   4.   1.   2.   0.   2.   2.   2.   0.   0.
   1.   0.   0.   0.   1.   0.   1.   0.   0.   0.   0.   0.   0.   0.
   0.   1.   0.   0.   0.   0.]
331200 loops cons: [890. 285. 119.  63.  46.  32.  23.   7.  15.   7.   3.   2.   3.   3.
   1.   3.   5.   3.   4.   4.   1.   2.   0.   2.   2.   2.   0.   0.
   1.   0.   0.   0.   1.   0.   1.   0.   0.   0.   0.   0.   0.   0.
   0.   1.   0.   0.   0.   0.]
336000 loops cons: [908. 288. 119.  63.  46.  33.  23.   8.  15.   7.   4.   2.   3.   3.
   1.   3.   5.   3.   4.   4.   1.   2.   0.   2.   2.   2.   0.   0.
   1.   0.   0.   0.   1.   0.   1.   0.   0.   0.   0.   0.   0.   0.
   0.   1.   0.   0.   0.   0.]
340800 loops cons: [923. 292. 122.  65.  47.  33.  24.   8.  15.   7.   4.   2.   3.   3.
   1.   3.   5.   3.   4.   4.   1.   2.   0.   2.   2.   2.   0.   0.
   1.   0.   0.   0.   1.   1.   1.   0.   0.   0.   0.   0.   0.   0.
   0.   1.   0.   0.   0.   0.]
345600 loops cons: [939. 298. 124.  67.  48.  34.  24.   8.  15.   8.   4.   2.   3.   3.
   1.   3.   5.   3.   4.   4.   1.   2.   0.   2.   2.   2.   0.   0.
   1.   0.   0.   0.   1.   1.   1.   0.   0.   0.   0.   0.   0.   0.
   0.   1.   0.   0.   0.   0.]
350400 loops cons: [946. 301. 125.  68.  50.  34.  24.   8.  15.   8.   4.   2.   3.   3.
   1.   3.   5.   3.   4.   4.   1.   2.   0.   2.   2.   2.   0.   0.
   1.   0.   0.   0.   1.   1.   1.   0.   0.   0.   0.   0.   0.   0.
   0.   1.   0.   0.   0.   0.]
355200 loops cons: [960. 307. 126.  68.  50.  35.  24.   8.  15.   8.   4.   3.   3.   3.
   1.   3.   5.   4.   4.   4.   1.   2.   0.   2.   2.   2.   0.   0.
   1.   0.   0.   0.   1.   1.   1.   0.   0.   0.   0.   0.   0.   0.
   0.   1.   0.   0.   0.   0.]
360000 loops cons: [968. 310. 127.  69.  51.  35.  24.   9.  15.   8.   4.   3.   3.   3.
   1.   3.   5.   4.   4.   4.   1.   2.   0.   2.   2.   2.   0.   0.
   1.   0.   0.   0.   1.   1.   1.   0.   0.   0.   0.   0.   0.   0.
   0.   1.   0.   0.   0.   0.]
364800 loops cons: [983. 314. 133.  69.  51.  36.  24.   9.  15.   8.   4.   3.   3.   3.
   1.   3.   5.   4.   4.   4.   1.   2.   0.   2.   2.   2.   0.   0.
   1.   0.   0.   0.   1.   1.   1.   0.   0.   0.   0.   0.   0.   0.
   1.   1.   0.   0.   0.   0.]
369600 loops cons: [992. 318. 135.  70.  51.  36.  24.  10.  15.   8.   4.   3.   3.   3.
   1.   3.   5.   4.   4.   4.   1.   2.   0.   2.   2.   2.   0.   0.
   1.   0.   0.   0.   1.   1.   1.   0.   0.   0.   0.   0.   0.   0.
   1.   1.   0.   0.   0.   0.]
374400 loops cons: [1.012e+03 3.220e+02 1.360e+02 7.100e+01 5.100e+01 3.600e+01 2.500e+01
 1.000e+01 1.500e+01 8.000e+00 4.000e+00 3.000e+00 3.000e+00 3.000e+00
 1.000e+00 3.000e+00 5.000e+00 4.000e+00 4.000e+00 4.000e+00 1.000e+00
 2.000e+00 0.000e+00 2.000e+00 2.000e+00 2.000e+00 0.000e+00 0.000e+00
 1.000e+00 0.000e+00 0.000e+00 0.000e+00 1.000e+00 1.000e+00 1.000e+00
 0.000e+00 0.000e+00 0.000e+00 0.000e+00 0.000e+00 0.000e+00 0.000e+00
 1.000e+00 1.000e+00 0.000e+00 0.000e+00 0.000e+00 0.000e+00]
379200 loops cons: [1.027e+03 3.250e+02 1.390e+02 7.100e+01 5.100e+01 3.700e+01 2.600e+01
 1.100e+01 1.500e+01 8.000e+00 4.000e+00 3.000e+00 3.000e+00 3.000e+00
 1.000e+00 3.000e+00 5.000e+00 4.000e+00 4.000e+00 4.000e+00 1.000e+00
 2.000e+00 0.000e+00 2.000e+00 2.000e+00 2.000e+00 0.000e+00 0.000e+00
 1.000e+00 0.000e+00 0.000e+00 0.000e+00 1.000e+00 1.000e+00 1.000e+00
 0.000e+00 0.000e+00 0.000e+00 0.000e+00 0.000e+00 0.000e+00 0.000e+00
 1.000e+00 1.000e+00 0.000e+00 0.000e+00 0.000e+00 0.000e+00]
384000 loops cons: [1.038e+03 3.310e+02 1.410e+02 7.200e+01 5.100e+01 3.900e+01 2.600e+01
 1.100e+01 1.500e+01 8.000e+00 4.000e+00 3.000e+00 3.000e+00 3.000e+00
 1.000e+00 3.000e+00 5.000e+00 4.000e+00 4.000e+00 4.000e+00 1.000e+00
 2.000e+00 0.000e+00 2.000e+00 2.000e+00 2.000e+00 0.000e+00 0.000e+00
 1.000e+00 0.000e+00 0.000e+00 0.000e+00 1.000e+00 1.000e+00 1.000e+00
 0.000e+00 0.000e+00 0.000e+00 0.000e+00 0.000e+00 0.000e+00 0.000e+00
 1.000e+00 1.000e+00 0.000e+00 0.000e+00 0.000e+00 0.000e+00]
388800 loops cons: [1.052e+03 3.320e+02 1.420e+02 7.200e+01 5.100e+01 3.900e+01 2.600e+01
 1.100e+01 1.500e+01 8.000e+00 5.000e+00 3.000e+00 3.000e+00 3.000e+00
 1.000e+00 3.000e+00 5.000e+00 4.000e+00 4.000e+00 4.000e+00 1.000e+00
 2.000e+00 0.000e+00 2.000e+00 2.000e+00 2.000e+00 0.000e+00 0.000e+00
 1.000e+00 0.000e+00 0.000e+00 0.000e+00 1.000e+00 1.000e+00 1.000e+00
 0.000e+00 0.000e+00 0.000e+00 0.000e+00 0.000e+00 0.000e+00 0.000e+00
 1.000e+00 1.000e+00 0.000e+00 0.000e+00 0.000e+00 0.000e+00]
393600 loops cons: [1.06e+03 3.36e+02 1.45e+02 7.30e+01 5.30e+01 3.90e+01 2.70e+01 1.10e+01
 1.60e+01 8.00e+00 5.00e+00 3.00e+00 3.00e+00 3.00e+00 2.00e+00 3.00e+00
 5.00e+00 4.00e+00 4.00e+00 4.00e+00 1.00e+00 2.00e+00 0.00e+00 2.00e+00
 2.00e+00 2.00e+00 0.00e+00 0.00e+00 1.00e+00 0.00e+00 0.00e+00 0.00e+00
 1.00e+00 1.00e+00 1.00e+00 0.00e+00 0.00e+00 0.00e+00 0.00e+00 0.00e+00
 0.00e+00 0.00e+00 1.00e+00 1.00e+00 0.00e+00 0.00e+00 0.00e+00 0.00e+00]
398400 loops cons: [1.072e+03 3.370e+02 1.450e+02 7.400e+01 5.300e+01 3.900e+01 2.800e+01
 1.100e+01 1.600e+01 9.000e+00 5.000e+00 4.000e+00 3.000e+00 3.000e+00
 2.000e+00 3.000e+00 5.000e+00 4.000e+00 4.000e+00 4.000e+00 1.000e+00
 2.000e+00 0.000e+00 2.000e+00 2.000e+00 2.000e+00 0.000e+00 0.000e+00
 1.000e+00 0.000e+00 0.000e+00 0.000e+00 1.000e+00 1.000e+00 1.000e+00
 0.000e+00 0.000e+00 0.000e+00 0.000e+00 0.000e+00 0.000e+00 0.000e+00
 1.000e+00 1.000e+00 0.000e+00 0.000e+00 0.000e+00 0.000e+00]
403200 loops cons: [1.086e+03 3.420e+02 1.460e+02 7.500e+01 5.600e+01 4.000e+01 2.800e+01
 1.100e+01 1.600e+01 9.000e+00 5.000e+00 4.000e+00 4.000e+00 3.000e+00
 2.000e+00 3.000e+00 5.000e+00 4.000e+00 4.000e+00 4.000e+00 1.000e+00
 2.000e+00 0.000e+00 2.000e+00 2.000e+00 2.000e+00 0.000e+00 0.000e+00
 1.000e+00 0.000e+00 0.000e+00 0.000e+00 1.000e+00 1.000e+00 1.000e+00
 0.000e+00 0.000e+00 0.000e+00 0.000e+00 0.000e+00 0.000e+00 0.000e+00
 1.000e+00 1.000e+00 0.000e+00 0.000e+00 0.000e+00 0.000e+00]
408000 loops cons: [1.097e+03 3.480e+02 1.460e+02 7.500e+01 5.800e+01 4.000e+01 2.800e+01
 1.100e+01 1.600e+01 9.000e+00 5.000e+00 4.000e+00 4.000e+00 3.000e+00
 2.000e+00 3.000e+00 5.000e+00 4.000e+00 4.000e+00 4.000e+00 1.000e+00
 2.000e+00 0.000e+00 2.000e+00 2.000e+00 2.000e+00 0.000e+00 0.000e+00
 1.000e+00 0.000e+00 0.000e+00 0.000e+00 1.000e+00 1.000e+00 1.000e+00
 0.000e+00 0.000e+00 0.000e+00 0.000e+00 0.000e+00 0.000e+00 0.000e+00
 1.000e+00 1.000e+00 0.000e+00 0.000e+00 0.000e+00 0.000e+00]
412800 loops cons: [1.119e+03 3.560e+02 1.460e+02 7.600e+01 5.900e+01 4.000e+01 2.900e+01
 1.100e+01 1.600e+01 9.000e+00 5.000e+00 4.000e+00 4.000e+00 3.000e+00
 2.000e+00 3.000e+00 5.000e+00 4.000e+00 4.000e+00 4.000e+00 1.000e+00
 2.000e+00 0.000e+00 2.000e+00 2.000e+00 2.000e+00 0.000e+00 1.000e+00
 1.000e+00 0.000e+00 0.000e+00 0.000e+00 1.000e+00 1.000e+00 1.000e+00
 0.000e+00 0.000e+00 0.000e+00 0.000e+00 0.000e+00 0.000e+00 0.000e+00
 1.000e+00 1.000e+00 0.000e+00 0.000e+00 0.000e+00 0.000e+00]
417600 loops cons: [1.128e+03 3.610e+02 1.490e+02 7.600e+01 6.000e+01 4.000e+01 3.000e+01
 1.200e+01 1.600e+01 9.000e+00 5.000e+00 4.000e+00 4.000e+00 3.000e+00
 2.000e+00 4.000e+00 5.000e+00 4.000e+00 4.000e+00 4.000e+00 1.000e+00
 2.000e+00 0.000e+00 2.000e+00 2.000e+00 2.000e+00 0.000e+00 1.000e+00
 1.000e+00 0.000e+00 0.000e+00 0.000e+00 1.000e+00 1.000e+00 1.000e+00
 0.000e+00 0.000e+00 0.000e+00 0.000e+00 0.000e+00 0.000e+00 0.000e+00
 1.000e+00 1.000e+00 0.000e+00 0.000e+00 0.000e+00 0.000e+00]
422400 loops cons: [1.143e+03 3.670e+02 1.510e+02 7.700e+01 6.100e+01 4.000e+01 3.000e+01
 1.200e+01 1.700e+01 9.000e+00 5.000e+00 4.000e+00 4.000e+00 3.000e+00
 2.000e+00 4.000e+00 5.000e+00 4.000e+00 4.000e+00 4.000e+00 1.000e+00
 2.000e+00 0.000e+00 2.000e+00 2.000e+00 2.000e+00 0.000e+00 1.000e+00
 1.000e+00 0.000e+00 0.000e+00 0.000e+00 1.000e+00 1.000e+00 1.000e+00
 0.000e+00 0.000e+00 0.000e+00 0.000e+00 0.000e+00 0.000e+00 0.000e+00
 1.000e+00 1.000e+00 0.000e+00 0.000e+00 0.000e+00 0.000e+00]
427200 loops cons: [1.155e+03 3.690e+02 1.530e+02 7.800e+01 6.100e+01 4.000e+01 3.000e+01
 1.200e+01 1.700e+01 9.000e+00 5.000e+00 4.000e+00 4.000e+00 3.000e+00
 2.000e+00 4.000e+00 5.000e+00 4.000e+00 4.000e+00 4.000e+00 1.000e+00
 2.000e+00 0.000e+00 2.000e+00 2.000e+00 2.000e+00 0.000e+00 1.000e+00
 1.000e+00 0.000e+00 0.000e+00 0.000e+00 1.000e+00 1.000e+00 1.000e+00
 0.000e+00 0.000e+00 0.000e+00 0.000e+00 0.000e+00 0.000e+00 0.000e+00
 1.000e+00 1.000e+00 0.000e+00 0.000e+00 0.000e+00 0.000e+00]
432000 loops cons: [1.169e+03 3.710e+02 1.540e+02 7.900e+01 6.100e+01 4.000e+01 3.000e+01
 1.200e+01 1.700e+01 9.000e+00 5.000e+00 4.000e+00 4.000e+00 3.000e+00
 2.000e+00 4.000e+00 5.000e+00 4.000e+00 4.000e+00 4.000e+00 1.000e+00
 2.000e+00 0.000e+00 2.000e+00 2.000e+00 2.000e+00 0.000e+00 1.000e+00
 1.000e+00 0.000e+00 0.000e+00 0.000e+00 1.000e+00 1.000e+00 1.000e+00
 0.000e+00 0.000e+00 0.000e+00 0.000e+00 0.000e+00 0.000e+00 0.000e+00
 1.000e+00 1.000e+00 0.000e+00 0.000e+00 0.000e+00 0.000e+00]
436800 loops cons: [1.182e+03 3.720e+02 1.550e+02 8.100e+01 6.300e+01 4.000e+01 3.100e+01
 1.300e+01 1.700e+01 1.000e+01 5.000e+00 4.000e+00 5.000e+00 3.000e+00
 2.000e+00 4.000e+00 5.000e+00 4.000e+00 4.000e+00 4.000e+00 1.000e+00
 2.000e+00 0.000e+00 2.000e+00 2.000e+00 2.000e+00 0.000e+00 1.000e+00
 1.000e+00 0.000e+00 0.000e+00 0.000e+00 1.000e+00 1.000e+00 1.000e+00
 0.000e+00 0.000e+00 0.000e+00 0.000e+00 0.000e+00 0.000e+00 0.000e+00
 1.000e+00 1.000e+00 0.000e+00 0.000e+00 0.000e+00 0.000e+00]
441600 loops cons: [1.199e+03 3.810e+02 1.550e+02 8.300e+01 6.300e+01 4.000e+01 3.100e+01
 1.300e+01 1.700e+01 1.000e+01 5.000e+00 4.000e+00 5.000e+00 3.000e+00
 2.000e+00 4.000e+00 6.000e+00 4.000e+00 4.000e+00 4.000e+00 1.000e+00
 2.000e+00 0.000e+00 2.000e+00 2.000e+00 2.000e+00 0.000e+00 1.000e+00
 1.000e+00 0.000e+00 0.000e+00 0.000e+00 1.000e+00 1.000e+00 1.000e+00
 0.000e+00 0.000e+00 0.000e+00 0.000e+00 0.000e+00 0.000e+00 0.000e+00
 1.000e+00 1.000e+00 0.000e+00 0.000e+00 0.000e+00 0.000e+00]
446400 loops cons: [1.209e+03 3.860e+02 1.570e+02 8.400e+01 6.300e+01 4.000e+01 3.100e+01
 1.300e+01 1.700e+01 1.000e+01 5.000e+00 4.000e+00 5.000e+00 3.000e+00
 2.000e+00 4.000e+00 6.000e+00 4.000e+00 4.000e+00 4.000e+00 1.000e+00
 2.000e+00 0.000e+00 2.000e+00 2.000e+00 2.000e+00 0.000e+00 1.000e+00
 1.000e+00 0.000e+00 0.000e+00 0.000e+00 1.000e+00 1.000e+00 1.000e+00
 0.000e+00 0.000e+00 0.000e+00 0.000e+00 0.000e+00 0.000e+00 0.000e+00
 1.000e+00 1.000e+00 0.000e+00 0.000e+00 0.000e+00 0.000e+00]
451200 loops cons: [1.222e+03 3.950e+02 1.580e+02 8.400e+01 6.300e+01 4.000e+01 3.100e+01
 1.400e+01 1.800e+01 1.000e+01 5.000e+00 4.000e+00 5.000e+00 3.000e+00
 2.000e+00 4.000e+00 6.000e+00 4.000e+00 4.000e+00 4.000e+00 1.000e+00
 2.000e+00 0.000e+00 2.000e+00 2.000e+00 2.000e+00 0.000e+00 1.000e+00
 1.000e+00 0.000e+00 0.000e+00 0.000e+00 1.000e+00 1.000e+00 1.000e+00
 0.000e+00 0.000e+00 0.000e+00 0.000e+00 0.000e+00 0.000e+00 0.000e+00
 1.000e+00 1.000e+00 0.000e+00 0.000e+00 0.000e+00 0.000e+00]
456000 loops cons: [1.238e+03 4.000e+02 1.580e+02 8.400e+01 6.300e+01 4.100e+01 3.100e+01
 1.400e+01 1.800e+01 1.000e+01 5.000e+00 4.000e+00 5.000e+00 3.000e+00
 2.000e+00 4.000e+00 6.000e+00 4.000e+00 4.000e+00 4.000e+00 1.000e+00
 2.000e+00 0.000e+00 2.000e+00 2.000e+00 2.000e+00 0.000e+00 1.000e+00
 1.000e+00 0.000e+00 0.000e+00 0.000e+00 1.000e+00 1.000e+00 1.000e+00
 0.000e+00 0.000e+00 0.000e+00 0.000e+00 0.000e+00 0.000e+00 0.000e+00
 1.000e+00 1.000e+00 0.000e+00 0.000e+00 0.000e+00 0.000e+00]
460800 loops cons: [1.252e+03 4.040e+02 1.580e+02 8.400e+01 6.300e+01 4.100e+01 3.100e+01
 1.400e+01 1.800e+01 1.000e+01 5.000e+00 4.000e+00 5.000e+00 3.000e+00
 2.000e+00 4.000e+00 6.000e+00 4.000e+00 4.000e+00 4.000e+00 1.000e+00
 2.000e+00 0.000e+00 2.000e+00 2.000e+00 2.000e+00 0.000e+00 1.000e+00
 1.000e+00 0.000e+00 0.000e+00 0.000e+00 1.000e+00 1.000e+00 1.000e+00
 0.000e+00 0.000e+00 0.000e+00 0.000e+00 0.000e+00 0.000e+00 0.000e+00
 1.000e+00 1.000e+00 0.000e+00 0.000e+00 0.000e+00 0.000e+00]
465600 loops cons: [1.263e+03 4.080e+02 1.620e+02 8.400e+01 6.300e+01 4.100e+01 3.100e+01
 1.400e+01 1.800e+01 1.100e+01 5.000e+00 4.000e+00 5.000e+00 3.000e+00
 2.000e+00 4.000e+00 7.000e+00 4.000e+00 4.000e+00 4.000e+00 1.000e+00
 2.000e+00 0.000e+00 2.000e+00 2.000e+00 2.000e+00 0.000e+00 1.000e+00
 1.000e+00 0.000e+00 0.000e+00 0.000e+00 1.000e+00 1.000e+00 1.000e+00
 0.000e+00 0.000e+00 0.000e+00 0.000e+00 0.000e+00 0.000e+00 0.000e+00
 1.000e+00 1.000e+00 0.000e+00 0.000e+00 0.000e+00 0.000e+00]
470400 loops cons: [1.275e+03 4.140e+02 1.650e+02 8.500e+01 6.300e+01 4.100e+01 3.200e+01
 1.400e+01 1.800e+01 1.100e+01 5.000e+00 4.000e+00 5.000e+00 4.000e+00
 2.000e+00 4.000e+00 7.000e+00 4.000e+00 4.000e+00 4.000e+00 1.000e+00
 2.000e+00 0.000e+00 2.000e+00 2.000e+00 2.000e+00 0.000e+00 1.000e+00
 1.000e+00 0.000e+00 0.000e+00 0.000e+00 1.000e+00 1.000e+00 1.000e+00
 0.000e+00 0.000e+00 0.000e+00 0.000e+00 0.000e+00 0.000e+00 0.000e+00
 1.000e+00 1.000e+00 0.000e+00 0.000e+00 0.000e+00 0.000e+00]
475200 loops cons: [1.29e+03 4.21e+02 1.67e+02 8.60e+01 6.30e+01 4.10e+01 3.30e+01 1.40e+01
 1.80e+01 1.10e+01 5.00e+00 4.00e+00 5.00e+00 4.00e+00 2.00e+00 4.00e+00
 7.00e+00 4.00e+00 4.00e+00 4.00e+00 1.00e+00 2.00e+00 0.00e+00 2.00e+00
 2.00e+00 2.00e+00 0.00e+00 1.00e+00 1.00e+00 0.00e+00 0.00e+00 0.00e+00
 1.00e+00 1.00e+00 1.00e+00 0.00e+00 0.00e+00 0.00e+00 0.00e+00 0.00e+00
 0.00e+00 0.00e+00 1.00e+00 1.00e+00 0.00e+00 0.00e+00 0.00e+00 0.00e+00]
480000 loops cons: [1.305e+03 4.240e+02 1.680e+02 8.600e+01 6.300e+01 4.200e+01 3.400e+01
 1.400e+01 2.000e+01 1.100e+01 5.000e+00 4.000e+00 6.000e+00 4.000e+00
 2.000e+00 4.000e+00 7.000e+00 4.000e+00 4.000e+00 4.000e+00 1.000e+00
 2.000e+00 0.000e+00 2.000e+00 2.000e+00 2.000e+00 0.000e+00 1.000e+00
 1.000e+00 0.000e+00 0.000e+00 0.000e+00 1.000e+00 1.000e+00 1.000e+00
 0.000e+00 0.000e+00 0.000e+00 0.000e+00 0.000e+00 0.000e+00 0.000e+00
 1.000e+00 1.000e+00 0.000e+00 0.000e+00 0.000e+00 0.000e+00]
484800 loops cons: [1.321e+03 4.270e+02 1.680e+02 8.600e+01 6.500e+01 4.400e+01 3.400e+01
 1.400e+01 2.000e+01 1.100e+01 5.000e+00 4.000e+00 6.000e+00 4.000e+00
 2.000e+00 4.000e+00 7.000e+00 4.000e+00 4.000e+00 4.000e+00 1.000e+00
 2.000e+00 0.000e+00 2.000e+00 2.000e+00 2.000e+00 0.000e+00 1.000e+00
 1.000e+00 0.000e+00 0.000e+00 0.000e+00 1.000e+00 1.000e+00 1.000e+00
 0.000e+00 0.000e+00 0.000e+00 0.000e+00 0.000e+00 0.000e+00 0.000e+00
 1.000e+00 1.000e+00 0.000e+00 0.000e+00 0.000e+00 0.000e+00]
489600 loops cons: [1.334e+03 4.280e+02 1.700e+02 8.700e+01 6.500e+01 4.400e+01 3.500e+01
 1.400e+01 2.000e+01 1.100e+01 5.000e+00 4.000e+00 6.000e+00 4.000e+00
 2.000e+00 4.000e+00 7.000e+00 4.000e+00 4.000e+00 4.000e+00 1.000e+00
 2.000e+00 0.000e+00 2.000e+00 2.000e+00 2.000e+00 0.000e+00 1.000e+00
 1.000e+00 0.000e+00 0.000e+00 0.000e+00 1.000e+00 1.000e+00 1.000e+00
 0.000e+00 0.000e+00 0.000e+00 0.000e+00 0.000e+00 0.000e+00 0.000e+00
 1.000e+00 1.000e+00 0.000e+00 0.000e+00 0.000e+00 0.000e+00]
494400 loops cons: [1.345e+03 4.370e+02 1.750e+02 8.700e+01 6.500e+01 4.400e+01 3.500e+01
 1.400e+01 2.000e+01 1.100e+01 5.000e+00 4.000e+00 6.000e+00 5.000e+00
 2.000e+00 4.000e+00 7.000e+00 4.000e+00 4.000e+00 4.000e+00 1.000e+00
 2.000e+00 0.000e+00 2.000e+00 2.000e+00 2.000e+00 0.000e+00 1.000e+00
 1.000e+00 0.000e+00 0.000e+00 0.000e+00 1.000e+00 1.000e+00 1.000e+00
 1.000e+00 0.000e+00 0.000e+00 0.000e+00 0.000e+00 0.000e+00 0.000e+00
 1.000e+00 1.000e+00 0.000e+00 0.000e+00 0.000e+00 0.000e+00]
499200 loops cons: [1.359e+03 4.430e+02 1.750e+02 9.300e+01 6.500e+01 4.500e+01 3.500e+01
 1.400e+01 2.000e+01 1.100e+01 5.000e+00 5.000e+00 6.000e+00 5.000e+00
 2.000e+00 4.000e+00 7.000e+00 4.000e+00 4.000e+00 4.000e+00 1.000e+00
 2.000e+00 1.000e+00 2.000e+00 2.000e+00 2.000e+00 0.000e+00 1.000e+00
 1.000e+00 0.000e+00 0.000e+00 0.000e+00 1.000e+00 1.000e+00 1.000e+00
 1.000e+00 0.000e+00 0.000e+00 0.000e+00 0.000e+00 0.000e+00 0.000e+00
 1.000e+00 1.000e+00 0.000e+00 0.000e+00 0.000e+00 0.000e+00]
504000 loops cons: [1.372e+03 4.490e+02 1.780e+02 9.300e+01 6.500e+01 4.500e+01 3.500e+01
 1.400e+01 2.000e+01 1.100e+01 5.000e+00 5.000e+00 6.000e+00 5.000e+00
 2.000e+00 4.000e+00 7.000e+00 4.000e+00 4.000e+00 4.000e+00 1.000e+00
 2.000e+00 1.000e+00 2.000e+00 2.000e+00 2.000e+00 0.000e+00 1.000e+00
 1.000e+00 0.000e+00 0.000e+00 0.000e+00 1.000e+00 1.000e+00 1.000e+00
 1.000e+00 0.000e+00 0.000e+00 0.000e+00 0.000e+00 0.000e+00 0.000e+00
 2.000e+00 1.000e+00 0.000e+00 0.000e+00 0.000e+00 0.000e+00]
508800 loops cons: [1.38e+03 4.50e+02 1.79e+02 9.30e+01 6.70e+01 4.60e+01 3.50e+01 1.40e+01
 2.00e+01 1.10e+01 5.00e+00 5.00e+00 6.00e+00 5.00e+00 2.00e+00 4.00e+00
 7.00e+00 4.00e+00 4.00e+00 4.00e+00 1.00e+00 2.00e+00 1.00e+00 2.00e+00
 2.00e+00 2.00e+00 0.00e+00 1.00e+00 1.00e+00 0.00e+00 1.00e+00 0.00e+00
 1.00e+00 1.00e+00 1.00e+00 1.00e+00 0.00e+00 0.00e+00 0.00e+00 0.00e+00
 0.00e+00 0.00e+00 2.00e+00 1.00e+00 0.00e+00 0.00e+00 0.00e+00 0.00e+00]
513600 loops cons: [1.394e+03 4.540e+02 1.800e+02 9.400e+01 6.700e+01 4.600e+01 3.500e+01
 1.500e+01 2.000e+01 1.100e+01 5.000e+00 5.000e+00 6.000e+00 5.000e+00
 2.000e+00 4.000e+00 7.000e+00 4.000e+00 4.000e+00 4.000e+00 1.000e+00
 2.000e+00 1.000e+00 2.000e+00 2.000e+00 2.000e+00 0.000e+00 1.000e+00
 1.000e+00 0.000e+00 1.000e+00 0.000e+00 1.000e+00 1.000e+00 1.000e+00
 1.000e+00 0.000e+00 0.000e+00 0.000e+00 0.000e+00 0.000e+00 0.000e+00
 2.000e+00 1.000e+00 0.000e+00 0.000e+00 0.000e+00 0.000e+00]
518400 loops cons: [1.408e+03 4.560e+02 1.810e+02 9.400e+01 6.800e+01 4.600e+01 3.600e+01
 1.800e+01 2.000e+01 1.200e+01 5.000e+00 5.000e+00 6.000e+00 6.000e+00
 2.000e+00 4.000e+00 7.000e+00 4.000e+00 4.000e+00 4.000e+00 1.000e+00
 2.000e+00 1.000e+00 2.000e+00 2.000e+00 2.000e+00 0.000e+00 1.000e+00
 1.000e+00 0.000e+00 1.000e+00 0.000e+00 1.000e+00 1.000e+00 1.000e+00
 1.000e+00 0.000e+00 0.000e+00 0.000e+00 0.000e+00 0.000e+00 0.000e+00
 2.000e+00 1.000e+00 0.000e+00 0.000e+00 0.000e+00 0.000e+00]
523200 loops cons: [1.421e+03 4.620e+02 1.830e+02 9.500e+01 7.000e+01 4.600e+01 3.600e+01
 1.800e+01 2.000e+01 1.200e+01 5.000e+00 5.000e+00 6.000e+00 7.000e+00
 2.000e+00 4.000e+00 7.000e+00 4.000e+00 4.000e+00 4.000e+00 1.000e+00
 2.000e+00 1.000e+00 2.000e+00 2.000e+00 2.000e+00 0.000e+00 1.000e+00
 1.000e+00 0.000e+00 1.000e+00 0.000e+00 1.000e+00 1.000e+00 1.000e+00
 1.000e+00 0.000e+00 0.000e+00 0.000e+00 0.000e+00 0.000e+00 0.000e+00
 2.000e+00 1.000e+00 0.000e+00 0.000e+00 0.000e+00 0.000e+00]
528000 loops cons: [1.436e+03 4.650e+02 1.840e+02 9.500e+01 7.000e+01 4.600e+01 3.700e+01
 1.800e+01 2.000e+01 1.200e+01 5.000e+00 5.000e+00 6.000e+00 7.000e+00
 2.000e+00 4.000e+00 7.000e+00 4.000e+00 4.000e+00 4.000e+00 1.000e+00
 2.000e+00 1.000e+00 2.000e+00 2.000e+00 2.000e+00 0.000e+00 1.000e+00
 1.000e+00 0.000e+00 1.000e+00 0.000e+00 1.000e+00 1.000e+00 1.000e+00
 1.000e+00 0.000e+00 0.000e+00 0.000e+00 0.000e+00 0.000e+00 0.000e+00
 2.000e+00 1.000e+00 0.000e+00 0.000e+00 0.000e+00 0.000e+00]
532800 loops cons: [1.448e+03 4.720e+02 1.840e+02 9.500e+01 7.000e+01 4.600e+01 3.700e+01
 1.800e+01 2.000e+01 1.200e+01 5.000e+00 5.000e+00 6.000e+00 8.000e+00
 2.000e+00 4.000e+00 7.000e+00 4.000e+00 4.000e+00 4.000e+00 1.000e+00
 2.000e+00 1.000e+00 2.000e+00 2.000e+00 2.000e+00 0.000e+00 1.000e+00
 1.000e+00 0.000e+00 1.000e+00 0.000e+00 1.000e+00 1.000e+00 1.000e+00
 1.000e+00 0.000e+00 0.000e+00 0.000e+00 0.000e+00 0.000e+00 0.000e+00
 2.000e+00 1.000e+00 0.000e+00 0.000e+00 0.000e+00 0.000e+00]
537600 loops cons: [1.458e+03 4.750e+02 1.850e+02 9.700e+01 7.000e+01 4.600e+01 3.700e+01
 1.800e+01 2.100e+01 1.200e+01 5.000e+00 5.000e+00 6.000e+00 8.000e+00
 2.000e+00 4.000e+00 7.000e+00 4.000e+00 4.000e+00 4.000e+00 1.000e+00
 2.000e+00 1.000e+00 2.000e+00 2.000e+00 2.000e+00 0.000e+00 1.000e+00
 1.000e+00 0.000e+00 1.000e+00 0.000e+00 1.000e+00 1.000e+00 1.000e+00
 1.000e+00 0.000e+00 0.000e+00 0.000e+00 0.000e+00 0.000e+00 0.000e+00
 2.000e+00 1.000e+00 0.000e+00 0.000e+00 0.000e+00 0.000e+00]
542400 loops cons: [1.469e+03 4.790e+02 1.890e+02 9.700e+01 7.000e+01 4.600e+01 3.700e+01
 1.800e+01 2.100e+01 1.200e+01 5.000e+00 5.000e+00 6.000e+00 8.000e+00
 2.000e+00 4.000e+00 7.000e+00 4.000e+00 4.000e+00 4.000e+00 1.000e+00
 2.000e+00 1.000e+00 2.000e+00 2.000e+00 2.000e+00 0.000e+00 1.000e+00
 1.000e+00 0.000e+00 1.000e+00 0.000e+00 1.000e+00 1.000e+00 1.000e+00
 1.000e+00 0.000e+00 0.000e+00 0.000e+00 0.000e+00 0.000e+00 0.000e+00
 2.000e+00 1.000e+00 0.000e+00 0.000e+00 0.000e+00 0.000e+00]
547200 loops cons: [1.482e+03 4.830e+02 1.920e+02 9.700e+01 7.100e+01 4.600e+01 3.700e+01
 1.800e+01 2.100e+01 1.300e+01 6.000e+00 5.000e+00 6.000e+00 8.000e+00
 2.000e+00 4.000e+00 7.000e+00 4.000e+00 4.000e+00 4.000e+00 1.000e+00
 2.000e+00 1.000e+00 2.000e+00 2.000e+00 2.000e+00 0.000e+00 1.000e+00
 1.000e+00 0.000e+00 1.000e+00 0.000e+00 1.000e+00 1.000e+00 1.000e+00
 1.000e+00 0.000e+00 0.000e+00 0.000e+00 0.000e+00 0.000e+00 0.000e+00
 2.000e+00 1.000e+00 0.000e+00 0.000e+00 0.000e+00 0.000e+00]
552000 loops cons: [1.499e+03 4.860e+02 1.950e+02 9.800e+01 7.100e+01 4.600e+01 3.700e+01
 1.800e+01 2.100e+01 1.300e+01 6.000e+00 5.000e+00 7.000e+00 8.000e+00
 2.000e+00 4.000e+00 7.000e+00 4.000e+00 4.000e+00 4.000e+00 1.000e+00
 2.000e+00 1.000e+00 2.000e+00 2.000e+00 2.000e+00 0.000e+00 1.000e+00
 1.000e+00 0.000e+00 1.000e+00 0.000e+00 1.000e+00 1.000e+00 1.000e+00
 1.000e+00 0.000e+00 0.000e+00 0.000e+00 0.000e+00 0.000e+00 0.000e+00
 2.000e+00 1.000e+00 0.000e+00 0.000e+00 0.000e+00 0.000e+00]
556800 loops cons: [1.516e+03 4.910e+02 1.950e+02 9.800e+01 7.100e+01 4.900e+01 3.700e+01
 1.900e+01 2.100e+01 1.300e+01 6.000e+00 5.000e+00 7.000e+00 8.000e+00
 2.000e+00 4.000e+00 7.000e+00 4.000e+00 4.000e+00 4.000e+00 1.000e+00
 2.000e+00 1.000e+00 2.000e+00 2.000e+00 2.000e+00 0.000e+00 1.000e+00
 1.000e+00 0.000e+00 1.000e+00 0.000e+00 1.000e+00 1.000e+00 1.000e+00
 1.000e+00 0.000e+00 0.000e+00 0.000e+00 0.000e+00 0.000e+00 0.000e+00
 2.000e+00 1.000e+00 0.000e+00 0.000e+00 0.000e+00 0.000e+00]
561600 loops cons: [1.531e+03 4.940e+02 1.980e+02 9.800e+01 7.200e+01 4.900e+01 3.700e+01
 1.900e+01 2.100e+01 1.300e+01 6.000e+00 5.000e+00 7.000e+00 8.000e+00
 2.000e+00 5.000e+00 7.000e+00 4.000e+00 4.000e+00 4.000e+00 1.000e+00
 2.000e+00 1.000e+00 2.000e+00 2.000e+00 2.000e+00 0.000e+00 1.000e+00
 1.000e+00 0.000e+00 1.000e+00 0.000e+00 1.000e+00 1.000e+00 1.000e+00
 1.000e+00 0.000e+00 0.000e+00 0.000e+00 0.000e+00 0.000e+00 0.000e+00
 2.000e+00 1.000e+00 0.000e+00 0.000e+00 0.000e+00 0.000e+00]
566400 loops cons: [1.541e+03 4.960e+02 2.010e+02 9.900e+01 7.200e+01 5.000e+01 3.700e+01
 1.900e+01 2.100e+01 1.300e+01 6.000e+00 5.000e+00 7.000e+00 8.000e+00
 2.000e+00 5.000e+00 7.000e+00 4.000e+00 4.000e+00 4.000e+00 1.000e+00
 2.000e+00 1.000e+00 2.000e+00 2.000e+00 2.000e+00 0.000e+00 1.000e+00
 1.000e+00 0.000e+00 1.000e+00 0.000e+00 1.000e+00 1.000e+00 1.000e+00
 1.000e+00 0.000e+00 0.000e+00 0.000e+00 0.000e+00 0.000e+00 0.000e+00
 2.000e+00 1.000e+00 0.000e+00 0.000e+00 0.000e+00 0.000e+00]
571200 loops cons: [1.549e+03 5.000e+02 2.010e+02 9.900e+01 7.200e+01 5.100e+01 3.900e+01
 1.900e+01 2.100e+01 1.400e+01 6.000e+00 5.000e+00 7.000e+00 8.000e+00
 2.000e+00 5.000e+00 7.000e+00 4.000e+00 4.000e+00 4.000e+00 1.000e+00
 2.000e+00 2.000e+00 2.000e+00 2.000e+00 2.000e+00 0.000e+00 1.000e+00
 1.000e+00 0.000e+00 1.000e+00 0.000e+00 1.000e+00 1.000e+00 1.000e+00
 1.000e+00 0.000e+00 0.000e+00 0.000e+00 0.000e+00 0.000e+00 0.000e+00
 2.000e+00 1.000e+00 0.000e+00 0.000e+00 0.000e+00 0.000e+00]
576000 loops cons: [1.564e+03 5.030e+02 2.080e+02 1.000e+02 7.300e+01 5.100e+01 4.000e+01
 1.900e+01 2.100e+01 1.400e+01 6.000e+00 5.000e+00 7.000e+00 8.000e+00
 2.000e+00 5.000e+00 7.000e+00 4.000e+00 4.000e+00 4.000e+00 1.000e+00
 2.000e+00 2.000e+00 2.000e+00 2.000e+00 2.000e+00 0.000e+00 1.000e+00
 1.000e+00 0.000e+00 1.000e+00 0.000e+00 1.000e+00 1.000e+00 1.000e+00
 1.000e+00 0.000e+00 0.000e+00 0.000e+00 0.000e+00 0.000e+00 0.000e+00
 2.000e+00 1.000e+00 0.000e+00 0.000e+00 0.000e+00 0.000e+00]
580800 loops cons: [1.577e+03 5.070e+02 2.100e+02 1.000e+02 7.300e+01 5.200e+01 4.000e+01
 1.900e+01 2.100e+01 1.400e+01 6.000e+00 5.000e+00 7.000e+00 8.000e+00
 2.000e+00 5.000e+00 7.000e+00 4.000e+00 4.000e+00 4.000e+00 1.000e+00
 2.000e+00 2.000e+00 2.000e+00 2.000e+00 2.000e+00 0.000e+00 1.000e+00
 1.000e+00 0.000e+00 1.000e+00 0.000e+00 1.000e+00 1.000e+00 1.000e+00
 1.000e+00 0.000e+00 0.000e+00 0.000e+00 0.000e+00 0.000e+00 0.000e+00
 2.000e+00 1.000e+00 0.000e+00 0.000e+00 0.000e+00 0.000e+00]
585600 loops cons: [1.584e+03 5.090e+02 2.110e+02 1.010e+02 7.300e+01 5.200e+01 4.100e+01
 1.900e+01 2.100e+01 1.400e+01 6.000e+00 5.000e+00 7.000e+00 8.000e+00
 2.000e+00 5.000e+00 7.000e+00 4.000e+00 4.000e+00 4.000e+00 1.000e+00
 2.000e+00 2.000e+00 2.000e+00 2.000e+00 2.000e+00 0.000e+00 1.000e+00
 1.000e+00 0.000e+00 1.000e+00 0.000e+00 1.000e+00 1.000e+00 1.000e+00
 1.000e+00 0.000e+00 0.000e+00 0.000e+00 0.000e+00 0.000e+00 0.000e+00
 2.000e+00 1.000e+00 0.000e+00 0.000e+00 0.000e+00 0.000e+00]
590400 loops cons: [1.595e+03 5.150e+02 2.120e+02 1.020e+02 7.300e+01 5.300e+01 4.100e+01
 1.900e+01 2.100e+01 1.400e+01 6.000e+00 5.000e+00 7.000e+00 8.000e+00
 2.000e+00 5.000e+00 7.000e+00 4.000e+00 4.000e+00 4.000e+00 1.000e+00
 2.000e+00 2.000e+00 2.000e+00 2.000e+00 2.000e+00 0.000e+00 1.000e+00
 1.000e+00 0.000e+00 1.000e+00 0.000e+00 1.000e+00 1.000e+00 1.000e+00
 1.000e+00 0.000e+00 0.000e+00 0.000e+00 0.000e+00 0.000e+00 0.000e+00
 2.000e+00 1.000e+00 0.000e+00 0.000e+00 0.000e+00 0.000e+00]
595200 loops cons: [1.613e+03 5.150e+02 2.130e+02 1.070e+02 7.300e+01 5.400e+01 4.100e+01
 1.900e+01 2.100e+01 1.400e+01 6.000e+00 5.000e+00 7.000e+00 8.000e+00
 2.000e+00 5.000e+00 7.000e+00 4.000e+00 4.000e+00 4.000e+00 1.000e+00
 2.000e+00 2.000e+00 2.000e+00 2.000e+00 2.000e+00 0.000e+00 1.000e+00
 1.000e+00 0.000e+00 1.000e+00 0.000e+00 1.000e+00 1.000e+00 1.000e+00
 1.000e+00 0.000e+00 0.000e+00 0.000e+00 0.000e+00 0.000e+00 0.000e+00
 2.000e+00 1.000e+00 0.000e+00 0.000e+00 0.000e+00 0.000e+00]
600000 loops cons: [1.625e+03 5.190e+02 2.150e+02 1.070e+02 7.300e+01 5.700e+01 4.100e+01
 1.900e+01 2.100e+01 1.600e+01 6.000e+00 5.000e+00 7.000e+00 8.000e+00
 2.000e+00 5.000e+00 7.000e+00 4.000e+00 4.000e+00 4.000e+00 1.000e+00
 2.000e+00 2.000e+00 2.000e+00 2.000e+00 2.000e+00 0.000e+00 1.000e+00
 1.000e+00 0.000e+00 1.000e+00 0.000e+00 1.000e+00 1.000e+00 1.000e+00
 1.000e+00 0.000e+00 0.000e+00 0.000e+00 0.000e+00 0.000e+00 0.000e+00
 2.000e+00 1.000e+00 0.000e+00 0.000e+00 0.000e+00 0.000e+00]
604800 loops cons: [1.638e+03 5.240e+02 2.170e+02 1.100e+02 7.300e+01 5.700e+01 4.200e+01
 1.900e+01 2.100e+01 1.600e+01 6.000e+00 5.000e+00 7.000e+00 8.000e+00
 2.000e+00 5.000e+00 7.000e+00 4.000e+00 4.000e+00 4.000e+00 1.000e+00
 2.000e+00 3.000e+00 2.000e+00 2.000e+00 2.000e+00 0.000e+00 1.000e+00
 1.000e+00 0.000e+00 1.000e+00 0.000e+00 1.000e+00 1.000e+00 1.000e+00
 1.000e+00 0.000e+00 0.000e+00 0.000e+00 0.000e+00 0.000e+00 0.000e+00
 2.000e+00 1.000e+00 0.000e+00 0.000e+00 0.000e+00 0.000e+00]
609600 loops cons: [1.661e+03 5.310e+02 2.200e+02 1.110e+02 7.400e+01 5.800e+01 4.300e+01
 1.900e+01 2.100e+01 1.600e+01 6.000e+00 6.000e+00 7.000e+00 8.000e+00
 2.000e+00 5.000e+00 7.000e+00 4.000e+00 4.000e+00 4.000e+00 1.000e+00
 2.000e+00 3.000e+00 2.000e+00 2.000e+00 2.000e+00 0.000e+00 1.000e+00
 1.000e+00 0.000e+00 1.000e+00 0.000e+00 1.000e+00 1.000e+00 1.000e+00
 1.000e+00 0.000e+00 0.000e+00 0.000e+00 0.000e+00 0.000e+00 0.000e+00
 2.000e+00 1.000e+00 0.000e+00 0.000e+00 0.000e+00 0.000e+00]
614400 loops cons: [1.678e+03 5.340e+02 2.220e+02 1.120e+02 7.400e+01 5.800e+01 4.400e+01
 2.000e+01 2.100e+01 1.600e+01 6.000e+00 7.000e+00 7.000e+00 8.000e+00
 3.000e+00 5.000e+00 7.000e+00 4.000e+00 4.000e+00 4.000e+00 1.000e+00
 2.000e+00 3.000e+00 2.000e+00 2.000e+00 2.000e+00 1.000e+00 1.000e+00
 1.000e+00 0.000e+00 1.000e+00 0.000e+00 1.000e+00 1.000e+00 1.000e+00
 1.000e+00 0.000e+00 0.000e+00 0.000e+00 0.000e+00 0.000e+00 0.000e+00
 2.000e+00 1.000e+00 0.000e+00 0.000e+00 0.000e+00 0.000e+00]
619200 loops cons: [1.685e+03 5.370e+02 2.250e+02 1.130e+02 7.400e+01 5.800e+01 4.400e+01
 2.000e+01 2.100e+01 1.600e+01 6.000e+00 7.000e+00 8.000e+00 8.000e+00
 3.000e+00 5.000e+00 7.000e+00 4.000e+00 4.000e+00 4.000e+00 1.000e+00
 2.000e+00 3.000e+00 2.000e+00 2.000e+00 2.000e+00 1.000e+00 1.000e+00
 1.000e+00 0.000e+00 1.000e+00 0.000e+00 1.000e+00 1.000e+00 1.000e+00
 1.000e+00 0.000e+00 0.000e+00 0.000e+00 0.000e+00 0.000e+00 0.000e+00
 2.000e+00 1.000e+00 0.000e+00 0.000e+00 0.000e+00 0.000e+00]
624000 loops cons: [1.702e+03 5.430e+02 2.250e+02 1.140e+02 7.700e+01 5.900e+01 4.400e+01
 2.000e+01 2.200e+01 1.600e+01 6.000e+00 7.000e+00 8.000e+00 8.000e+00
 3.000e+00 5.000e+00 7.000e+00 4.000e+00 4.000e+00 4.000e+00 1.000e+00
 2.000e+00 3.000e+00 2.000e+00 2.000e+00 2.000e+00 1.000e+00 1.000e+00
 1.000e+00 0.000e+00 1.000e+00 0.000e+00 1.000e+00 1.000e+00 1.000e+00
 1.000e+00 0.000e+00 0.000e+00 0.000e+00 0.000e+00 0.000e+00 0.000e+00
 2.000e+00 1.000e+00 0.000e+00 0.000e+00 0.000e+00 0.000e+00]
628800 loops cons: [1.715e+03 5.460e+02 2.250e+02 1.140e+02 7.800e+01 5.900e+01 4.400e+01
 2.000e+01 2.200e+01 1.600e+01 6.000e+00 7.000e+00 8.000e+00 8.000e+00
 3.000e+00 5.000e+00 7.000e+00 4.000e+00 4.000e+00 4.000e+00 1.000e+00
 2.000e+00 3.000e+00 2.000e+00 2.000e+00 2.000e+00 1.000e+00 1.000e+00
 1.000e+00 0.000e+00 1.000e+00 0.000e+00 1.000e+00 1.000e+00 1.000e+00
 1.000e+00 0.000e+00 0.000e+00 0.000e+00 0.000e+00 0.000e+00 1.000e+00
 2.000e+00 1.000e+00 0.000e+00 0.000e+00 0.000e+00 0.000e+00]
633600 loops cons: [1.726e+03 5.490e+02 2.260e+02 1.160e+02 7.800e+01 5.900e+01 4.500e+01
 2.000e+01 2.200e+01 1.600e+01 6.000e+00 7.000e+00 8.000e+00 8.000e+00
 3.000e+00 5.000e+00 7.000e+00 4.000e+00 5.000e+00 4.000e+00 1.000e+00
 2.000e+00 3.000e+00 2.000e+00 2.000e+00 2.000e+00 1.000e+00 1.000e+00
 1.000e+00 0.000e+00 1.000e+00 0.000e+00 1.000e+00 1.000e+00 1.000e+00
 1.000e+00 0.000e+00 0.000e+00 0.000e+00 0.000e+00 0.000e+00 1.000e+00
 2.000e+00 1.000e+00 0.000e+00 0.000e+00 0.000e+00 0.000e+00]
638400 loops cons: [1.745e+03 5.530e+02 2.260e+02 1.170e+02 7.800e+01 6.000e+01 4.500e+01
 2.100e+01 2.200e+01 1.600e+01 6.000e+00 7.000e+00 8.000e+00 8.000e+00
 3.000e+00 5.000e+00 7.000e+00 4.000e+00 5.000e+00 4.000e+00 1.000e+00
 2.000e+00 3.000e+00 2.000e+00 2.000e+00 2.000e+00 1.000e+00 1.000e+00
 1.000e+00 0.000e+00 1.000e+00 0.000e+00 1.000e+00 1.000e+00 1.000e+00
 1.000e+00 0.000e+00 0.000e+00 0.000e+00 0.000e+00 0.000e+00 1.000e+00
 2.000e+00 1.000e+00 0.000e+00 0.000e+00 0.000e+00 0.000e+00]
643200 loops cons: [1.756e+03 5.560e+02 2.260e+02 1.180e+02 7.800e+01 6.000e+01 4.500e+01
 2.100e+01 2.200e+01 1.600e+01 7.000e+00 7.000e+00 8.000e+00 8.000e+00
 3.000e+00 5.000e+00 7.000e+00 4.000e+00 5.000e+00 4.000e+00 1.000e+00
 2.000e+00 3.000e+00 2.000e+00 2.000e+00 2.000e+00 1.000e+00 1.000e+00
 1.000e+00 0.000e+00 1.000e+00 0.000e+00 1.000e+00 1.000e+00 1.000e+00
 1.000e+00 0.000e+00 0.000e+00 0.000e+00 0.000e+00 0.000e+00 1.000e+00
 2.000e+00 1.000e+00 0.000e+00 0.000e+00 0.000e+00 0.000e+00]
648000 loops cons: [1.768e+03 5.600e+02 2.270e+02 1.210e+02 7.900e+01 6.000e+01 4.500e+01
 2.100e+01 2.200e+01 1.600e+01 7.000e+00 7.000e+00 8.000e+00 8.000e+00
 3.000e+00 5.000e+00 7.000e+00 4.000e+00 5.000e+00 4.000e+00 1.000e+00
 2.000e+00 3.000e+00 2.000e+00 2.000e+00 2.000e+00 1.000e+00 1.000e+00
 1.000e+00 0.000e+00 1.000e+00 0.000e+00 1.000e+00 1.000e+00 1.000e+00
 1.000e+00 0.000e+00 0.000e+00 0.000e+00 0.000e+00 0.000e+00 1.000e+00
 2.000e+00 1.000e+00 0.000e+00 0.000e+00 0.000e+00 0.000e+00]
652800 loops cons: [1.786e+03 5.620e+02 2.300e+02 1.220e+02 8.000e+01 6.000e+01 4.500e+01
 2.100e+01 2.200e+01 1.700e+01 7.000e+00 7.000e+00 9.000e+00 8.000e+00
 3.000e+00 5.000e+00 7.000e+00 5.000e+00 5.000e+00 4.000e+00 1.000e+00
 2.000e+00 3.000e+00 2.000e+00 2.000e+00 2.000e+00 1.000e+00 1.000e+00
 1.000e+00 0.000e+00 1.000e+00 0.000e+00 1.000e+00 1.000e+00 1.000e+00
 1.000e+00 0.000e+00 0.000e+00 0.000e+00 0.000e+00 0.000e+00 1.000e+00
 2.000e+00 1.000e+00 0.000e+00 0.000e+00 0.000e+00 0.000e+00]
657600 loops cons: [1.797e+03 5.640e+02 2.310e+02 1.230e+02 8.200e+01 6.100e+01 4.500e+01
 2.100e+01 2.200e+01 1.700e+01 7.000e+00 7.000e+00 9.000e+00 8.000e+00
 3.000e+00 5.000e+00 7.000e+00 5.000e+00 5.000e+00 4.000e+00 1.000e+00
 2.000e+00 3.000e+00 2.000e+00 2.000e+00 2.000e+00 1.000e+00 1.000e+00
 1.000e+00 0.000e+00 1.000e+00 0.000e+00 1.000e+00 1.000e+00 1.000e+00
 1.000e+00 0.000e+00 0.000e+00 0.000e+00 0.000e+00 0.000e+00 1.000e+00
 2.000e+00 1.000e+00 0.000e+00 0.000e+00 0.000e+00 0.000e+00]
662400 loops cons: [1.809e+03 5.720e+02 2.310e+02 1.240e+02 8.400e+01 6.200e+01 4.500e+01
 2.100e+01 2.200e+01 1.700e+01 7.000e+00 7.000e+00 9.000e+00 8.000e+00
 3.000e+00 5.000e+00 7.000e+00 5.000e+00 5.000e+00 4.000e+00 1.000e+00
 2.000e+00 3.000e+00 2.000e+00 2.000e+00 2.000e+00 1.000e+00 1.000e+00
 1.000e+00 0.000e+00 1.000e+00 0.000e+00 1.000e+00 1.000e+00 1.000e+00
 1.000e+00 0.000e+00 0.000e+00 0.000e+00 0.000e+00 0.000e+00 1.000e+00
 2.000e+00 1.000e+00 0.000e+00 0.000e+00 0.000e+00 0.000e+00]
667200 loops cons: [1.824e+03 5.750e+02 2.320e+02 1.240e+02 8.400e+01 6.200e+01 4.500e+01
 2.100e+01 2.200e+01 1.700e+01 7.000e+00 7.000e+00 9.000e+00 8.000e+00
 3.000e+00 5.000e+00 7.000e+00 5.000e+00 5.000e+00 4.000e+00 1.000e+00
 2.000e+00 3.000e+00 2.000e+00 2.000e+00 2.000e+00 1.000e+00 1.000e+00
 1.000e+00 0.000e+00 1.000e+00 0.000e+00 1.000e+00 1.000e+00 1.000e+00
 1.000e+00 0.000e+00 0.000e+00 0.000e+00 0.000e+00 0.000e+00 1.000e+00
 2.000e+00 1.000e+00 0.000e+00 0.000e+00 0.000e+00 0.000e+00]
672000 loops cons: [1.836e+03 5.790e+02 2.340e+02 1.250e+02 8.400e+01 6.200e+01 4.500e+01
 2.100e+01 2.200e+01 1.700e+01 7.000e+00 7.000e+00 9.000e+00 8.000e+00
 3.000e+00 5.000e+00 7.000e+00 5.000e+00 5.000e+00 4.000e+00 1.000e+00
 2.000e+00 3.000e+00 2.000e+00 2.000e+00 2.000e+00 1.000e+00 1.000e+00
 1.000e+00 0.000e+00 1.000e+00 0.000e+00 1.000e+00 1.000e+00 1.000e+00
 1.000e+00 0.000e+00 0.000e+00 0.000e+00 0.000e+00 0.000e+00 1.000e+00
 2.000e+00 1.000e+00 0.000e+00 0.000e+00 0.000e+00 0.000e+00]
676800 loops cons: [1.848e+03 5.810e+02 2.370e+02 1.260e+02 8.600e+01 6.200e+01 4.500e+01
 2.200e+01 2.200e+01 1.700e+01 7.000e+00 7.000e+00 9.000e+00 8.000e+00
 3.000e+00 5.000e+00 7.000e+00 5.000e+00 5.000e+00 4.000e+00 1.000e+00
 2.000e+00 3.000e+00 2.000e+00 2.000e+00 2.000e+00 1.000e+00 1.000e+00
 1.000e+00 0.000e+00 1.000e+00 0.000e+00 1.000e+00 1.000e+00 1.000e+00
 1.000e+00 0.000e+00 0.000e+00 0.000e+00 0.000e+00 0.000e+00 1.000e+00
 2.000e+00 1.000e+00 0.000e+00 0.000e+00 0.000e+00 0.000e+00]
681600 loops cons: [1.863e+03 5.840e+02 2.390e+02 1.270e+02 8.800e+01 6.300e+01 4.500e+01
 2.300e+01 2.200e+01 1.700e+01 7.000e+00 7.000e+00 9.000e+00 8.000e+00
 3.000e+00 5.000e+00 7.000e+00 5.000e+00 5.000e+00 4.000e+00 1.000e+00
 2.000e+00 3.000e+00 2.000e+00 2.000e+00 2.000e+00 1.000e+00 1.000e+00
 1.000e+00 0.000e+00 1.000e+00 0.000e+00 1.000e+00 1.000e+00 1.000e+00
 1.000e+00 0.000e+00 0.000e+00 0.000e+00 0.000e+00 0.000e+00 1.000e+00
 2.000e+00 1.000e+00 0.000e+00 0.000e+00 0.000e+00 0.000e+00]
686400 loops cons: [1.87e+03 5.91e+02 2.41e+02 1.27e+02 9.00e+01 6.30e+01 4.50e+01 2.30e+01
 2.20e+01 1.70e+01 7.00e+00 7.00e+00 9.00e+00 8.00e+00 3.00e+00 5.00e+00
 7.00e+00 5.00e+00 5.00e+00 4.00e+00 1.00e+00 2.00e+00 3.00e+00 2.00e+00
 2.00e+00 2.00e+00 1.00e+00 1.00e+00 1.00e+00 0.00e+00 1.00e+00 0.00e+00
 1.00e+00 1.00e+00 1.00e+00 1.00e+00 0.00e+00 0.00e+00 0.00e+00 0.00e+00
 0.00e+00 1.00e+00 2.00e+00 1.00e+00 0.00e+00 0.00e+00 0.00e+00 0.00e+00]
691200 loops cons: [1.885e+03 5.950e+02 2.440e+02 1.270e+02 9.100e+01 6.300e+01 4.500e+01
 2.300e+01 2.200e+01 1.700e+01 7.000e+00 7.000e+00 9.000e+00 8.000e+00
 3.000e+00 5.000e+00 7.000e+00 5.000e+00 5.000e+00 4.000e+00 1.000e+00
 2.000e+00 3.000e+00 2.000e+00 2.000e+00 2.000e+00 1.000e+00 1.000e+00
 1.000e+00 0.000e+00 1.000e+00 0.000e+00 1.000e+00 1.000e+00 1.000e+00
 1.000e+00 0.000e+00 0.000e+00 0.000e+00 0.000e+00 0.000e+00 1.000e+00
 2.000e+00 1.000e+00 0.000e+00 0.000e+00 0.000e+00 0.000e+00]
696000 loops cons: [1.893e+03 6.000e+02 2.450e+02 1.270e+02 9.100e+01 6.300e+01 4.500e+01
 2.300e+01 2.200e+01 1.700e+01 7.000e+00 7.000e+00 9.000e+00 8.000e+00
 3.000e+00 5.000e+00 7.000e+00 5.000e+00 5.000e+00 4.000e+00 1.000e+00
 2.000e+00 3.000e+00 2.000e+00 2.000e+00 2.000e+00 1.000e+00 1.000e+00
 1.000e+00 0.000e+00 1.000e+00 0.000e+00 1.000e+00 1.000e+00 1.000e+00
 1.000e+00 0.000e+00 0.000e+00 0.000e+00 0.000e+00 0.000e+00 1.000e+00
 2.000e+00 1.000e+00 0.000e+00 0.000e+00 0.000e+00 0.000e+00]
700800 loops cons: [1.907e+03 6.050e+02 2.460e+02 1.290e+02 9.100e+01 6.300e+01 4.500e+01
 2.300e+01 2.200e+01 1.700e+01 7.000e+00 7.000e+00 9.000e+00 8.000e+00
 3.000e+00 5.000e+00 7.000e+00 5.000e+00 5.000e+00 4.000e+00 1.000e+00
 2.000e+00 3.000e+00 2.000e+00 2.000e+00 2.000e+00 1.000e+00 1.000e+00
 1.000e+00 1.000e+00 1.000e+00 0.000e+00 1.000e+00 1.000e+00 1.000e+00
 1.000e+00 0.000e+00 0.000e+00 0.000e+00 0.000e+00 0.000e+00 1.000e+00
 2.000e+00 1.000e+00 0.000e+00 0.000e+00 0.000e+00 0.000e+00]
705600 loops cons: [1.918e+03 6.110e+02 2.480e+02 1.290e+02 9.200e+01 6.300e+01 4.500e+01
 2.300e+01 2.200e+01 1.700e+01 7.000e+00 7.000e+00 9.000e+00 8.000e+00
 3.000e+00 5.000e+00 7.000e+00 5.000e+00 5.000e+00 5.000e+00 1.000e+00
 2.000e+00 3.000e+00 2.000e+00 2.000e+00 2.000e+00 1.000e+00 1.000e+00
 1.000e+00 1.000e+00 1.000e+00 0.000e+00 1.000e+00 1.000e+00 1.000e+00
 1.000e+00 0.000e+00 0.000e+00 0.000e+00 0.000e+00 0.000e+00 1.000e+00
 2.000e+00 1.000e+00 0.000e+00 0.000e+00 0.000e+00 0.000e+00]
710400 loops cons: [1.928e+03 6.160e+02 2.480e+02 1.320e+02 9.200e+01 6.300e+01 4.500e+01
 2.300e+01 2.200e+01 1.700e+01 7.000e+00 7.000e+00 9.000e+00 8.000e+00
 3.000e+00 5.000e+00 7.000e+00 5.000e+00 5.000e+00 5.000e+00 1.000e+00
 2.000e+00 3.000e+00 2.000e+00 2.000e+00 3.000e+00 1.000e+00 1.000e+00
 1.000e+00 1.000e+00 1.000e+00 0.000e+00 1.000e+00 1.000e+00 1.000e+00
 1.000e+00 0.000e+00 0.000e+00 0.000e+00 0.000e+00 0.000e+00 1.000e+00
 2.000e+00 1.000e+00 0.000e+00 0.000e+00 0.000e+00 0.000e+00]
715200 loops cons: [1.941e+03 6.190e+02 2.490e+02 1.350e+02 9.200e+01 6.400e+01 4.600e+01
 2.300e+01 2.200e+01 1.700e+01 7.000e+00 7.000e+00 9.000e+00 8.000e+00
 3.000e+00 5.000e+00 7.000e+00 5.000e+00 5.000e+00 5.000e+00 1.000e+00
 2.000e+00 3.000e+00 2.000e+00 2.000e+00 3.000e+00 1.000e+00 1.000e+00
 1.000e+00 1.000e+00 1.000e+00 0.000e+00 1.000e+00 1.000e+00 1.000e+00
 1.000e+00 0.000e+00 0.000e+00 0.000e+00 0.000e+00 0.000e+00 1.000e+00
 2.000e+00 1.000e+00 0.000e+00 0.000e+00 0.000e+00 0.000e+00]
720000 loops cons: [1.952e+03 6.240e+02 2.500e+02 1.350e+02 9.300e+01 6.400e+01 4.600e+01
 2.300e+01 2.200e+01 1.700e+01 7.000e+00 7.000e+00 9.000e+00 8.000e+00
 3.000e+00 5.000e+00 7.000e+00 5.000e+00 5.000e+00 5.000e+00 1.000e+00
 2.000e+00 4.000e+00 2.000e+00 2.000e+00 3.000e+00 1.000e+00 1.000e+00
 1.000e+00 1.000e+00 1.000e+00 0.000e+00 1.000e+00 1.000e+00 1.000e+00
 1.000e+00 0.000e+00 0.000e+00 0.000e+00 0.000e+00 0.000e+00 1.000e+00
 2.000e+00 1.000e+00 0.000e+00 0.000e+00 0.000e+00 0.000e+00]
724800 loops cons: [1.967e+03 6.280e+02 2.510e+02 1.360e+02 9.400e+01 6.400e+01 4.600e+01
 2.300e+01 2.200e+01 1.700e+01 7.000e+00 7.000e+00 9.000e+00 8.000e+00
 4.000e+00 5.000e+00 7.000e+00 5.000e+00 5.000e+00 5.000e+00 1.000e+00
 2.000e+00 4.000e+00 2.000e+00 2.000e+00 3.000e+00 1.000e+00 1.000e+00
 1.000e+00 1.000e+00 1.000e+00 0.000e+00 1.000e+00 1.000e+00 1.000e+00
 1.000e+00 0.000e+00 0.000e+00 0.000e+00 0.000e+00 0.000e+00 1.000e+00
 2.000e+00 1.000e+00 0.000e+00 0.000e+00 0.000e+00 0.000e+00]
729600 loops cons: [1.976e+03 6.300e+02 2.530e+02 1.370e+02 9.400e+01 6.400e+01 4.600e+01
 2.300e+01 2.200e+01 1.700e+01 7.000e+00 7.000e+00 1.100e+01 8.000e+00
 4.000e+00 5.000e+00 7.000e+00 5.000e+00 5.000e+00 5.000e+00 1.000e+00
 2.000e+00 4.000e+00 2.000e+00 2.000e+00 3.000e+00 1.000e+00 1.000e+00
 1.000e+00 1.000e+00 1.000e+00 0.000e+00 1.000e+00 1.000e+00 1.000e+00
 1.000e+00 0.000e+00 0.000e+00 0.000e+00 0.000e+00 0.000e+00 1.000e+00
 2.000e+00 1.000e+00 0.000e+00 0.000e+00 0.000e+00 0.000e+00]
734400 loops cons: [1.991e+03 6.320e+02 2.580e+02 1.390e+02 9.500e+01 6.400e+01 4.600e+01
 2.300e+01 2.200e+01 1.700e+01 7.000e+00 7.000e+00 1.100e+01 8.000e+00
 4.000e+00 5.000e+00 7.000e+00 5.000e+00 5.000e+00 5.000e+00 1.000e+00
 2.000e+00 4.000e+00 2.000e+00 2.000e+00 3.000e+00 1.000e+00 1.000e+00
 1.000e+00 1.000e+00 1.000e+00 0.000e+00 1.000e+00 1.000e+00 1.000e+00
 1.000e+00 0.000e+00 0.000e+00 0.000e+00 0.000e+00 0.000e+00 1.000e+00
 2.000e+00 1.000e+00 0.000e+00 0.000e+00 0.000e+00 0.000e+00]
739200 loops cons: [2.002e+03 6.390e+02 2.630e+02 1.400e+02 9.500e+01 6.400e+01 4.600e+01
 2.300e+01 2.200e+01 1.800e+01 7.000e+00 7.000e+00 1.100e+01 8.000e+00
 4.000e+00 5.000e+00 7.000e+00 5.000e+00 5.000e+00 5.000e+00 1.000e+00
 2.000e+00 4.000e+00 2.000e+00 2.000e+00 3.000e+00 1.000e+00 1.000e+00
 1.000e+00 1.000e+00 1.000e+00 0.000e+00 1.000e+00 1.000e+00 1.000e+00
 1.000e+00 0.000e+00 0.000e+00 0.000e+00 0.000e+00 0.000e+00 1.000e+00
 2.000e+00 1.000e+00 0.000e+00 0.000e+00 0.000e+00 0.000e+00]
744000 loops cons: [2.011e+03 6.450e+02 2.630e+02 1.400e+02 9.600e+01 6.400e+01 4.600e+01
 2.300e+01 2.300e+01 1.800e+01 7.000e+00 7.000e+00 1.100e+01 8.000e+00
 4.000e+00 5.000e+00 7.000e+00 5.000e+00 5.000e+00 5.000e+00 1.000e+00
 2.000e+00 4.000e+00 2.000e+00 2.000e+00 3.000e+00 1.000e+00 1.000e+00
 1.000e+00 1.000e+00 1.000e+00 0.000e+00 1.000e+00 1.000e+00 1.000e+00
 1.000e+00 0.000e+00 0.000e+00 0.000e+00 0.000e+00 0.000e+00 1.000e+00
 2.000e+00 1.000e+00 0.000e+00 0.000e+00 0.000e+00 0.000e+00]
748800 loops cons: [2.024e+03 6.490e+02 2.650e+02 1.420e+02 9.700e+01 6.500e+01 4.600e+01
 2.400e+01 2.500e+01 1.800e+01 8.000e+00 7.000e+00 1.100e+01 8.000e+00
 4.000e+00 5.000e+00 7.000e+00 5.000e+00 5.000e+00 5.000e+00 1.000e+00
 2.000e+00 4.000e+00 2.000e+00 2.000e+00 3.000e+00 1.000e+00 1.000e+00
 1.000e+00 1.000e+00 1.000e+00 0.000e+00 1.000e+00 1.000e+00 1.000e+00
 1.000e+00 0.000e+00 0.000e+00 0.000e+00 0.000e+00 0.000e+00 1.000e+00
 2.000e+00 1.000e+00 0.000e+00 0.000e+00 0.000e+00 0.000e+00]
753600 loops cons: [2.036e+03 6.530e+02 2.680e+02 1.430e+02 9.800e+01 6.600e+01 4.600e+01
 2.400e+01 2.500e+01 1.800e+01 8.000e+00 7.000e+00 1.100e+01 8.000e+00
 4.000e+00 5.000e+00 7.000e+00 5.000e+00 5.000e+00 5.000e+00 1.000e+00
 2.000e+00 4.000e+00 2.000e+00 2.000e+00 3.000e+00 1.000e+00 1.000e+00
 1.000e+00 1.000e+00 1.000e+00 0.000e+00 1.000e+00 1.000e+00 1.000e+00
 1.000e+00 0.000e+00 0.000e+00 0.000e+00 0.000e+00 0.000e+00 1.000e+00
 2.000e+00 1.000e+00 0.000e+00 0.000e+00 0.000e+00 0.000e+00]
758400 loops cons: [2.052e+03 6.580e+02 2.700e+02 1.440e+02 9.800e+01 6.600e+01 4.600e+01
 2.500e+01 2.500e+01 1.800e+01 8.000e+00 7.000e+00 1.100e+01 9.000e+00
 4.000e+00 5.000e+00 7.000e+00 6.000e+00 5.000e+00 5.000e+00 1.000e+00
 2.000e+00 4.000e+00 2.000e+00 2.000e+00 3.000e+00 1.000e+00 1.000e+00
 1.000e+00 1.000e+00 1.000e+00 0.000e+00 1.000e+00 1.000e+00 1.000e+00
 1.000e+00 0.000e+00 0.000e+00 0.000e+00 0.000e+00 0.000e+00 1.000e+00
 2.000e+00 1.000e+00 0.000e+00 0.000e+00 0.000e+00 0.000e+00]
763200 loops cons: [2.061e+03 6.630e+02 2.710e+02 1.440e+02 9.800e+01 6.600e+01 4.600e+01
 2.500e+01 2.500e+01 1.800e+01 8.000e+00 8.000e+00 1.100e+01 9.000e+00
 4.000e+00 5.000e+00 7.000e+00 6.000e+00 5.000e+00 5.000e+00 1.000e+00
 2.000e+00 4.000e+00 2.000e+00 2.000e+00 3.000e+00 1.000e+00 1.000e+00
 1.000e+00 1.000e+00 1.000e+00 0.000e+00 1.000e+00 1.000e+00 1.000e+00
 1.000e+00 0.000e+00 0.000e+00 0.000e+00 0.000e+00 0.000e+00 1.000e+00
 2.000e+00 1.000e+00 0.000e+00 0.000e+00 0.000e+00 0.000e+00]
768000 loops cons: [2.081e+03 6.660e+02 2.720e+02 1.450e+02 1.000e+02 6.600e+01 4.600e+01
 2.500e+01 2.500e+01 1.800e+01 8.000e+00 8.000e+00 1.100e+01 9.000e+00
 4.000e+00 5.000e+00 7.000e+00 6.000e+00 5.000e+00 5.000e+00 1.000e+00
 2.000e+00 4.000e+00 2.000e+00 2.000e+00 3.000e+00 1.000e+00 1.000e+00
 1.000e+00 1.000e+00 1.000e+00 0.000e+00 1.000e+00 1.000e+00 1.000e+00
 1.000e+00 0.000e+00 0.000e+00 0.000e+00 0.000e+00 0.000e+00 1.000e+00
 2.000e+00 1.000e+00 0.000e+00 0.000e+00 0.000e+00 0.000e+00]
772800 loops cons: [2.098e+03 6.690e+02 2.740e+02 1.470e+02 1.000e+02 6.600e+01 4.800e+01
 2.500e+01 2.500e+01 1.800e+01 8.000e+00 8.000e+00 1.100e+01 9.000e+00
 4.000e+00 5.000e+00 7.000e+00 6.000e+00 5.000e+00 6.000e+00 1.000e+00
 2.000e+00 4.000e+00 2.000e+00 2.000e+00 3.000e+00 1.000e+00 1.000e+00
 1.000e+00 1.000e+00 1.000e+00 0.000e+00 1.000e+00 1.000e+00 1.000e+00
 1.000e+00 0.000e+00 0.000e+00 0.000e+00 0.000e+00 0.000e+00 1.000e+00
 2.000e+00 1.000e+00 0.000e+00 0.000e+00 0.000e+00 0.000e+00]
777600 loops cons: [2.111e+03 6.690e+02 2.770e+02 1.490e+02 1.010e+02 6.600e+01 4.800e+01
 2.500e+01 2.600e+01 1.800e+01 8.000e+00 8.000e+00 1.100e+01 9.000e+00
 4.000e+00 5.000e+00 7.000e+00 6.000e+00 5.000e+00 6.000e+00 2.000e+00
 2.000e+00 4.000e+00 2.000e+00 2.000e+00 3.000e+00 1.000e+00 1.000e+00
 1.000e+00 1.000e+00 1.000e+00 0.000e+00 1.000e+00 1.000e+00 1.000e+00
 1.000e+00 0.000e+00 0.000e+00 0.000e+00 0.000e+00 0.000e+00 1.000e+00
 2.000e+00 1.000e+00 0.000e+00 0.000e+00 0.000e+00 0.000e+00]
782400 loops cons: [2.124e+03 6.740e+02 2.770e+02 1.490e+02 1.010e+02 6.600e+01 4.800e+01
 2.600e+01 2.600e+01 1.800e+01 9.000e+00 8.000e+00 1.100e+01 9.000e+00
 4.000e+00 5.000e+00 7.000e+00 6.000e+00 5.000e+00 6.000e+00 2.000e+00
 2.000e+00 4.000e+00 2.000e+00 2.000e+00 3.000e+00 1.000e+00 1.000e+00
 1.000e+00 1.000e+00 1.000e+00 0.000e+00 1.000e+00 1.000e+00 1.000e+00
 1.000e+00 0.000e+00 0.000e+00 0.000e+00 0.000e+00 0.000e+00 1.000e+00
 2.000e+00 1.000e+00 0.000e+00 0.000e+00 0.000e+00 0.000e+00]
787200 loops cons: [2.14e+03 6.79e+02 2.79e+02 1.49e+02 1.01e+02 6.60e+01 4.80e+01 2.70e+01
 2.60e+01 1.80e+01 9.00e+00 8.00e+00 1.10e+01 9.00e+00 4.00e+00 5.00e+00
 7.00e+00 6.00e+00 5.00e+00 6.00e+00 2.00e+00 2.00e+00 4.00e+00 2.00e+00
 2.00e+00 3.00e+00 1.00e+00 1.00e+00 1.00e+00 1.00e+00 1.00e+00 0.00e+00
 1.00e+00 1.00e+00 1.00e+00 1.00e+00 0.00e+00 0.00e+00 0.00e+00 0.00e+00
 0.00e+00 1.00e+00 2.00e+00 1.00e+00 0.00e+00 0.00e+00 0.00e+00 0.00e+00]
792000 loops cons: [2.154e+03 6.840e+02 2.820e+02 1.490e+02 1.010e+02 6.600e+01 4.800e+01
 2.700e+01 2.600e+01 1.800e+01 9.000e+00 8.000e+00 1.200e+01 1.000e+01
 4.000e+00 5.000e+00 7.000e+00 6.000e+00 5.000e+00 6.000e+00 2.000e+00
 2.000e+00 4.000e+00 2.000e+00 2.000e+00 3.000e+00 1.000e+00 1.000e+00
 1.000e+00 1.000e+00 1.000e+00 0.000e+00 1.000e+00 1.000e+00 1.000e+00
 1.000e+00 0.000e+00 0.000e+00 0.000e+00 0.000e+00 0.000e+00 1.000e+00
 2.000e+00 1.000e+00 0.000e+00 0.000e+00 0.000e+00 0.000e+00]
796800 loops cons: [2.161e+03 6.860e+02 2.830e+02 1.500e+02 1.020e+02 6.700e+01 4.800e+01
 2.700e+01 2.600e+01 1.800e+01 1.000e+01 1.000e+01 1.200e+01 1.000e+01
 4.000e+00 5.000e+00 7.000e+00 6.000e+00 5.000e+00 6.000e+00 2.000e+00
 2.000e+00 4.000e+00 2.000e+00 2.000e+00 3.000e+00 1.000e+00 1.000e+00
 1.000e+00 1.000e+00 1.000e+00 0.000e+00 1.000e+00 1.000e+00 1.000e+00
 1.000e+00 0.000e+00 0.000e+00 1.000e+00 0.000e+00 0.000e+00 1.000e+00
 2.000e+00 1.000e+00 0.000e+00 0.000e+00 0.000e+00 0.000e+00]
801600 loops cons: [2.171e+03 6.900e+02 2.840e+02 1.510e+02 1.030e+02 6.700e+01 4.800e+01
 2.700e+01 2.600e+01 1.800e+01 1.000e+01 1.000e+01 1.200e+01 1.000e+01
 4.000e+00 5.000e+00 7.000e+00 6.000e+00 5.000e+00 6.000e+00 2.000e+00
 2.000e+00 4.000e+00 2.000e+00 2.000e+00 3.000e+00 1.000e+00 1.000e+00
 1.000e+00 1.000e+00 1.000e+00 0.000e+00 1.000e+00 1.000e+00 1.000e+00
 1.000e+00 0.000e+00 0.000e+00 1.000e+00 0.000e+00 0.000e+00 1.000e+00
 2.000e+00 1.000e+00 0.000e+00 0.000e+00 0.000e+00 0.000e+00]
806400 loops cons: [2.189e+03 6.960e+02 2.860e+02 1.520e+02 1.030e+02 6.700e+01 4.800e+01
 2.700e+01 2.600e+01 1.800e+01 1.000e+01 1.000e+01 1.200e+01 1.000e+01
 4.000e+00 5.000e+00 7.000e+00 6.000e+00 5.000e+00 6.000e+00 2.000e+00
 2.000e+00 4.000e+00 2.000e+00 2.000e+00 3.000e+00 1.000e+00 1.000e+00
 1.000e+00 1.000e+00 1.000e+00 0.000e+00 1.000e+00 1.000e+00 1.000e+00
 1.000e+00 0.000e+00 0.000e+00 1.000e+00 0.000e+00 0.000e+00 1.000e+00
 2.000e+00 1.000e+00 0.000e+00 0.000e+00 0.000e+00 0.000e+00]
811200 loops cons: [2.199e+03 7.010e+02 2.880e+02 1.530e+02 1.030e+02 6.700e+01 4.800e+01
 2.900e+01 2.600e+01 1.800e+01 1.000e+01 1.100e+01 1.200e+01 1.000e+01
 4.000e+00 5.000e+00 7.000e+00 6.000e+00 5.000e+00 6.000e+00 2.000e+00
 2.000e+00 4.000e+00 2.000e+00 2.000e+00 3.000e+00 1.000e+00 1.000e+00
 1.000e+00 1.000e+00 1.000e+00 0.000e+00 1.000e+00 1.000e+00 1.000e+00
 1.000e+00 0.000e+00 0.000e+00 1.000e+00 0.000e+00 0.000e+00 1.000e+00
 2.000e+00 1.000e+00 0.000e+00 0.000e+00 0.000e+00 0.000e+00]
816000 loops cons: [2.212e+03 7.030e+02 2.900e+02 1.540e+02 1.030e+02 6.700e+01 4.800e+01
 2.900e+01 2.600e+01 1.900e+01 1.000e+01 1.100e+01 1.200e+01 1.100e+01
 4.000e+00 5.000e+00 7.000e+00 6.000e+00 5.000e+00 7.000e+00 2.000e+00
 2.000e+00 4.000e+00 2.000e+00 2.000e+00 3.000e+00 1.000e+00 1.000e+00
 1.000e+00 1.000e+00 1.000e+00 0.000e+00 1.000e+00 1.000e+00 1.000e+00
 1.000e+00 0.000e+00 0.000e+00 1.000e+00 0.000e+00 0.000e+00 1.000e+00
 2.000e+00 1.000e+00 0.000e+00 0.000e+00 0.000e+00 0.000e+00]
820800 loops cons: [2.225e+03 7.060e+02 2.930e+02 1.560e+02 1.030e+02 6.700e+01 4.800e+01
 2.900e+01 2.600e+01 1.900e+01 1.000e+01 1.100e+01 1.200e+01 1.200e+01
 4.000e+00 5.000e+00 7.000e+00 6.000e+00 5.000e+00 7.000e+00 2.000e+00
 2.000e+00 4.000e+00 2.000e+00 2.000e+00 3.000e+00 1.000e+00 1.000e+00
 1.000e+00 1.000e+00 1.000e+00 0.000e+00 1.000e+00 1.000e+00 1.000e+00
 1.000e+00 0.000e+00 0.000e+00 1.000e+00 0.000e+00 0.000e+00 1.000e+00
 2.000e+00 1.000e+00 0.000e+00 0.000e+00 0.000e+00 0.000e+00]
825600 loops cons: [2.239e+03 7.160e+02 2.930e+02 1.580e+02 1.040e+02 6.700e+01 4.800e+01
 2.900e+01 2.600e+01 1.900e+01 1.000e+01 1.100e+01 1.200e+01 1.200e+01
 4.000e+00 5.000e+00 7.000e+00 6.000e+00 5.000e+00 7.000e+00 2.000e+00
 2.000e+00 4.000e+00 2.000e+00 2.000e+00 3.000e+00 1.000e+00 1.000e+00
 1.000e+00 1.000e+00 1.000e+00 0.000e+00 1.000e+00 1.000e+00 1.000e+00
 1.000e+00 0.000e+00 0.000e+00 1.000e+00 0.000e+00 0.000e+00 1.000e+00
 2.000e+00 1.000e+00 0.000e+00 0.000e+00 0.000e+00 0.000e+00]
830400 loops cons: [2.251e+03 7.210e+02 2.930e+02 1.580e+02 1.040e+02 6.900e+01 4.800e+01
 2.900e+01 2.700e+01 1.900e+01 1.000e+01 1.100e+01 1.200e+01 1.200e+01
 4.000e+00 5.000e+00 7.000e+00 6.000e+00 5.000e+00 7.000e+00 2.000e+00
 2.000e+00 4.000e+00 2.000e+00 2.000e+00 3.000e+00 1.000e+00 1.000e+00
 1.000e+00 1.000e+00 1.000e+00 0.000e+00 1.000e+00 1.000e+00 1.000e+00
 1.000e+00 0.000e+00 0.000e+00 1.000e+00 0.000e+00 0.000e+00 1.000e+00
 2.000e+00 1.000e+00 0.000e+00 0.000e+00 0.000e+00 0.000e+00]
835200 loops cons: [2.263e+03 7.260e+02 2.960e+02 1.590e+02 1.040e+02 7.000e+01 4.900e+01
 2.900e+01 2.700e+01 1.900e+01 1.000e+01 1.100e+01 1.200e+01 1.200e+01
 4.000e+00 6.000e+00 7.000e+00 6.000e+00 5.000e+00 7.000e+00 2.000e+00
 2.000e+00 4.000e+00 2.000e+00 2.000e+00 3.000e+00 1.000e+00 1.000e+00
 1.000e+00 1.000e+00 1.000e+00 0.000e+00 1.000e+00 1.000e+00 1.000e+00
 1.000e+00 0.000e+00 0.000e+00 1.000e+00 0.000e+00 0.000e+00 1.000e+00
 2.000e+00 1.000e+00 0.000e+00 0.000e+00 0.000e+00 0.000e+00]
840000 loops cons: [2.278e+03 7.310e+02 2.980e+02 1.600e+02 1.040e+02 7.000e+01 4.900e+01
 2.900e+01 2.700e+01 1.900e+01 1.000e+01 1.100e+01 1.200e+01 1.200e+01
 4.000e+00 6.000e+00 7.000e+00 6.000e+00 5.000e+00 7.000e+00 2.000e+00
 2.000e+00 4.000e+00 3.000e+00 2.000e+00 3.000e+00 1.000e+00 1.000e+00
 1.000e+00 1.000e+00 1.000e+00 0.000e+00 1.000e+00 1.000e+00 1.000e+00
 1.000e+00 0.000e+00 0.000e+00 1.000e+00 0.000e+00 0.000e+00 1.000e+00
 2.000e+00 1.000e+00 0.000e+00 0.000e+00 0.000e+00 0.000e+00]
844800 loops cons: [2.29e+03 7.33e+02 2.98e+02 1.61e+02 1.04e+02 7.00e+01 4.90e+01 2.90e+01
 2.70e+01 1.90e+01 1.00e+01 1.10e+01 1.20e+01 1.20e+01 4.00e+00 6.00e+00
 7.00e+00 6.00e+00 5.00e+00 7.00e+00 2.00e+00 2.00e+00 4.00e+00 3.00e+00
 2.00e+00 3.00e+00 1.00e+00 1.00e+00 1.00e+00 1.00e+00 1.00e+00 0.00e+00
 1.00e+00 1.00e+00 1.00e+00 1.00e+00 0.00e+00 0.00e+00 1.00e+00 0.00e+00
 0.00e+00 1.00e+00 2.00e+00 1.00e+00 0.00e+00 0.00e+00 0.00e+00 0.00e+00]
849600 loops cons: [2.304e+03 7.360e+02 3.000e+02 1.630e+02 1.040e+02 7.000e+01 4.900e+01
 2.900e+01 2.700e+01 1.900e+01 1.000e+01 1.100e+01 1.200e+01 1.200e+01
 4.000e+00 6.000e+00 7.000e+00 6.000e+00 5.000e+00 7.000e+00 2.000e+00
 2.000e+00 4.000e+00 3.000e+00 2.000e+00 3.000e+00 1.000e+00 1.000e+00
 1.000e+00 1.000e+00 1.000e+00 0.000e+00 1.000e+00 1.000e+00 1.000e+00
 1.000e+00 0.000e+00 0.000e+00 1.000e+00 0.000e+00 0.000e+00 1.000e+00
 2.000e+00 1.000e+00 0.000e+00 0.000e+00 0.000e+00 0.000e+00]
854400 loops cons: [2.313e+03 7.390e+02 3.010e+02 1.640e+02 1.050e+02 7.000e+01 5.000e+01
 2.900e+01 2.700e+01 1.900e+01 1.000e+01 1.100e+01 1.200e+01 1.200e+01
 4.000e+00 6.000e+00 7.000e+00 6.000e+00 5.000e+00 7.000e+00 2.000e+00
 2.000e+00 4.000e+00 3.000e+00 2.000e+00 3.000e+00 1.000e+00 1.000e+00
 1.000e+00 1.000e+00 1.000e+00 0.000e+00 1.000e+00 1.000e+00 1.000e+00
 1.000e+00 0.000e+00 0.000e+00 1.000e+00 0.000e+00 0.000e+00 1.000e+00
 2.000e+00 1.000e+00 0.000e+00 0.000e+00 0.000e+00 0.000e+00]
859200 loops cons: [2.33e+03 7.44e+02 3.02e+02 1.68e+02 1.07e+02 7.00e+01 5.10e+01 2.90e+01
 2.70e+01 1.90e+01 1.00e+01 1.10e+01 1.20e+01 1.20e+01 4.00e+00 6.00e+00
 7.00e+00 6.00e+00 5.00e+00 7.00e+00 2.00e+00 2.00e+00 4.00e+00 3.00e+00
 2.00e+00 3.00e+00 1.00e+00 1.00e+00 1.00e+00 1.00e+00 1.00e+00 0.00e+00
 1.00e+00 1.00e+00 1.00e+00 1.00e+00 0.00e+00 0.00e+00 1.00e+00 0.00e+00
 0.00e+00 1.00e+00 3.00e+00 1.00e+00 0.00e+00 0.00e+00 0.00e+00 0.00e+00]
864000 loops cons: [2.351e+03 7.500e+02 3.050e+02 1.690e+02 1.080e+02 7.000e+01 5.100e+01
 2.900e+01 2.700e+01 2.000e+01 1.000e+01 1.100e+01 1.200e+01 1.200e+01
 4.000e+00 6.000e+00 7.000e+00 6.000e+00 5.000e+00 7.000e+00 2.000e+00
 2.000e+00 4.000e+00 3.000e+00 2.000e+00 3.000e+00 1.000e+00 1.000e+00
 1.000e+00 1.000e+00 1.000e+00 0.000e+00 1.000e+00 1.000e+00 1.000e+00
 1.000e+00 0.000e+00 0.000e+00 1.000e+00 0.000e+00 0.000e+00 1.000e+00
 3.000e+00 1.000e+00 0.000e+00 0.000e+00 0.000e+00 0.000e+00]
868800 loops cons: [2.358e+03 7.550e+02 3.050e+02 1.690e+02 1.110e+02 7.100e+01 5.100e+01
 2.900e+01 2.700e+01 2.000e+01 1.000e+01 1.100e+01 1.300e+01 1.200e+01
 4.000e+00 6.000e+00 7.000e+00 6.000e+00 6.000e+00 7.000e+00 2.000e+00
 2.000e+00 4.000e+00 3.000e+00 2.000e+00 3.000e+00 1.000e+00 1.000e+00
 1.000e+00 1.000e+00 1.000e+00 0.000e+00 1.000e+00 1.000e+00 1.000e+00
 1.000e+00 0.000e+00 0.000e+00 1.000e+00 0.000e+00 0.000e+00 1.000e+00
 3.000e+00 1.000e+00 0.000e+00 0.000e+00 0.000e+00 0.000e+00]
873600 loops cons: [2.372e+03 7.560e+02 3.090e+02 1.690e+02 1.110e+02 7.100e+01 5.100e+01
 2.900e+01 2.700e+01 2.000e+01 1.000e+01 1.100e+01 1.300e+01 1.200e+01
 4.000e+00 6.000e+00 7.000e+00 6.000e+00 6.000e+00 7.000e+00 2.000e+00
 2.000e+00 4.000e+00 3.000e+00 2.000e+00 3.000e+00 1.000e+00 1.000e+00
 1.000e+00 1.000e+00 1.000e+00 0.000e+00 1.000e+00 1.000e+00 1.000e+00
 1.000e+00 0.000e+00 0.000e+00 1.000e+00 0.000e+00 0.000e+00 1.000e+00
 3.000e+00 1.000e+00 0.000e+00 0.000e+00 0.000e+00 0.000e+00]
878400 loops cons: [2.382e+03 7.610e+02 3.110e+02 1.690e+02 1.110e+02 7.100e+01 5.100e+01
 2.900e+01 2.800e+01 2.100e+01 1.000e+01 1.100e+01 1.300e+01 1.200e+01
 4.000e+00 6.000e+00 7.000e+00 6.000e+00 6.000e+00 7.000e+00 2.000e+00
 2.000e+00 4.000e+00 3.000e+00 2.000e+00 3.000e+00 1.000e+00 1.000e+00
 1.000e+00 1.000e+00 1.000e+00 0.000e+00 1.000e+00 1.000e+00 1.000e+00
 1.000e+00 0.000e+00 0.000e+00 1.000e+00 0.000e+00 0.000e+00 1.000e+00
 3.000e+00 1.000e+00 0.000e+00 0.000e+00 0.000e+00 0.000e+00]
883200 loops cons: [2.398e+03 7.670e+02 3.110e+02 1.700e+02 1.110e+02 7.100e+01 5.100e+01
 2.900e+01 2.800e+01 2.100e+01 1.000e+01 1.100e+01 1.300e+01 1.200e+01
 4.000e+00 6.000e+00 7.000e+00 6.000e+00 6.000e+00 7.000e+00 2.000e+00
 2.000e+00 4.000e+00 3.000e+00 2.000e+00 3.000e+00 1.000e+00 1.000e+00
 1.000e+00 1.000e+00 1.000e+00 0.000e+00 1.000e+00 1.000e+00 1.000e+00
 1.000e+00 0.000e+00 0.000e+00 1.000e+00 0.000e+00 0.000e+00 1.000e+00
 3.000e+00 1.000e+00 0.000e+00 0.000e+00 0.000e+00 0.000e+00]
888000 loops cons: [2.413e+03 7.700e+02 3.110e+02 1.710e+02 1.130e+02 7.100e+01 5.200e+01
 2.900e+01 3.000e+01 2.100e+01 1.000e+01 1.100e+01 1.300e+01 1.300e+01
 4.000e+00 6.000e+00 7.000e+00 6.000e+00 6.000e+00 7.000e+00 2.000e+00
 2.000e+00 4.000e+00 3.000e+00 2.000e+00 3.000e+00 1.000e+00 1.000e+00
 1.000e+00 1.000e+00 1.000e+00 0.000e+00 1.000e+00 1.000e+00 1.000e+00
 1.000e+00 0.000e+00 0.000e+00 1.000e+00 0.000e+00 0.000e+00 1.000e+00
 3.000e+00 1.000e+00 0.000e+00 0.000e+00 0.000e+00 0.000e+00]
892800 loops cons: [2.428e+03 7.780e+02 3.140e+02 1.720e+02 1.140e+02 7.100e+01 5.200e+01
 2.900e+01 3.000e+01 2.100e+01 1.000e+01 1.100e+01 1.300e+01 1.400e+01
 4.000e+00 6.000e+00 7.000e+00 6.000e+00 6.000e+00 7.000e+00 2.000e+00
 2.000e+00 4.000e+00 3.000e+00 2.000e+00 3.000e+00 1.000e+00 1.000e+00
 1.000e+00 1.000e+00 1.000e+00 0.000e+00 1.000e+00 1.000e+00 1.000e+00
 1.000e+00 0.000e+00 0.000e+00 1.000e+00 0.000e+00 0.000e+00 1.000e+00
 3.000e+00 1.000e+00 0.000e+00 0.000e+00 0.000e+00 0.000e+00]
897600 loops cons: [2.435e+03 7.790e+02 3.150e+02 1.720e+02 1.140e+02 7.100e+01 5.300e+01
 2.900e+01 3.000e+01 2.100e+01 1.000e+01 1.100e+01 1.400e+01 1.400e+01
 4.000e+00 6.000e+00 7.000e+00 6.000e+00 6.000e+00 7.000e+00 2.000e+00
 2.000e+00 4.000e+00 3.000e+00 2.000e+00 3.000e+00 1.000e+00 1.000e+00
 1.000e+00 1.000e+00 1.000e+00 0.000e+00 1.000e+00 1.000e+00 1.000e+00
 1.000e+00 0.000e+00 0.000e+00 1.000e+00 0.000e+00 0.000e+00 1.000e+00
 3.000e+00 1.000e+00 0.000e+00 0.000e+00 0.000e+00 0.000e+00]
902400 loops cons: [2.448e+03 7.800e+02 3.180e+02 1.730e+02 1.160e+02 7.200e+01 5.300e+01
 2.900e+01 3.000e+01 2.100e+01 1.100e+01 1.100e+01 1.400e+01 1.400e+01
 4.000e+00 6.000e+00 7.000e+00 6.000e+00 6.000e+00 7.000e+00 2.000e+00
 2.000e+00 4.000e+00 3.000e+00 2.000e+00 3.000e+00 1.000e+00 1.000e+00
 1.000e+00 1.000e+00 1.000e+00 0.000e+00 1.000e+00 1.000e+00 1.000e+00
 1.000e+00 0.000e+00 0.000e+00 1.000e+00 0.000e+00 0.000e+00 1.000e+00
 3.000e+00 1.000e+00 0.000e+00 0.000e+00 0.000e+00 0.000e+00]
907200 loops cons: [2.456e+03 7.860e+02 3.190e+02 1.740e+02 1.170e+02 7.400e+01 5.300e+01
 2.900e+01 3.000e+01 2.100e+01 1.100e+01 1.100e+01 1.400e+01 1.400e+01
 4.000e+00 6.000e+00 7.000e+00 6.000e+00 6.000e+00 7.000e+00 2.000e+00
 2.000e+00 4.000e+00 3.000e+00 2.000e+00 3.000e+00 1.000e+00 1.000e+00
 1.000e+00 1.000e+00 1.000e+00 0.000e+00 1.000e+00 1.000e+00 1.000e+00
 1.000e+00 0.000e+00 0.000e+00 1.000e+00 0.000e+00 0.000e+00 1.000e+00
 3.000e+00 1.000e+00 0.000e+00 0.000e+00 0.000e+00 0.000e+00]
912000 loops cons: [2.465e+03 7.940e+02 3.200e+02 1.750e+02 1.170e+02 7.400e+01 5.400e+01
 2.900e+01 3.000e+01 2.100e+01 1.100e+01 1.100e+01 1.400e+01 1.400e+01
 4.000e+00 6.000e+00 7.000e+00 6.000e+00 6.000e+00 7.000e+00 2.000e+00
 2.000e+00 4.000e+00 3.000e+00 2.000e+00 3.000e+00 1.000e+00 1.000e+00
 1.000e+00 1.000e+00 1.000e+00 0.000e+00 1.000e+00 1.000e+00 1.000e+00
 1.000e+00 0.000e+00 0.000e+00 1.000e+00 0.000e+00 0.000e+00 1.000e+00
 3.000e+00 1.000e+00 0.000e+00 0.000e+00 0.000e+00 0.000e+00]
916800 loops cons: [2.481e+03 7.950e+02 3.230e+02 1.760e+02 1.170e+02 7.400e+01 5.400e+01
 2.900e+01 3.000e+01 2.100e+01 1.100e+01 1.100e+01 1.400e+01 1.400e+01
 4.000e+00 6.000e+00 7.000e+00 6.000e+00 6.000e+00 7.000e+00 2.000e+00
 2.000e+00 4.000e+00 3.000e+00 2.000e+00 3.000e+00 1.000e+00 1.000e+00
 1.000e+00 1.000e+00 1.000e+00 0.000e+00 1.000e+00 1.000e+00 1.000e+00
 1.000e+00 0.000e+00 0.000e+00 1.000e+00 0.000e+00 0.000e+00 1.000e+00
 3.000e+00 1.000e+00 0.000e+00 0.000e+00 0.000e+00 0.000e+00]
921600 loops cons: [2.494e+03 7.970e+02 3.230e+02 1.760e+02 1.170e+02 7.400e+01 5.400e+01
 2.900e+01 3.000e+01 2.100e+01 1.100e+01 1.100e+01 1.400e+01 1.400e+01
 4.000e+00 6.000e+00 7.000e+00 6.000e+00 6.000e+00 7.000e+00 2.000e+00
 2.000e+00 4.000e+00 3.000e+00 2.000e+00 3.000e+00 1.000e+00 1.000e+00
 1.000e+00 1.000e+00 1.000e+00 0.000e+00 1.000e+00 1.000e+00 1.000e+00
 1.000e+00 0.000e+00 0.000e+00 1.000e+00 0.000e+00 0.000e+00 1.000e+00
 3.000e+00 1.000e+00 0.000e+00 0.000e+00 0.000e+00 0.000e+00]
926400 loops cons: [2.502e+03 8.030e+02 3.250e+02 1.760e+02 1.170e+02 7.400e+01 5.400e+01
 2.900e+01 3.000e+01 2.100e+01 1.100e+01 1.100e+01 1.400e+01 1.500e+01
 4.000e+00 6.000e+00 7.000e+00 6.000e+00 6.000e+00 7.000e+00 2.000e+00
 2.000e+00 4.000e+00 3.000e+00 2.000e+00 3.000e+00 1.000e+00 1.000e+00
 1.000e+00 1.000e+00 1.000e+00 0.000e+00 1.000e+00 1.000e+00 1.000e+00
 1.000e+00 0.000e+00 0.000e+00 1.000e+00 0.000e+00 0.000e+00 1.000e+00
 3.000e+00 1.000e+00 0.000e+00 0.000e+00 0.000e+00 0.000e+00]
931200 loops cons: [2.515e+03 8.050e+02 3.260e+02 1.790e+02 1.170e+02 7.400e+01 5.400e+01
 2.900e+01 3.000e+01 2.100e+01 1.100e+01 1.100e+01 1.400e+01 1.500e+01
 4.000e+00 6.000e+00 7.000e+00 6.000e+00 6.000e+00 7.000e+00 2.000e+00
 2.000e+00 4.000e+00 3.000e+00 2.000e+00 3.000e+00 1.000e+00 1.000e+00
 1.000e+00 1.000e+00 1.000e+00 0.000e+00 1.000e+00 1.000e+00 1.000e+00
 1.000e+00 0.000e+00 0.000e+00 1.000e+00 0.000e+00 0.000e+00 1.000e+00
 3.000e+00 1.000e+00 0.000e+00 0.000e+00 0.000e+00 0.000e+00]
936000 loops cons: [2.529e+03 8.100e+02 3.280e+02 1.790e+02 1.170e+02 7.500e+01 5.400e+01
 2.900e+01 3.000e+01 2.100e+01 1.100e+01 1.100e+01 1.400e+01 1.500e+01
 4.000e+00 6.000e+00 7.000e+00 6.000e+00 6.000e+00 7.000e+00 2.000e+00
 2.000e+00 4.000e+00 3.000e+00 2.000e+00 3.000e+00 1.000e+00 1.000e+00
 1.000e+00 1.000e+00 1.000e+00 0.000e+00 1.000e+00 1.000e+00 1.000e+00
 1.000e+00 0.000e+00 0.000e+00 1.000e+00 0.000e+00 0.000e+00 1.000e+00
 3.000e+00 1.000e+00 0.000e+00 0.000e+00 0.000e+00 0.000e+00]
940800 loops cons: [2.543e+03 8.130e+02 3.290e+02 1.790e+02 1.180e+02 7.500e+01 5.400e+01
 2.900e+01 3.000e+01 2.100e+01 1.100e+01 1.100e+01 1.400e+01 1.500e+01
 4.000e+00 6.000e+00 7.000e+00 6.000e+00 6.000e+00 7.000e+00 2.000e+00
 2.000e+00 4.000e+00 3.000e+00 2.000e+00 3.000e+00 1.000e+00 1.000e+00
 1.000e+00 1.000e+00 1.000e+00 1.000e+00 1.000e+00 1.000e+00 1.000e+00
 1.000e+00 0.000e+00 0.000e+00 1.000e+00 0.000e+00 0.000e+00 1.000e+00
 3.000e+00 1.000e+00 0.000e+00 0.000e+00 0.000e+00 0.000e+00]
945600 loops cons: [2.556e+03 8.200e+02 3.310e+02 1.790e+02 1.190e+02 7.600e+01 5.400e+01
 2.900e+01 3.100e+01 2.100e+01 1.100e+01 1.100e+01 1.400e+01 1.500e+01
 4.000e+00 6.000e+00 7.000e+00 6.000e+00 6.000e+00 7.000e+00 2.000e+00
 2.000e+00 4.000e+00 3.000e+00 2.000e+00 3.000e+00 1.000e+00 1.000e+00
 1.000e+00 1.000e+00 1.000e+00 1.000e+00 1.000e+00 1.000e+00 1.000e+00
 1.000e+00 0.000e+00 0.000e+00 1.000e+00 0.000e+00 0.000e+00 1.000e+00
 3.000e+00 1.000e+00 0.000e+00 0.000e+00 0.000e+00 0.000e+00]
950400 loops cons: [2.57e+03 8.22e+02 3.36e+02 1.80e+02 1.19e+02 7.70e+01 5.40e+01 2.90e+01
 3.10e+01 2.10e+01 1.10e+01 1.10e+01 1.40e+01 1.50e+01 4.00e+00 6.00e+00
 7.00e+00 6.00e+00 6.00e+00 7.00e+00 2.00e+00 2.00e+00 4.00e+00 3.00e+00
 2.00e+00 3.00e+00 1.00e+00 1.00e+00 1.00e+00 1.00e+00 1.00e+00 1.00e+00
 1.00e+00 1.00e+00 1.00e+00 1.00e+00 0.00e+00 0.00e+00 1.00e+00 0.00e+00
 0.00e+00 1.00e+00 3.00e+00 1.00e+00 0.00e+00 0.00e+00 0.00e+00 0.00e+00]
955200 loops cons: [2.583e+03 8.270e+02 3.390e+02 1.810e+02 1.190e+02 7.800e+01 5.400e+01
 2.900e+01 3.100e+01 2.100e+01 1.100e+01 1.100e+01 1.400e+01 1.500e+01
 4.000e+00 6.000e+00 7.000e+00 7.000e+00 6.000e+00 7.000e+00 2.000e+00
 3.000e+00 4.000e+00 3.000e+00 2.000e+00 3.000e+00 1.000e+00 1.000e+00
 1.000e+00 1.000e+00 1.000e+00 1.000e+00 1.000e+00 1.000e+00 1.000e+00
 1.000e+00 0.000e+00 0.000e+00 1.000e+00 0.000e+00 0.000e+00 1.000e+00
 3.000e+00 1.000e+00 0.000e+00 0.000e+00 0.000e+00 0.000e+00]
960000 loops cons: [2.593e+03 8.330e+02 3.410e+02 1.830e+02 1.190e+02 7.900e+01 5.500e+01
 3.000e+01 3.100e+01 2.100e+01 1.100e+01 1.100e+01 1.400e+01 1.500e+01
 4.000e+00 6.000e+00 7.000e+00 7.000e+00 6.000e+00 7.000e+00 2.000e+00
 3.000e+00 4.000e+00 3.000e+00 2.000e+00 3.000e+00 1.000e+00 1.000e+00
 1.000e+00 1.000e+00 1.000e+00 1.000e+00 1.000e+00 1.000e+00 1.000e+00
 1.000e+00 0.000e+00 0.000e+00 1.000e+00 0.000e+00 0.000e+00 1.000e+00
 3.000e+00 1.000e+00 0.000e+00 0.000e+00 0.000e+00 0.000e+00]
964800 loops cons: [2.606e+03 8.390e+02 3.420e+02 1.850e+02 1.190e+02 7.900e+01 5.500e+01
 3.000e+01 3.100e+01 2.100e+01 1.100e+01 1.100e+01 1.400e+01 1.500e+01
 4.000e+00 6.000e+00 7.000e+00 7.000e+00 6.000e+00 7.000e+00 3.000e+00
 3.000e+00 4.000e+00 3.000e+00 2.000e+00 3.000e+00 1.000e+00 1.000e+00
 1.000e+00 1.000e+00 1.000e+00 1.000e+00 1.000e+00 1.000e+00 1.000e+00
 1.000e+00 0.000e+00 0.000e+00 1.000e+00 0.000e+00 0.000e+00 1.000e+00
 3.000e+00 1.000e+00 0.000e+00 0.000e+00 0.000e+00 0.000e+00]
969600 loops cons: [2.618e+03 8.440e+02 3.420e+02 1.850e+02 1.190e+02 7.900e+01 5.500e+01
 3.000e+01 3.100e+01 2.100e+01 1.100e+01 1.100e+01 1.400e+01 1.500e+01
 4.000e+00 6.000e+00 7.000e+00 7.000e+00 6.000e+00 7.000e+00 3.000e+00
 3.000e+00 4.000e+00 3.000e+00 2.000e+00 3.000e+00 1.000e+00 1.000e+00
 1.000e+00 3.000e+00 1.000e+00 1.000e+00 1.000e+00 1.000e+00 1.000e+00
 1.000e+00 0.000e+00 0.000e+00 1.000e+00 0.000e+00 0.000e+00 1.000e+00
 3.000e+00 1.000e+00 0.000e+00 0.000e+00 0.000e+00 0.000e+00]
974400 loops cons: [2.632e+03 8.470e+02 3.430e+02 1.860e+02 1.190e+02 8.000e+01 5.500e+01
 3.000e+01 3.100e+01 2.200e+01 1.100e+01 1.100e+01 1.400e+01 1.500e+01
 4.000e+00 6.000e+00 7.000e+00 7.000e+00 6.000e+00 7.000e+00 3.000e+00
 3.000e+00 4.000e+00 3.000e+00 2.000e+00 3.000e+00 1.000e+00 1.000e+00
 1.000e+00 3.000e+00 1.000e+00 1.000e+00 1.000e+00 1.000e+00 1.000e+00
 1.000e+00 0.000e+00 0.000e+00 1.000e+00 0.000e+00 0.000e+00 1.000e+00
 3.000e+00 1.000e+00 0.000e+00 0.000e+00 0.000e+00 0.000e+00]
979200 loops cons: [2.647e+03 8.540e+02 3.450e+02 1.860e+02 1.190e+02 8.000e+01 5.500e+01
 3.000e+01 3.100e+01 2.200e+01 1.100e+01 1.100e+01 1.400e+01 1.500e+01
 4.000e+00 6.000e+00 7.000e+00 7.000e+00 6.000e+00 7.000e+00 3.000e+00
 3.000e+00 4.000e+00 3.000e+00 2.000e+00 3.000e+00 1.000e+00 1.000e+00
 1.000e+00 3.000e+00 1.000e+00 1.000e+00 1.000e+00 1.000e+00 1.000e+00
 1.000e+00 0.000e+00 0.000e+00 1.000e+00 0.000e+00 0.000e+00 1.000e+00
 3.000e+00 1.000e+00 0.000e+00 0.000e+00 0.000e+00 0.000e+00]
984000 loops cons: [2.657e+03 8.600e+02 3.450e+02 1.900e+02 1.200e+02 8.000e+01 5.600e+01
 3.000e+01 3.100e+01 2.200e+01 1.100e+01 1.100e+01 1.500e+01 1.500e+01
 4.000e+00 6.000e+00 7.000e+00 7.000e+00 6.000e+00 7.000e+00 3.000e+00
 3.000e+00 4.000e+00 3.000e+00 2.000e+00 3.000e+00 1.000e+00 1.000e+00
 1.000e+00 3.000e+00 1.000e+00 1.000e+00 1.000e+00 1.000e+00 1.000e+00
 1.000e+00 0.000e+00 0.000e+00 1.000e+00 0.000e+00 0.000e+00 1.000e+00
 3.000e+00 1.000e+00 0.000e+00 0.000e+00 0.000e+00 0.000e+00]
988800 loops cons: [2.668e+03 8.620e+02 3.490e+02 1.910e+02 1.200e+02 8.000e+01 5.600e+01
 3.100e+01 3.200e+01 2.300e+01 1.100e+01 1.100e+01 1.500e+01 1.500e+01
 4.000e+00 6.000e+00 7.000e+00 7.000e+00 6.000e+00 7.000e+00 3.000e+00
 3.000e+00 4.000e+00 3.000e+00 2.000e+00 3.000e+00 1.000e+00 1.000e+00
 1.000e+00 3.000e+00 1.000e+00 1.000e+00 1.000e+00 1.000e+00 2.000e+00
 1.000e+00 0.000e+00 0.000e+00 1.000e+00 0.000e+00 0.000e+00 1.000e+00
 3.000e+00 1.000e+00 0.000e+00 0.000e+00 0.000e+00 0.000e+00]
993600 loops cons: [2.678e+03 8.680e+02 3.510e+02 1.930e+02 1.200e+02 8.100e+01 5.600e+01
 3.100e+01 3.200e+01 2.300e+01 1.200e+01 1.100e+01 1.500e+01 1.500e+01
 4.000e+00 6.000e+00 7.000e+00 7.000e+00 6.000e+00 7.000e+00 3.000e+00
 3.000e+00 4.000e+00 3.000e+00 2.000e+00 3.000e+00 1.000e+00 1.000e+00
 1.000e+00 3.000e+00 1.000e+00 1.000e+00 1.000e+00 1.000e+00 2.000e+00
 1.000e+00 0.000e+00 0.000e+00 1.000e+00 0.000e+00 0.000e+00 1.000e+00
 3.000e+00 1.000e+00 0.000e+00 0.000e+00 0.000e+00 0.000e+00]
998400 loops cons: [2.691e+03 8.730e+02 3.520e+02 1.930e+02 1.210e+02 8.100e+01 5.600e+01
 3.100e+01 3.200e+01 2.300e+01 1.200e+01 1.100e+01 1.500e+01 1.500e+01
 4.000e+00 6.000e+00 7.000e+00 7.000e+00 6.000e+00 7.000e+00 3.000e+00
 3.000e+00 4.000e+00 3.000e+00 2.000e+00 3.000e+00 1.000e+00 1.000e+00
 1.000e+00 3.000e+00 1.000e+00 1.000e+00 1.000e+00 1.000e+00 2.000e+00
 1.000e+00 0.000e+00 0.000e+00 1.000e+00 0.000e+00 0.000e+00 1.000e+00
 3.000e+00 1.000e+00 0.000e+00 0.000e+00 0.000e+00 0.000e+00]
1003200 loops cons: [2.704e+03 8.780e+02 3.520e+02 1.950e+02 1.220e+02 8.100e+01 5.600e+01
 3.200e+01 3.200e+01 2.300e+01 1.200e+01 1.100e+01 1.500e+01 1.500e+01
 5.000e+00 6.000e+00 7.000e+00 7.000e+00 6.000e+00 7.000e+00 3.000e+00
 3.000e+00 4.000e+00 3.000e+00 2.000e+00 3.000e+00 2.000e+00 1.000e+00
 1.000e+00 3.000e+00 1.000e+00 1.000e+00 1.000e+00 1.000e+00 2.000e+00
 1.000e+00 0.000e+00 0.000e+00 1.000e+00 0.000e+00 0.000e+00 1.000e+00
 3.000e+00 1.000e+00 0.000e+00 0.000e+00 0.000e+00 0.000e+00]
1008000 loops cons: [2.715e+03 8.810e+02 3.550e+02 1.960e+02 1.220e+02 8.100e+01 5.700e+01
 3.300e+01 3.200e+01 2.400e+01 1.300e+01 1.100e+01 1.500e+01 1.500e+01
 5.000e+00 6.000e+00 7.000e+00 7.000e+00 6.000e+00 7.000e+00 3.000e+00
 3.000e+00 4.000e+00 3.000e+00 2.000e+00 3.000e+00 2.000e+00 1.000e+00
 1.000e+00 3.000e+00 1.000e+00 1.000e+00 1.000e+00 1.000e+00 2.000e+00
 1.000e+00 0.000e+00 0.000e+00 1.000e+00 0.000e+00 0.000e+00 1.000e+00
 3.000e+00 1.000e+00 0.000e+00 0.000e+00 1.000e+00 0.000e+00]
1012800 loops cons: [2.723e+03 8.840e+02 3.560e+02 1.970e+02 1.220e+02 8.100e+01 5.700e+01
 3.300e+01 3.300e+01 2.400e+01 1.300e+01 1.100e+01 1.500e+01 1.500e+01
 5.000e+00 6.000e+00 7.000e+00 7.000e+00 6.000e+00 7.000e+00 3.000e+00
 3.000e+00 4.000e+00 3.000e+00 2.000e+00 3.000e+00 2.000e+00 1.000e+00
 1.000e+00 3.000e+00 1.000e+00 1.000e+00 1.000e+00 1.000e+00 2.000e+00
 1.000e+00 0.000e+00 0.000e+00 1.000e+00 0.000e+00 0.000e+00 1.000e+00
 3.000e+00 1.000e+00 0.000e+00 0.000e+00 1.000e+00 0.000e+00]
1017600 loops cons: [2.742e+03 8.880e+02 3.580e+02 1.980e+02 1.220e+02 8.100e+01 5.700e+01
 3.300e+01 3.400e+01 2.400e+01 1.300e+01 1.100e+01 1.500e+01 1.500e+01
 5.000e+00 6.000e+00 7.000e+00 7.000e+00 6.000e+00 7.000e+00 3.000e+00
 3.000e+00 4.000e+00 3.000e+00 2.000e+00 3.000e+00 2.000e+00 1.000e+00
 1.000e+00 3.000e+00 1.000e+00 1.000e+00 1.000e+00 1.000e+00 2.000e+00
 1.000e+00 0.000e+00 0.000e+00 1.000e+00 0.000e+00 0.000e+00 1.000e+00
 3.000e+00 1.000e+00 0.000e+00 0.000e+00 1.000e+00 0.000e+00]
1022400 loops cons: [2.756e+03 8.910e+02 3.590e+02 2.000e+02 1.230e+02 8.100e+01 5.700e+01
 3.300e+01 3.400e+01 2.400e+01 1.300e+01 1.100e+01 1.500e+01 1.500e+01
 5.000e+00 6.000e+00 7.000e+00 7.000e+00 6.000e+00 7.000e+00 3.000e+00
 3.000e+00 4.000e+00 3.000e+00 2.000e+00 3.000e+00 2.000e+00 1.000e+00
 1.000e+00 3.000e+00 1.000e+00 1.000e+00 1.000e+00 1.000e+00 2.000e+00
 1.000e+00 0.000e+00 0.000e+00 1.000e+00 0.000e+00 0.000e+00 1.000e+00
 3.000e+00 1.000e+00 0.000e+00 0.000e+00 1.000e+00 0.000e+00]
1027200 loops cons: [2.775e+03 8.950e+02 3.620e+02 2.000e+02 1.230e+02 8.100e+01 5.700e+01
 3.300e+01 3.500e+01 2.400e+01 1.300e+01 1.100e+01 1.500e+01 1.500e+01
 5.000e+00 6.000e+00 7.000e+00 7.000e+00 6.000e+00 7.000e+00 3.000e+00
 3.000e+00 4.000e+00 3.000e+00 2.000e+00 3.000e+00 2.000e+00 1.000e+00
 1.000e+00 3.000e+00 1.000e+00 1.000e+00 1.000e+00 1.000e+00 2.000e+00
 1.000e+00 0.000e+00 0.000e+00 1.000e+00 0.000e+00 0.000e+00 1.000e+00
 3.000e+00 1.000e+00 0.000e+00 0.000e+00 1.000e+00 0.000e+00]
1032000 loops cons: [2.787e+03 8.980e+02 3.620e+02 2.010e+02 1.230e+02 8.100e+01 5.700e+01
 3.300e+01 3.500e+01 2.500e+01 1.300e+01 1.100e+01 1.500e+01 1.500e+01
 5.000e+00 6.000e+00 7.000e+00 7.000e+00 6.000e+00 7.000e+00 3.000e+00
 3.000e+00 4.000e+00 3.000e+00 2.000e+00 3.000e+00 2.000e+00 1.000e+00
 1.000e+00 3.000e+00 1.000e+00 1.000e+00 1.000e+00 1.000e+00 2.000e+00
 1.000e+00 0.000e+00 0.000e+00 1.000e+00 0.000e+00 0.000e+00 1.000e+00
 3.000e+00 1.000e+00 0.000e+00 0.000e+00 1.000e+00 0.000e+00]
1036800 loops cons: [2.794e+03 9.000e+02 3.670e+02 2.020e+02 1.230e+02 8.100e+01 5.700e+01
 3.400e+01 3.600e+01 2.500e+01 1.300e+01 1.100e+01 1.500e+01 1.500e+01
 5.000e+00 6.000e+00 7.000e+00 7.000e+00 6.000e+00 7.000e+00 3.000e+00
 3.000e+00 4.000e+00 3.000e+00 2.000e+00 3.000e+00 2.000e+00 1.000e+00
 1.000e+00 3.000e+00 1.000e+00 1.000e+00 1.000e+00 1.000e+00 2.000e+00
 1.000e+00 0.000e+00 0.000e+00 1.000e+00 0.000e+00 0.000e+00 1.000e+00
 3.000e+00 1.000e+00 0.000e+00 0.000e+00 1.000e+00 0.000e+00]
1041600 loops cons: [2.811e+03 9.050e+02 3.670e+02 2.030e+02 1.230e+02 8.200e+01 5.700e+01
 3.400e+01 3.600e+01 2.500e+01 1.300e+01 1.100e+01 1.500e+01 1.500e+01
 5.000e+00 6.000e+00 7.000e+00 7.000e+00 6.000e+00 7.000e+00 3.000e+00
 3.000e+00 4.000e+00 3.000e+00 2.000e+00 3.000e+00 2.000e+00 1.000e+00
 1.000e+00 3.000e+00 1.000e+00 1.000e+00 1.000e+00 2.000e+00 2.000e+00
 1.000e+00 0.000e+00 0.000e+00 1.000e+00 0.000e+00 0.000e+00 1.000e+00
 3.000e+00 1.000e+00 0.000e+00 0.000e+00 1.000e+00 0.000e+00]
1046400 loops cons: [2.823e+03 9.080e+02 3.680e+02 2.030e+02 1.230e+02 8.200e+01 5.900e+01
 3.400e+01 3.600e+01 2.600e+01 1.300e+01 1.100e+01 1.500e+01 1.500e+01
 5.000e+00 6.000e+00 8.000e+00 7.000e+00 6.000e+00 7.000e+00 3.000e+00
 3.000e+00 4.000e+00 3.000e+00 2.000e+00 3.000e+00 2.000e+00 1.000e+00
 2.000e+00 3.000e+00 1.000e+00 1.000e+00 1.000e+00 2.000e+00 2.000e+00
 1.000e+00 0.000e+00 0.000e+00 1.000e+00 0.000e+00 0.000e+00 1.000e+00
 3.000e+00 1.000e+00 0.000e+00 0.000e+00 1.000e+00 0.000e+00]
1051200 loops cons: [2.831e+03 9.120e+02 3.690e+02 2.050e+02 1.230e+02 8.200e+01 6.000e+01
 3.400e+01 3.600e+01 2.600e+01 1.300e+01 1.100e+01 1.500e+01 1.500e+01
 5.000e+00 6.000e+00 8.000e+00 7.000e+00 6.000e+00 7.000e+00 3.000e+00
 3.000e+00 4.000e+00 3.000e+00 2.000e+00 3.000e+00 2.000e+00 1.000e+00
 2.000e+00 3.000e+00 1.000e+00 1.000e+00 1.000e+00 2.000e+00 2.000e+00
 1.000e+00 0.000e+00 0.000e+00 1.000e+00 0.000e+00 0.000e+00 1.000e+00
 3.000e+00 1.000e+00 0.000e+00 0.000e+00 1.000e+00 0.000e+00]
1056000 loops cons: [2.843e+03 9.160e+02 3.730e+02 2.060e+02 1.250e+02 8.200e+01 6.000e+01
 3.400e+01 3.600e+01 2.600e+01 1.300e+01 1.100e+01 1.500e+01 1.500e+01
 5.000e+00 6.000e+00 8.000e+00 7.000e+00 6.000e+00 7.000e+00 3.000e+00
 3.000e+00 4.000e+00 3.000e+00 2.000e+00 3.000e+00 2.000e+00 1.000e+00
 2.000e+00 3.000e+00 1.000e+00 1.000e+00 1.000e+00 2.000e+00 2.000e+00
 1.000e+00 0.000e+00 0.000e+00 1.000e+00 0.000e+00 0.000e+00 1.000e+00
 3.000e+00 1.000e+00 0.000e+00 0.000e+00 1.000e+00 0.000e+00]
1060800 loops cons: [2.851e+03 9.190e+02 3.750e+02 2.060e+02 1.270e+02 8.200e+01 6.000e+01
 3.400e+01 3.600e+01 2.600e+01 1.300e+01 1.100e+01 1.500e+01 1.500e+01
 5.000e+00 6.000e+00 8.000e+00 7.000e+00 6.000e+00 7.000e+00 3.000e+00
 3.000e+00 4.000e+00 3.000e+00 2.000e+00 3.000e+00 2.000e+00 1.000e+00
 2.000e+00 3.000e+00 1.000e+00 1.000e+00 1.000e+00 2.000e+00 2.000e+00
 1.000e+00 0.000e+00 0.000e+00 1.000e+00 0.000e+00 0.000e+00 1.000e+00
 3.000e+00 1.000e+00 0.000e+00 0.000e+00 1.000e+00 0.000e+00]
1065600 loops cons: [2.868e+03 9.210e+02 3.760e+02 2.060e+02 1.290e+02 8.300e+01 6.000e+01
 3.400e+01 3.600e+01 2.600e+01 1.300e+01 1.100e+01 1.500e+01 1.500e+01
 5.000e+00 6.000e+00 8.000e+00 7.000e+00 6.000e+00 7.000e+00 3.000e+00
 3.000e+00 5.000e+00 3.000e+00 2.000e+00 3.000e+00 2.000e+00 1.000e+00
 2.000e+00 3.000e+00 1.000e+00 1.000e+00 1.000e+00 2.000e+00 2.000e+00
 1.000e+00 0.000e+00 0.000e+00 1.000e+00 0.000e+00 0.000e+00 1.000e+00
 3.000e+00 1.000e+00 0.000e+00 0.000e+00 1.000e+00 0.000e+00]
1070400 loops cons: [2.881e+03 9.230e+02 3.820e+02 2.060e+02 1.290e+02 8.300e+01 6.000e+01
 3.400e+01 3.600e+01 2.600e+01 1.300e+01 1.100e+01 1.500e+01 1.500e+01
 5.000e+00 6.000e+00 8.000e+00 7.000e+00 6.000e+00 7.000e+00 3.000e+00
 3.000e+00 5.000e+00 3.000e+00 2.000e+00 3.000e+00 2.000e+00 1.000e+00
 2.000e+00 3.000e+00 1.000e+00 1.000e+00 1.000e+00 2.000e+00 2.000e+00
 1.000e+00 0.000e+00 0.000e+00 1.000e+00 0.000e+00 0.000e+00 1.000e+00
 3.000e+00 1.000e+00 0.000e+00 0.000e+00 1.000e+00 0.000e+00]
1075200 loops cons: [2.898e+03 9.250e+02 3.850e+02 2.060e+02 1.290e+02 8.300e+01 6.000e+01
 3.500e+01 3.600e+01 2.600e+01 1.300e+01 1.100e+01 1.500e+01 1.500e+01
 5.000e+00 6.000e+00 8.000e+00 7.000e+00 6.000e+00 7.000e+00 3.000e+00
 3.000e+00 5.000e+00 3.000e+00 2.000e+00 3.000e+00 2.000e+00 1.000e+00
 2.000e+00 3.000e+00 1.000e+00 1.000e+00 1.000e+00 2.000e+00 2.000e+00
 1.000e+00 0.000e+00 0.000e+00 1.000e+00 0.000e+00 0.000e+00 1.000e+00
 3.000e+00 1.000e+00 0.000e+00 0.000e+00 1.000e+00 0.000e+00]
1080000 loops cons: [2.914e+03 9.300e+02 3.870e+02 2.090e+02 1.310e+02 8.400e+01 6.000e+01
 3.500e+01 3.600e+01 2.600e+01 1.300e+01 1.100e+01 1.500e+01 1.500e+01
 5.000e+00 6.000e+00 8.000e+00 7.000e+00 6.000e+00 7.000e+00 3.000e+00
 3.000e+00 5.000e+00 3.000e+00 2.000e+00 3.000e+00 2.000e+00 1.000e+00
 2.000e+00 3.000e+00 1.000e+00 1.000e+00 1.000e+00 3.000e+00 2.000e+00
 1.000e+00 0.000e+00 0.000e+00 1.000e+00 0.000e+00 0.000e+00 1.000e+00
 3.000e+00 1.000e+00 0.000e+00 0.000e+00 1.000e+00 0.000e+00]
1084800 loops cons: [2.93e+03 9.33e+02 3.90e+02 2.09e+02 1.34e+02 8.40e+01 6.00e+01 3.50e+01
 3.60e+01 2.60e+01 1.30e+01 1.10e+01 1.50e+01 1.50e+01 5.00e+00 6.00e+00
 8.00e+00 7.00e+00 6.00e+00 7.00e+00 3.00e+00 3.00e+00 5.00e+00 3.00e+00
 2.00e+00 3.00e+00 2.00e+00 1.00e+00 2.00e+00 3.00e+00 1.00e+00 1.00e+00
 1.00e+00 3.00e+00 2.00e+00 1.00e+00 0.00e+00 0.00e+00 1.00e+00 0.00e+00
 0.00e+00 1.00e+00 3.00e+00 1.00e+00 0.00e+00 0.00e+00 1.00e+00 0.00e+00]
1089600 loops cons: [2.941e+03 9.350e+02 3.920e+02 2.120e+02 1.340e+02 8.400e+01 6.000e+01
 3.500e+01 3.600e+01 2.600e+01 1.300e+01 1.200e+01 1.500e+01 1.500e+01
 5.000e+00 6.000e+00 8.000e+00 7.000e+00 6.000e+00 7.000e+00 3.000e+00
 3.000e+00 5.000e+00 3.000e+00 2.000e+00 3.000e+00 2.000e+00 1.000e+00
 2.000e+00 3.000e+00 1.000e+00 1.000e+00 1.000e+00 3.000e+00 2.000e+00
 1.000e+00 0.000e+00 0.000e+00 1.000e+00 0.000e+00 0.000e+00 1.000e+00
 3.000e+00 1.000e+00 0.000e+00 0.000e+00 2.000e+00 0.000e+00]
1094400 loops cons: [2.956e+03 9.400e+02 3.920e+02 2.140e+02 1.340e+02 8.400e+01 6.100e+01
 3.600e+01 3.600e+01 2.600e+01 1.300e+01 1.200e+01 1.500e+01 1.500e+01
 5.000e+00 6.000e+00 8.000e+00 7.000e+00 6.000e+00 7.000e+00 3.000e+00
 3.000e+00 5.000e+00 3.000e+00 2.000e+00 3.000e+00 2.000e+00 1.000e+00
 2.000e+00 3.000e+00 1.000e+00 1.000e+00 1.000e+00 3.000e+00 2.000e+00
 1.000e+00 0.000e+00 0.000e+00 1.000e+00 0.000e+00 0.000e+00 1.000e+00
 3.000e+00 1.000e+00 0.000e+00 0.000e+00 2.000e+00 0.000e+00]
1099200 loops cons: [2.971e+03 9.470e+02 3.930e+02 2.150e+02 1.340e+02 8.500e+01 6.100e+01
 3.600e+01 3.600e+01 2.600e+01 1.300e+01 1.200e+01 1.500e+01 1.500e+01
 5.000e+00 6.000e+00 8.000e+00 7.000e+00 6.000e+00 7.000e+00 3.000e+00
 3.000e+00 5.000e+00 3.000e+00 2.000e+00 3.000e+00 2.000e+00 1.000e+00
 2.000e+00 3.000e+00 1.000e+00 1.000e+00 1.000e+00 3.000e+00 2.000e+00
 1.000e+00 0.000e+00 0.000e+00 1.000e+00 0.000e+00 0.000e+00 1.000e+00
 3.000e+00 1.000e+00 0.000e+00 0.000e+00 2.000e+00 0.000e+00]
1104000 loops cons: [2.981e+03 9.500e+02 3.950e+02 2.170e+02 1.340e+02 8.500e+01 6.100e+01
 3.600e+01 3.600e+01 2.600e+01 1.300e+01 1.200e+01 1.500e+01 1.500e+01
 5.000e+00 6.000e+00 8.000e+00 7.000e+00 6.000e+00 7.000e+00 3.000e+00
 3.000e+00 5.000e+00 3.000e+00 2.000e+00 3.000e+00 2.000e+00 1.000e+00
 2.000e+00 3.000e+00 1.000e+00 1.000e+00 1.000e+00 3.000e+00 2.000e+00
 1.000e+00 0.000e+00 0.000e+00 1.000e+00 0.000e+00 0.000e+00 1.000e+00
 3.000e+00 1.000e+00 0.000e+00 0.000e+00 2.000e+00 0.000e+00]
1108800 loops cons: [2.989e+03 9.550e+02 3.980e+02 2.170e+02 1.350e+02 8.500e+01 6.100e+01
 3.600e+01 3.600e+01 2.600e+01 1.300e+01 1.200e+01 1.500e+01 1.500e+01
 5.000e+00 6.000e+00 8.000e+00 7.000e+00 6.000e+00 7.000e+00 3.000e+00
 3.000e+00 5.000e+00 3.000e+00 2.000e+00 3.000e+00 2.000e+00 1.000e+00
 2.000e+00 3.000e+00 1.000e+00 1.000e+00 1.000e+00 3.000e+00 2.000e+00
 1.000e+00 0.000e+00 0.000e+00 1.000e+00 0.000e+00 0.000e+00 1.000e+00
 3.000e+00 1.000e+00 0.000e+00 0.000e+00 2.000e+00 0.000e+00]
1113600 loops cons: [2.998e+03 9.580e+02 3.990e+02 2.180e+02 1.350e+02 8.500e+01 6.100e+01
 3.600e+01 3.600e+01 2.600e+01 1.300e+01 1.200e+01 1.500e+01 1.500e+01
 5.000e+00 6.000e+00 8.000e+00 7.000e+00 6.000e+00 7.000e+00 3.000e+00
 3.000e+00 5.000e+00 3.000e+00 2.000e+00 3.000e+00 2.000e+00 1.000e+00
 2.000e+00 3.000e+00 1.000e+00 1.000e+00 1.000e+00 3.000e+00 2.000e+00
 1.000e+00 0.000e+00 0.000e+00 1.000e+00 0.000e+00 0.000e+00 1.000e+00
 3.000e+00 1.000e+00 0.000e+00 0.000e+00 2.000e+00 0.000e+00]
1118400 loops cons: [3.011e+03 9.620e+02 3.990e+02 2.180e+02 1.370e+02 8.500e+01 6.100e+01
 3.600e+01 3.600e+01 2.600e+01 1.300e+01 1.200e+01 1.600e+01 1.500e+01
 5.000e+00 6.000e+00 8.000e+00 7.000e+00 6.000e+00 7.000e+00 3.000e+00
 3.000e+00 5.000e+00 3.000e+00 2.000e+00 3.000e+00 2.000e+00 1.000e+00
 2.000e+00 3.000e+00 1.000e+00 1.000e+00 1.000e+00 3.000e+00 2.000e+00
 1.000e+00 0.000e+00 0.000e+00 1.000e+00 0.000e+00 0.000e+00 1.000e+00
 3.000e+00 1.000e+00 0.000e+00 0.000e+00 2.000e+00 0.000e+00]
1123200 loops cons: [3.023e+03 9.670e+02 4.050e+02 2.190e+02 1.380e+02 8.500e+01 6.100e+01
 3.600e+01 3.600e+01 2.600e+01 1.300e+01 1.200e+01 1.600e+01 1.500e+01
 5.000e+00 6.000e+00 8.000e+00 7.000e+00 6.000e+00 7.000e+00 3.000e+00
 3.000e+00 5.000e+00 3.000e+00 2.000e+00 3.000e+00 2.000e+00 1.000e+00
 2.000e+00 3.000e+00 1.000e+00 1.000e+00 1.000e+00 3.000e+00 2.000e+00
 1.000e+00 0.000e+00 0.000e+00 1.000e+00 0.000e+00 0.000e+00 1.000e+00
 3.000e+00 1.000e+00 0.000e+00 0.000e+00 2.000e+00 0.000e+00]
1128000 loops cons: [3.046e+03 9.740e+02 4.050e+02 2.210e+02 1.380e+02 8.500e+01 6.100e+01
 3.600e+01 3.600e+01 2.700e+01 1.300e+01 1.200e+01 1.600e+01 1.500e+01
 5.000e+00 7.000e+00 8.000e+00 7.000e+00 6.000e+00 7.000e+00 3.000e+00
 4.000e+00 5.000e+00 3.000e+00 2.000e+00 3.000e+00 2.000e+00 1.000e+00
 2.000e+00 3.000e+00 1.000e+00 1.000e+00 1.000e+00 3.000e+00 2.000e+00
 1.000e+00 0.000e+00 0.000e+00 1.000e+00 0.000e+00 0.000e+00 1.000e+00
 3.000e+00 1.000e+00 0.000e+00 0.000e+00 2.000e+00 0.000e+00]
