Starting new run concatemerization
concentration: 2
0 loops cons: [0. 0. 0. 0. 0. 0. 0. 0. 0. 0. 0. 0. 0. 0. 0. 0. 0. 0. 0. 0. 0. 0. 0. 0.
 0. 0. 0. 0. 0. 0. 0. 0. 0. 0. 0. 0. 0. 0. 0. 0. 0. 0. 0. 0. 0. 0. 0. 0.]
4800 loops cons: [13.  4.  2.  1.  3.  0.  1.  0.  0.  0.  0.  1.  0.  0.  0.  0.  0.  0.
  0.  0.  0.  0.  0.  0.  0.  0.  0.  0.  0.  0.  0.  0.  0.  0.  0.  0.
  0.  0.  0.  0.  0.  0.  0.  0.  0.  0.  0.  0.]
9600 loops cons: [28.  9.  4.  3.  4.  0.  1.  1.  0.  0.  0.  1.  1.  0.  0.  0.  0.  0.
  0.  0.  0.  0.  0.  0.  0.  0.  0.  0.  0.  0.  0.  0.  0.  0.  0.  0.
  0.  0.  0.  0.  0.  0.  0.  0.  0.  0.  0.  0.]
14400 loops cons: [42. 14.  6.  4.  5.  0.  2.  1.  1.  0.  0.  2.  1.  0.  0.  0.  0.  0.
  0.  0.  0.  0.  0.  0.  0.  0.  0.  0.  0.  0.  0.  0.  0.  0.  0.  0.
  0.  0.  0.  0.  0.  0.  0.  0.  0.  0.  0.  0.]
19200 loops cons: [57. 24.  8.  5.  5.  1.  2.  1.  1.  0.  0.  2.  1.  0.  0.  0.  0.  0.
  0.  1.  0.  0.  0.  0.  0.  0.  0.  0.  0.  0.  0.  0.  0.  0.  0.  0.
  0.  0.  0.  0.  0.  0.  0.  0.  0.  0.  0.  0.]
24000 loops cons: [69. 27. 11.  6.  8.  1.  3.  1.  1.  0.  0.  3.  2.  0.  0.  0.  0.  0.
  0.  1.  0.  0.  0.  0.  0.  0.  0.  0.  0.  0.  0.  0.  0.  0.  0.  0.
  0.  0.  0.  0.  0.  0.  0.  0.  0.  0.  0.  0.]
28800 loops cons: [87. 31. 12.  6.  8.  1.  3.  2.  1.  0.  0.  3.  2.  0.  0.  0.  0.  0.
  0.  1.  0.  0.  0.  0.  0.  0.  0.  0.  0.  0.  0.  0.  0.  0.  0.  0.
  0.  0.  0.  0.  0.  0.  0.  0.  0.  0.  0.  0.]
33600 loops cons: [110.  36.  12.   7.   9.   1.   3.   2.   1.   1.   0.   4.   2.   0.
   0.   0.   0.   0.   0.   1.   0.   0.   0.   0.   0.   0.   0.   0.
   0.   0.   0.   0.   0.   0.   0.   0.   0.   0.   0.   0.   0.   0.
   0.   0.   0.   0.   0.   0.]
38400 loops cons: [122.  44.  14.   8.  10.   2.   3.   2.   1.   1.   0.   4.   2.   1.
   0.   0.   0.   0.   0.   1.   0.   0.   0.   0.   0.   0.   0.   0.
   0.   0.   0.   0.   0.   0.   0.   0.   0.   0.   0.   0.   0.   0.
   0.   0.   0.   0.   0.   0.]
43200 loops cons: [138.  46.  16.   9.  10.   2.   3.   2.   1.   1.   0.   4.   2.   1.
   0.   0.   0.   0.   0.   2.   1.   0.   0.   0.   0.   0.   0.   0.
   0.   0.   0.   0.   0.   0.   0.   0.   0.   0.   0.   0.   0.   0.
   0.   0.   0.   0.   0.   0.]
48000 loops cons: [147.  48.  19.  12.  11.   2.   3.   3.   1.   1.   0.   4.   2.   1.
   0.   0.   0.   0.   0.   2.   1.   0.   0.   0.   0.   0.   0.   0.
   0.   0.   0.   0.   0.   0.   0.   0.   0.   0.   0.   0.   0.   0.
   0.   0.   0.   0.   0.   0.]
52800 loops cons: [160.  57.  21.  12.  11.   2.   4.   3.   1.   2.   0.   4.   2.   1.
   0.   0.   0.   0.   0.   2.   1.   0.   0.   0.   0.   0.   0.   0.
   0.   0.   0.   0.   0.   0.   0.   0.   0.   0.   0.   0.   0.   0.
   0.   0.   0.   0.   0.   0.]
57600 loops cons: [170.  62.  24.  13.  11.   2.   4.   3.   1.   2.   0.   4.   2.   1.
   1.   0.   0.   0.   0.   2.   1.   0.   0.   0.   0.   0.   0.   0.
   0.   0.   0.   0.   0.   0.   0.   0.   0.   0.   0.   0.   0.   0.
   0.   0.   0.   0.   0.   0.]
62400 loops cons: [185.  70.  27.  13.  12.   2.   4.   3.   1.   2.   0.   4.   2.   1.
   1.   0.   0.   0.   0.   2.   1.   0.   0.   0.   0.   0.   0.   0.
   0.   0.   0.   0.   0.   0.   0.   0.   0.   0.   0.   0.   0.   0.
   0.   0.   0.   0.   0.   0.]
67200 loops cons: [196.  72.  28.  13.  13.   2.   5.   4.   1.   3.   0.   4.   2.   1.
   1.   0.   0.   0.   0.   2.   1.   0.   0.   0.   0.   0.   0.   0.
   0.   0.   0.   0.   0.   0.   0.   0.   0.   0.   0.   0.   0.   0.
   0.   0.   0.   0.   0.   0.]
72000 loops cons: [212.  74.  30.  13.  14.   2.   5.   4.   1.   3.   0.   4.   2.   1.
   1.   0.   0.   0.   0.   2.   1.   0.   0.   0.   0.   0.   0.   0.
   0.   0.   0.   0.   0.   0.   0.   0.   0.   0.   0.   0.   0.   0.
   0.   0.   0.   0.   0.   0.]
76800 loops cons: [223.  77.  33.  15.  14.   2.   5.   4.   1.   3.   0.   4.   2.   1.
   1.   0.   0.   0.   0.   2.   1.   0.   0.   0.   0.   0.   0.   0.
   0.   0.   0.   0.   0.   0.   0.   0.   0.   0.   0.   0.   0.   0.
   0.   0.   0.   0.   0.   0.]
81600 loops cons: [238.  81.  34.  15.  14.   2.   5.   4.   1.   3.   0.   4.   2.   1.
   1.   0.   0.   0.   0.   2.   1.   0.   0.   0.   0.   0.   0.   0.
   0.   0.   0.   0.   0.   0.   0.   0.   0.   0.   0.   0.   0.   0.
   0.   0.   0.   0.   0.   0.]
86400 loops cons: [254.  83.  39.  15.  15.   4.   6.   4.   1.   4.   0.   4.   2.   1.
   1.   0.   0.   0.   0.   2.   1.   0.   0.   0.   0.   0.   0.   0.
   0.   0.   0.   0.   0.   0.   0.   0.   0.   0.   0.   0.   0.   0.
   0.   0.   0.   0.   0.   0.]
91200 loops cons: [264.  88.  40.  15.  15.   4.   7.   4.   1.   4.   0.   4.   2.   1.
   1.   0.   0.   0.   0.   2.   1.   0.   0.   0.   0.   0.   0.   0.
   0.   0.   0.   0.   0.   0.   0.   0.   0.   0.   0.   0.   0.   0.
   0.   0.   0.   0.   0.   0.]
96000 loops cons: [276.  91.  43.  16.  16.   5.   7.   4.   1.   4.   0.   5.   3.   1.
   1.   0.   0.   0.   0.   2.   1.   0.   0.   0.   0.   0.   0.   0.
   0.   0.   0.   0.   0.   0.   0.   0.   0.   0.   0.   0.   0.   0.
   0.   0.   0.   0.   0.   0.]
100800 loops cons: [290.  99.  47.  17.  16.   5.   8.   4.   1.   5.   0.   5.   3.   1.
   1.   0.   0.   0.   0.   2.   1.   0.   0.   0.   0.   0.   0.   0.
   1.   0.   0.   0.   0.   0.   0.   0.   0.   0.   0.   0.   0.   0.
   0.   0.   0.   0.   0.   0.]
105600 loops cons: [304.  99.  48.  18.  16.   5.   8.   4.   1.   5.   0.   5.   3.   1.
   1.   0.   0.   0.   0.   2.   1.   0.   0.   0.   0.   0.   0.   0.
   1.   0.   0.   0.   0.   0.   0.   0.   0.   0.   0.   0.   0.   0.
   0.   0.   0.   0.   0.   0.]
110400 loops cons: [321. 102.  48.  19.  16.   5.   8.   4.   1.   5.   0.   5.   4.   1.
   1.   0.   0.   0.   0.   2.   1.   0.   0.   0.   0.   0.   0.   0.
   1.   0.   0.   0.   0.   0.   0.   0.   0.   0.   0.   0.   0.   0.
   0.   0.   0.   0.   0.   0.]
115200 loops cons: [335. 106.  49.  20.  16.   5.   8.   4.   1.   5.   0.   5.   4.   1.
   1.   0.   0.   0.   0.   2.   1.   0.   0.   0.   0.   0.   0.   0.
   1.   0.   0.   0.   0.   0.   0.   0.   0.   0.   0.   0.   0.   0.
   0.   0.   0.   0.   0.   0.]
120000 loops cons: [354. 111.  52.  21.  16.   5.   8.   4.   1.   5.   1.   5.   4.   1.
   1.   0.   0.   0.   0.   2.   1.   0.   0.   0.   0.   0.   0.   0.
   1.   0.   0.   0.   0.   0.   0.   0.   0.   0.   0.   0.   0.   0.
   0.   0.   0.   0.   0.   0.]
124800 loops cons: [365. 113.  55.  21.  17.   5.   8.   4.   1.   5.   1.   5.   4.   1.
   1.   0.   0.   0.   0.   2.   1.   0.   0.   0.   0.   0.   0.   0.
   1.   0.   0.   0.   0.   0.   0.   0.   0.   0.   0.   0.   0.   0.
   0.   0.   0.   0.   0.   0.]
129600 loops cons: [378. 115.  57.  23.  17.   5.   8.   4.   1.   6.   1.   5.   4.   1.
   1.   0.   0.   0.   0.   2.   1.   0.   0.   0.   0.   0.   0.   0.
   1.   0.   0.   0.   0.   0.   0.   0.   0.   0.   0.   0.   0.   0.
   0.   0.   0.   0.   0.   0.]
134400 loops cons: [390. 118.  60.  23.  18.   5.   8.   4.   1.   6.   1.   5.   4.   1.
   1.   0.   0.   0.   0.   2.   1.   0.   0.   0.   0.   0.   0.   0.
   1.   0.   0.   0.   0.   0.   0.   0.   0.   0.   0.   0.   0.   0.
   0.   0.   0.   0.   0.   0.]
139200 loops cons: [405. 125.  61.  23.  18.   7.   8.   4.   1.   6.   2.   5.   5.   1.
   1.   0.   0.   0.   0.   2.   1.   0.   0.   0.   0.   0.   0.   0.
   1.   0.   0.   0.   0.   0.   0.   0.   0.   0.   0.   0.   0.   0.
   0.   0.   0.   0.   0.   0.]
144000 loops cons: [414. 131.  65.  23.  18.   7.   9.   4.   2.   6.   2.   5.   5.   1.
   1.   0.   0.   0.   0.   2.   1.   0.   0.   0.   0.   0.   0.   0.
   1.   0.   0.   0.   0.   0.   0.   0.   0.   0.   0.   0.   0.   0.
   0.   0.   0.   0.   0.   0.]
148800 loops cons: [422. 135.  65.  23.  18.   7.   9.   5.   2.   6.   2.   5.   5.   1.
   1.   0.   0.   0.   0.   2.   1.   0.   0.   0.   0.   0.   0.   0.
   1.   0.   0.   0.   0.   0.   0.   0.   0.   0.   0.   0.   0.   0.
   0.   0.   0.   0.   0.   0.]
153600 loops cons: [437. 136.  68.  23.  19.   7.   9.   5.   2.   6.   2.   5.   5.   1.
   1.   0.   0.   0.   0.   2.   1.   0.   0.   1.   0.   0.   0.   0.
   1.   0.   0.   0.   0.   0.   0.   0.   0.   0.   0.   0.   0.   0.
   0.   0.   0.   0.   0.   0.]
158400 loops cons: [449. 138.  70.  25.  19.   8.   9.   5.   2.   6.   2.   5.   5.   1.
   1.   0.   0.   0.   0.   2.   1.   0.   1.   1.   0.   0.   0.   0.
   1.   0.   0.   0.   0.   0.   0.   0.   0.   0.   0.   0.   0.   0.
   0.   0.   0.   0.   0.   0.]
163200 loops cons: [461. 142.  71.  25.  19.   9.   9.   5.   2.   7.   2.   5.   5.   1.
   1.   0.   0.   0.   0.   2.   1.   0.   1.   1.   0.   0.   0.   0.
   1.   0.   0.   0.   0.   0.   0.   0.   0.   0.   0.   0.   0.   0.
   0.   0.   0.   0.   0.   0.]
168000 loops cons: [476. 144.  74.  27.  21.   9.   9.   5.   2.   7.   2.   5.   5.   1.
   1.   0.   0.   0.   0.   2.   1.   0.   1.   1.   0.   0.   0.   0.
   1.   0.   0.   0.   0.   0.   0.   0.   0.   0.   0.   0.   0.   0.
   0.   0.   0.   0.   0.   0.]
172800 loops cons: [487. 147.  74.  29.  21.   9.   9.   6.   2.   7.   2.   5.   5.   1.
   1.   0.   0.   0.   0.   2.   1.   0.   1.   1.   0.   0.   1.   0.
   1.   0.   0.   0.   0.   0.   0.   0.   0.   0.   0.   0.   0.   0.
   0.   0.   0.   0.   0.   0.]
177600 loops cons: [505. 151.  76.  29.  22.   9.   9.   6.   3.   7.   2.   5.   6.   1.
   1.   0.   0.   0.   0.   2.   1.   0.   1.   1.   0.   0.   1.   0.
   1.   0.   0.   0.   0.   0.   0.   0.   0.   0.   0.   0.   0.   0.
   0.   0.   0.   0.   0.   0.]
182400 loops cons: [514. 152.  77.  29.  22.   9.  10.   6.   3.   7.   2.   5.   6.   1.
   1.   0.   0.   0.   0.   2.   1.   0.   1.   1.   0.   0.   1.   0.
   1.   0.   0.   0.   0.   0.   0.   0.   0.   0.   0.   0.   0.   0.
   0.   0.   0.   0.   0.   0.]
187200 loops cons: [528. 154.  80.  31.  22.  10.  10.   6.   4.   7.   2.   5.   6.   1.
   1.   0.   0.   1.   0.   2.   1.   0.   1.   1.   0.   0.   1.   0.
   1.   0.   0.   0.   0.   0.   0.   0.   0.   0.   0.   0.   0.   0.
   0.   0.   0.   0.   0.   0.]
192000 loops cons: [542. 157.  83.  31.  24.  12.  10.   6.   4.   7.   2.   5.   6.   1.
   1.   0.   0.   1.   0.   3.   1.   0.   1.   1.   0.   0.   1.   0.
   1.   0.   0.   0.   0.   0.   0.   0.   0.   0.   0.   0.   0.   0.
   0.   0.   0.   0.   0.   0.]
196800 loops cons: [552. 164.  85.  31.  25.  12.  11.   6.   5.   7.   2.   5.   6.   1.
   1.   0.   0.   1.   0.   3.   1.   0.   1.   1.   0.   0.   1.   0.
   1.   0.   0.   0.   0.   0.   0.   0.   0.   0.   0.   0.   0.   0.
   0.   0.   0.   0.   0.   0.]
201600 loops cons: [567. 170.  85.  31.  26.  13.  11.   7.   5.   7.   2.   5.   6.   1.
   1.   0.   0.   1.   0.   3.   1.   0.   1.   1.   0.   0.   1.   0.
   1.   0.   0.   0.   0.   0.   0.   0.   0.   0.   0.   0.   0.   0.
   0.   0.   0.   0.   0.   0.]
206400 loops cons: [576. 175.  87.  32.  27.  13.  11.   7.   5.   9.   2.   5.   6.   2.
   1.   0.   0.   1.   0.   3.   1.   0.   1.   1.   0.   0.   1.   0.
   1.   0.   0.   0.   0.   0.   0.   0.   0.   0.   0.   0.   0.   0.
   0.   0.   0.   0.   0.   0.]
211200 loops cons: [590. 177.  89.  34.  27.  13.  11.   7.   5.   9.   2.   5.   6.   2.
   2.   0.   0.   1.   0.   3.   1.   0.   1.   1.   0.   0.   1.   0.
   1.   0.   0.   0.   0.   0.   0.   0.   0.   0.   0.   0.   0.   0.
   0.   0.   0.   0.   0.   0.]
216000 loops cons: [612. 183.  91.  36.  27.  13.  11.   7.   5.  10.   2.   5.   6.   2.
   2.   0.   0.   2.   1.   3.   1.   0.   1.   1.   0.   0.   1.   0.
   1.   0.   0.   0.   0.   0.   0.   0.   0.   0.   0.   0.   0.   0.
   0.   0.   0.   0.   0.   0.]
220800 loops cons: [625. 186.  92.  36.  28.  13.  11.   7.   6.  10.   3.   5.   6.   2.
   2.   0.   1.   2.   1.   3.   1.   0.   1.   1.   0.   0.   1.   0.
   1.   0.   0.   0.   0.   0.   0.   0.   0.   0.   0.   0.   0.   0.
   0.   0.   0.   0.   0.   0.]
225600 loops cons: [634. 188.  94.  37.  28.  13.  11.   7.   7.  10.   3.   5.   6.   2.
   2.   0.   1.   2.   1.   3.   1.   0.   1.   1.   0.   0.   1.   0.
   1.   0.   0.   0.   1.   0.   0.   0.   0.   0.   0.   0.   0.   0.
   0.   0.   0.   0.   0.   0.]
230400 loops cons: [650. 191.  94.  39.  28.  14.  11.   9.   7.  10.   3.   5.   6.   2.
   2.   0.   1.   2.   1.   3.   1.   0.   1.   1.   0.   0.   1.   0.
   1.   0.   0.   0.   1.   0.   0.   0.   0.   0.   0.   0.   0.   0.
   0.   0.   0.   0.   0.   0.]
235200 loops cons: [657. 196.  95.  39.  29.  14.  13.   9.   8.  10.   3.   6.   6.   2.
   2.   0.   1.   2.   1.   3.   1.   0.   1.   1.   0.   0.   1.   0.
   1.   0.   0.   0.   1.   0.   0.   0.   0.   0.   0.   0.   0.   0.
   0.   0.   0.   0.   0.   0.]
240000 loops cons: [680. 198.  97.  39.  30.  14.  13.   9.   8.  10.   3.   7.   6.   2.
   2.   0.   1.   2.   1.   3.   1.   0.   1.   1.   0.   0.   1.   0.
   1.   0.   0.   0.   1.   0.   0.   0.   0.   0.   0.   0.   0.   0.
   0.   0.   0.   0.   0.   0.]
244800 loops cons: [691. 201.  99.  41.  30.  15.  13.   9.   8.  10.   3.   7.   6.   2.
   2.   0.   1.   2.   1.   3.   1.   0.   1.   1.   0.   0.   1.   0.
   1.   0.   0.   0.   1.   0.   0.   0.   0.   0.   0.   0.   0.   0.
   0.   0.   0.   0.   0.   0.]
249600 loops cons: [705. 207.  99.  42.  31.  15.  13.   9.   8.  10.   3.   7.   6.   2.
   2.   0.   1.   2.   1.   3.   1.   0.   1.   1.   0.   0.   1.   0.
   1.   0.   0.   0.   1.   0.   0.   0.   0.   0.   0.   0.   0.   0.
   0.   0.   0.   0.   0.   0.]
254400 loops cons: [720. 212. 101.  42.  31.  16.  13.   9.   9.  10.   3.   7.   6.   2.
   2.   0.   1.   2.   1.   3.   1.   0.   1.   1.   0.   0.   1.   0.
   1.   0.   0.   0.   1.   0.   0.   0.   0.   0.   0.   0.   0.   0.
   0.   0.   0.   0.   0.   0.]
259200 loops cons: [739. 218. 104.  44.  32.  17.  13.   9.   9.  11.   3.   7.   6.   2.
   2.   0.   1.   2.   1.   3.   1.   0.   1.   1.   0.   0.   1.   0.
   1.   0.   0.   0.   1.   0.   0.   0.   0.   0.   0.   0.   0.   0.
   0.   0.   0.   0.   0.   0.]
264000 loops cons: [749. 222. 107.  45.  32.  17.  13.   9.   9.  11.   3.   8.   6.   2.
   2.   0.   1.   2.   1.   3.   1.   0.   1.   1.   0.   0.   1.   0.
   1.   0.   0.   0.   1.   0.   0.   0.   0.   0.   0.   0.   0.   0.
   0.   0.   0.   0.   0.   0.]
268800 loops cons: [764. 227. 107.  45.  33.  19.  13.   9.   9.  11.   3.   8.   6.   2.
   2.   0.   1.   2.   1.   3.   1.   0.   1.   1.   0.   0.   1.   0.
   1.   0.   0.   0.   1.   0.   0.   0.   0.   0.   0.   0.   0.   0.
   0.   0.   0.   0.   0.   0.]
273600 loops cons: [773. 230. 107.  45.  35.  19.  13.   9.   9.  11.   3.   8.   6.   2.
   3.   0.   1.   2.   1.   3.   1.   0.   1.   1.   0.   0.   1.   0.
   1.   0.   0.   0.   1.   0.   0.   0.   0.   0.   0.   0.   0.   0.
   0.   0.   0.   0.   0.   0.]
278400 loops cons: [787. 241. 109.  46.  35.  19.  13.   9.   9.  12.   3.   8.   6.   3.
   3.   0.   1.   2.   1.   4.   1.   0.   1.   1.   0.   0.   1.   0.
   1.   0.   0.   0.   1.   0.   0.   0.   0.   0.   0.   0.   0.   0.
   0.   0.   0.   0.   0.   0.]
283200 loops cons: [799. 247. 111.  46.  35.  19.  13.  11.   9.  12.   3.   8.   6.   3.
   3.   0.   1.   2.   1.   4.   1.   0.   1.   1.   0.   0.   1.   0.
   1.   0.   0.   0.   1.   0.   0.   0.   0.   0.   0.   0.   0.   0.
   0.   0.   0.   0.   0.   0.]
288000 loops cons: [817. 249. 111.  46.  35.  19.  13.  12.  10.  12.   3.   8.   6.   3.
   3.   0.   1.   2.   1.   4.   1.   0.   1.   1.   0.   0.   1.   0.
   1.   0.   0.   0.   1.   0.   0.   0.   0.   0.   0.   0.   0.   0.
   0.   0.   0.   0.   0.   0.]
292800 loops cons: [830. 252. 112.  48.  36.  19.  13.  13.  11.  12.   3.   8.   6.   3.
   3.   0.   1.   2.   1.   4.   1.   0.   1.   1.   0.   0.   1.   0.
   1.   0.   0.   0.   1.   0.   0.   0.   0.   0.   0.   0.   0.   0.
   0.   0.   0.   0.   0.   0.]
297600 loops cons: [843. 257. 113.  48.  36.  19.  13.  13.  12.  12.   3.   8.   6.   3.
   3.   0.   1.   2.   1.   4.   1.   0.   1.   1.   0.   0.   1.   0.
   1.   0.   0.   0.   1.   0.   0.   0.   0.   0.   0.   0.   0.   0.
   0.   0.   0.   0.   0.   0.]
302400 loops cons: [857. 258. 114.  50.  36.  19.  13.  13.  12.  13.   3.   8.   6.   3.
   3.   0.   1.   2.   1.   4.   1.   0.   1.   1.   0.   0.   1.   0.
   1.   0.   0.   0.   1.   0.   0.   0.   0.   0.   0.   0.   0.   0.
   0.   0.   0.   0.   0.   0.]
307200 loops cons: [868. 263. 116.  52.  36.  19.  13.  13.  12.  13.   3.   8.   6.   3.
   3.   0.   1.   2.   1.   4.   1.   0.   1.   1.   0.   0.   1.   0.
   1.   0.   0.   0.   1.   0.   0.   0.   0.   0.   0.   0.   0.   0.
   0.   0.   0.   0.   0.   0.]
312000 loops cons: [879. 268. 118.  53.  37.  21.  13.  13.  12.  13.   3.   8.   6.   3.
   3.   0.   1.   2.   1.   4.   1.   0.   1.   1.   0.   0.   1.   0.
   1.   0.   0.   0.   1.   0.   0.   0.   0.   0.   0.   0.   0.   0.
   0.   0.   0.   0.   0.   0.]
316800 loops cons: [889. 273. 119.  56.  37.  21.  13.  13.  12.  13.   3.   8.   6.   3.
   3.   0.   1.   2.   1.   4.   1.   0.   1.   2.   0.   0.   1.   0.
   2.   0.   0.   0.   1.   0.   0.   0.   0.   0.   0.   0.   0.   0.
   0.   0.   0.   0.   0.   0.]
321600 loops cons: [906. 278. 121.  57.  37.  21.  15.  14.  12.  13.   3.   8.   6.   3.
   3.   0.   1.   2.   1.   4.   1.   0.   1.   2.   0.   0.   1.   0.
   2.   0.   0.   0.   1.   0.   0.   0.   0.   0.   0.   0.   0.   0.
   0.   0.   0.   0.   0.   0.]
326400 loops cons: [918. 280. 125.  58.  37.  21.  15.  14.  12.  14.   3.   8.   6.   3.
   3.   0.   1.   2.   1.   4.   1.   0.   1.   2.   0.   0.   1.   0.
   2.   0.   0.   0.   1.   1.   0.   0.   0.   0.   0.   0.   0.   0.
   0.   0.   0.   0.   0.   0.]
331200 loops cons: [928. 287. 127.  58.  37.  23.  15.  14.  12.  16.   4.   8.   6.   3.
   3.   0.   1.   2.   1.   4.   1.   0.   1.   2.   0.   0.   1.   0.
   2.   0.   0.   0.   1.   1.   0.   0.   0.   0.   0.   0.   0.   0.
   0.   0.   0.   0.   0.   0.]
336000 loops cons: [944. 290. 128.  58.  40.  23.  15.  14.  12.  16.   5.   8.   6.   3.
   3.   0.   1.   2.   1.   4.   1.   0.   1.   2.   0.   0.   1.   0.
   2.   0.   0.   0.   1.   1.   0.   0.   0.   0.   0.   0.   0.   0.
   0.   0.   0.   0.   0.   0.]
340800 loops cons: [962. 295. 130.  60.  40.  23.  16.  14.  12.  16.   5.   8.   6.   4.
   3.   0.   1.   2.   1.   4.   1.   0.   1.   2.   0.   0.   1.   0.
   2.   0.   0.   0.   1.   1.   0.   0.   0.   0.   0.   0.   0.   0.
   0.   0.   0.   0.   0.   0.]
345600 loops cons: [976. 296. 131.  60.  40.  23.  16.  14.  12.  16.   6.   8.   6.   4.
   3.   0.   1.   2.   1.   4.   1.   0.   1.   2.   0.   0.   1.   0.
   2.   0.   0.   0.   1.   1.   0.   0.   0.   0.   0.   0.   0.   0.
   0.   0.   0.   0.   0.   0.]
350400 loops cons: [988. 303. 131.  60.  40.  25.  16.  14.  12.  16.   6.   8.   6.   4.
   3.   0.   3.   2.   1.   4.   1.   0.   1.   2.   0.   0.   1.   0.
   2.   0.   0.   0.   1.   1.   0.   0.   0.   0.   0.   0.   0.   0.
   0.   0.   0.   0.   0.   0.]
355200 loops cons: [999. 306. 133.  62.  40.  25.  16.  14.  12.  16.   6.   9.   6.   4.
   3.   0.   3.   2.   1.   4.   1.   0.   1.   2.   0.   0.   1.   0.
   2.   0.   0.   0.   1.   1.   0.   0.   0.   0.   0.   0.   0.   0.
   0.   0.   0.   0.   0.   0.]
360000 loops cons: [1.012e+03 3.100e+02 1.340e+02 6.200e+01 4.000e+01 2.600e+01 1.700e+01
 1.500e+01 1.200e+01 1.600e+01 6.000e+00 9.000e+00 6.000e+00 4.000e+00
 3.000e+00 0.000e+00 3.000e+00 2.000e+00 1.000e+00 4.000e+00 1.000e+00
 0.000e+00 1.000e+00 2.000e+00 0.000e+00 0.000e+00 1.000e+00 0.000e+00
 2.000e+00 0.000e+00 0.000e+00 0.000e+00 1.000e+00 1.000e+00 0.000e+00
 0.000e+00 0.000e+00 0.000e+00 0.000e+00 0.000e+00 0.000e+00 0.000e+00
 0.000e+00 0.000e+00 0.000e+00 0.000e+00 0.000e+00 0.000e+00]
364800 loops cons: [1.029e+03 3.110e+02 1.350e+02 6.300e+01 4.100e+01 2.600e+01 1.700e+01
 1.500e+01 1.200e+01 1.600e+01 6.000e+00 9.000e+00 6.000e+00 4.000e+00
 3.000e+00 0.000e+00 3.000e+00 2.000e+00 1.000e+00 4.000e+00 1.000e+00
 0.000e+00 1.000e+00 2.000e+00 0.000e+00 0.000e+00 1.000e+00 0.000e+00
 2.000e+00 0.000e+00 0.000e+00 0.000e+00 1.000e+00 1.000e+00 0.000e+00
 0.000e+00 0.000e+00 0.000e+00 0.000e+00 0.000e+00 0.000e+00 0.000e+00
 0.000e+00 0.000e+00 0.000e+00 0.000e+00 0.000e+00 0.000e+00]
369600 loops cons: [1.045e+03 3.130e+02 1.380e+02 6.400e+01 4.400e+01 2.600e+01 1.700e+01
 1.500e+01 1.200e+01 1.600e+01 6.000e+00 9.000e+00 6.000e+00 4.000e+00
 4.000e+00 0.000e+00 3.000e+00 2.000e+00 1.000e+00 4.000e+00 1.000e+00
 0.000e+00 1.000e+00 2.000e+00 0.000e+00 0.000e+00 1.000e+00 0.000e+00
 2.000e+00 0.000e+00 0.000e+00 0.000e+00 1.000e+00 1.000e+00 0.000e+00
 0.000e+00 0.000e+00 0.000e+00 0.000e+00 0.000e+00 0.000e+00 0.000e+00
 0.000e+00 0.000e+00 0.000e+00 0.000e+00 0.000e+00 0.000e+00]
374400 loops cons: [1.059e+03 3.170e+02 1.390e+02 6.400e+01 4.400e+01 2.600e+01 1.700e+01
 1.500e+01 1.200e+01 1.600e+01 6.000e+00 9.000e+00 6.000e+00 4.000e+00
 4.000e+00 0.000e+00 3.000e+00 2.000e+00 1.000e+00 4.000e+00 1.000e+00
 0.000e+00 1.000e+00 2.000e+00 0.000e+00 0.000e+00 1.000e+00 0.000e+00
 2.000e+00 0.000e+00 0.000e+00 0.000e+00 1.000e+00 1.000e+00 0.000e+00
 0.000e+00 0.000e+00 0.000e+00 0.000e+00 0.000e+00 0.000e+00 0.000e+00
 0.000e+00 0.000e+00 0.000e+00 0.000e+00 0.000e+00 0.000e+00]
379200 loops cons: [1.074e+03 3.220e+02 1.440e+02 6.400e+01 4.500e+01 2.700e+01 1.700e+01
 1.600e+01 1.200e+01 1.600e+01 6.000e+00 9.000e+00 6.000e+00 4.000e+00
 4.000e+00 0.000e+00 3.000e+00 2.000e+00 1.000e+00 4.000e+00 1.000e+00
 0.000e+00 1.000e+00 2.000e+00 0.000e+00 0.000e+00 1.000e+00 0.000e+00
 2.000e+00 0.000e+00 0.000e+00 0.000e+00 1.000e+00 1.000e+00 0.000e+00
 0.000e+00 0.000e+00 0.000e+00 0.000e+00 0.000e+00 0.000e+00 0.000e+00
 0.000e+00 0.000e+00 0.000e+00 0.000e+00 0.000e+00 0.000e+00]
384000 loops cons: [1.086e+03 3.250e+02 1.460e+02 6.600e+01 4.500e+01 2.800e+01 1.800e+01
 1.600e+01 1.200e+01 1.600e+01 6.000e+00 9.000e+00 6.000e+00 4.000e+00
 4.000e+00 0.000e+00 3.000e+00 2.000e+00 1.000e+00 4.000e+00 1.000e+00
 0.000e+00 1.000e+00 2.000e+00 0.000e+00 0.000e+00 1.000e+00 0.000e+00
 2.000e+00 0.000e+00 0.000e+00 0.000e+00 1.000e+00 1.000e+00 0.000e+00
 1.000e+00 0.000e+00 0.000e+00 0.000e+00 0.000e+00 0.000e+00 0.000e+00
 0.000e+00 0.000e+00 0.000e+00 0.000e+00 0.000e+00 0.000e+00]
388800 loops cons: [1.096e+03 3.290e+02 1.480e+02 6.800e+01 4.500e+01 2.900e+01 1.800e+01
 1.600e+01 1.200e+01 1.600e+01 6.000e+00 1.000e+01 6.000e+00 4.000e+00
 5.000e+00 0.000e+00 3.000e+00 2.000e+00 1.000e+00 4.000e+00 1.000e+00
 0.000e+00 1.000e+00 3.000e+00 0.000e+00 0.000e+00 1.000e+00 0.000e+00
 2.000e+00 0.000e+00 0.000e+00 0.000e+00 1.000e+00 1.000e+00 0.000e+00
 1.000e+00 0.000e+00 0.000e+00 0.000e+00 0.000e+00 0.000e+00 0.000e+00
 0.000e+00 0.000e+00 0.000e+00 0.000e+00 0.000e+00 0.000e+00]
393600 loops cons: [1.104e+03 3.330e+02 1.510e+02 7.100e+01 4.500e+01 2.900e+01 1.800e+01
 1.600e+01 1.200e+01 1.600e+01 6.000e+00 1.000e+01 6.000e+00 4.000e+00
 5.000e+00 0.000e+00 3.000e+00 2.000e+00 1.000e+00 4.000e+00 1.000e+00
 0.000e+00 1.000e+00 3.000e+00 0.000e+00 0.000e+00 1.000e+00 0.000e+00
 2.000e+00 0.000e+00 0.000e+00 0.000e+00 1.000e+00 1.000e+00 0.000e+00
 1.000e+00 0.000e+00 0.000e+00 0.000e+00 0.000e+00 0.000e+00 0.000e+00
 0.000e+00 0.000e+00 0.000e+00 0.000e+00 0.000e+00 0.000e+00]
398400 loops cons: [1.116e+03 3.340e+02 1.520e+02 7.200e+01 4.500e+01 2.900e+01 1.800e+01
 1.600e+01 1.300e+01 1.600e+01 6.000e+00 1.000e+01 6.000e+00 4.000e+00
 5.000e+00 0.000e+00 3.000e+00 2.000e+00 1.000e+00 4.000e+00 1.000e+00
 0.000e+00 1.000e+00 3.000e+00 0.000e+00 0.000e+00 1.000e+00 0.000e+00
 2.000e+00 0.000e+00 0.000e+00 0.000e+00 1.000e+00 1.000e+00 0.000e+00
 1.000e+00 0.000e+00 0.000e+00 0.000e+00 0.000e+00 0.000e+00 0.000e+00
 0.000e+00 0.000e+00 0.000e+00 0.000e+00 0.000e+00 0.000e+00]
403200 loops cons: [1.131e+03 3.360e+02 1.530e+02 7.300e+01 4.500e+01 2.900e+01 1.800e+01
 1.600e+01 1.300e+01 1.600e+01 6.000e+00 1.000e+01 6.000e+00 4.000e+00
 5.000e+00 0.000e+00 3.000e+00 2.000e+00 1.000e+00 4.000e+00 1.000e+00
 0.000e+00 1.000e+00 3.000e+00 0.000e+00 0.000e+00 1.000e+00 0.000e+00
 2.000e+00 0.000e+00 0.000e+00 0.000e+00 1.000e+00 1.000e+00 0.000e+00
 1.000e+00 0.000e+00 0.000e+00 0.000e+00 0.000e+00 0.000e+00 0.000e+00
 0.000e+00 0.000e+00 0.000e+00 0.000e+00 0.000e+00 0.000e+00]
408000 loops cons: [1.145e+03 3.400e+02 1.540e+02 7.300e+01 4.500e+01 2.900e+01 1.900e+01
 1.600e+01 1.300e+01 1.600e+01 6.000e+00 1.000e+01 7.000e+00 4.000e+00
 6.000e+00 0.000e+00 3.000e+00 2.000e+00 1.000e+00 4.000e+00 1.000e+00
 0.000e+00 1.000e+00 3.000e+00 0.000e+00 0.000e+00 1.000e+00 0.000e+00
 2.000e+00 0.000e+00 0.000e+00 0.000e+00 1.000e+00 1.000e+00 0.000e+00
 1.000e+00 0.000e+00 0.000e+00 0.000e+00 0.000e+00 0.000e+00 0.000e+00
 0.000e+00 0.000e+00 0.000e+00 0.000e+00 0.000e+00 0.000e+00]
412800 loops cons: [1.156e+03 3.430e+02 1.540e+02 7.400e+01 4.500e+01 3.000e+01 2.000e+01
 1.600e+01 1.300e+01 1.600e+01 6.000e+00 1.000e+01 8.000e+00 4.000e+00
 6.000e+00 0.000e+00 3.000e+00 2.000e+00 1.000e+00 4.000e+00 1.000e+00
 0.000e+00 1.000e+00 3.000e+00 0.000e+00 0.000e+00 1.000e+00 0.000e+00
 2.000e+00 0.000e+00 0.000e+00 0.000e+00 1.000e+00 1.000e+00 0.000e+00
 1.000e+00 0.000e+00 0.000e+00 0.000e+00 0.000e+00 0.000e+00 0.000e+00
 0.000e+00 0.000e+00 0.000e+00 0.000e+00 0.000e+00 0.000e+00]
417600 loops cons: [1.169e+03 3.480e+02 1.570e+02 7.400e+01 4.500e+01 3.000e+01 2.000e+01
 1.800e+01 1.300e+01 1.600e+01 6.000e+00 1.000e+01 8.000e+00 4.000e+00
 6.000e+00 0.000e+00 3.000e+00 2.000e+00 1.000e+00 4.000e+00 1.000e+00
 0.000e+00 1.000e+00 3.000e+00 0.000e+00 0.000e+00 1.000e+00 0.000e+00
 2.000e+00 0.000e+00 0.000e+00 0.000e+00 1.000e+00 1.000e+00 0.000e+00
 1.000e+00 0.000e+00 0.000e+00 0.000e+00 0.000e+00 0.000e+00 0.000e+00
 0.000e+00 0.000e+00 0.000e+00 0.000e+00 0.000e+00 0.000e+00]
422400 loops cons: [1.175e+03 3.480e+02 1.590e+02 7.600e+01 4.600e+01 3.000e+01 2.000e+01
 1.800e+01 1.400e+01 1.600e+01 6.000e+00 1.000e+01 8.000e+00 4.000e+00
 6.000e+00 0.000e+00 3.000e+00 2.000e+00 1.000e+00 4.000e+00 1.000e+00
 0.000e+00 1.000e+00 3.000e+00 0.000e+00 0.000e+00 1.000e+00 0.000e+00
 2.000e+00 0.000e+00 0.000e+00 0.000e+00 1.000e+00 1.000e+00 0.000e+00
 1.000e+00 0.000e+00 0.000e+00 0.000e+00 0.000e+00 0.000e+00 0.000e+00
 0.000e+00 0.000e+00 0.000e+00 0.000e+00 0.000e+00 0.000e+00]
427200 loops cons: [1.193e+03 3.540e+02 1.610e+02 7.800e+01 4.600e+01 3.000e+01 2.100e+01
 1.800e+01 1.400e+01 1.600e+01 6.000e+00 1.000e+01 8.000e+00 4.000e+00
 6.000e+00 0.000e+00 3.000e+00 3.000e+00 1.000e+00 4.000e+00 1.000e+00
 0.000e+00 1.000e+00 4.000e+00 0.000e+00 0.000e+00 1.000e+00 0.000e+00
 2.000e+00 0.000e+00 0.000e+00 0.000e+00 1.000e+00 1.000e+00 0.000e+00
 1.000e+00 0.000e+00 0.000e+00 0.000e+00 0.000e+00 0.000e+00 0.000e+00
 0.000e+00 0.000e+00 0.000e+00 0.000e+00 0.000e+00 0.000e+00]
432000 loops cons: [1.204e+03 3.560e+02 1.620e+02 7.900e+01 4.600e+01 3.000e+01 2.100e+01
 1.800e+01 1.400e+01 1.600e+01 6.000e+00 1.000e+01 8.000e+00 4.000e+00
 6.000e+00 0.000e+00 3.000e+00 3.000e+00 1.000e+00 4.000e+00 1.000e+00
 0.000e+00 1.000e+00 4.000e+00 0.000e+00 0.000e+00 1.000e+00 0.000e+00
 2.000e+00 0.000e+00 0.000e+00 0.000e+00 1.000e+00 1.000e+00 0.000e+00
 1.000e+00 0.000e+00 0.000e+00 0.000e+00 0.000e+00 0.000e+00 0.000e+00
 0.000e+00 0.000e+00 0.000e+00 0.000e+00 0.000e+00 0.000e+00]
436800 loops cons: [1.21e+03 3.59e+02 1.63e+02 8.10e+01 4.80e+01 3.10e+01 2.10e+01 1.80e+01
 1.40e+01 1.60e+01 6.00e+00 1.00e+01 8.00e+00 4.00e+00 6.00e+00 1.00e+00
 3.00e+00 3.00e+00 1.00e+00 4.00e+00 1.00e+00 0.00e+00 1.00e+00 4.00e+00
 0.00e+00 0.00e+00 1.00e+00 0.00e+00 2.00e+00 0.00e+00 0.00e+00 0.00e+00
 1.00e+00 1.00e+00 0.00e+00 1.00e+00 0.00e+00 0.00e+00 0.00e+00 0.00e+00
 0.00e+00 0.00e+00 0.00e+00 0.00e+00 0.00e+00 0.00e+00 0.00e+00 0.00e+00]
441600 loops cons: [1.225e+03 3.620e+02 1.670e+02 8.200e+01 4.800e+01 3.100e+01 2.200e+01
 1.800e+01 1.500e+01 1.600e+01 6.000e+00 1.000e+01 8.000e+00 4.000e+00
 6.000e+00 2.000e+00 4.000e+00 3.000e+00 1.000e+00 4.000e+00 1.000e+00
 0.000e+00 1.000e+00 4.000e+00 0.000e+00 0.000e+00 1.000e+00 0.000e+00
 2.000e+00 0.000e+00 0.000e+00 0.000e+00 1.000e+00 1.000e+00 0.000e+00
 1.000e+00 0.000e+00 0.000e+00 0.000e+00 0.000e+00 0.000e+00 0.000e+00
 0.000e+00 0.000e+00 0.000e+00 0.000e+00 0.000e+00 0.000e+00]
446400 loops cons: [1.239e+03 3.700e+02 1.710e+02 8.200e+01 4.800e+01 3.100e+01 2.200e+01
 1.800e+01 1.500e+01 1.600e+01 6.000e+00 1.000e+01 8.000e+00 4.000e+00
 6.000e+00 2.000e+00 4.000e+00 3.000e+00 1.000e+00 4.000e+00 1.000e+00
 0.000e+00 1.000e+00 4.000e+00 0.000e+00 0.000e+00 1.000e+00 0.000e+00
 2.000e+00 0.000e+00 0.000e+00 0.000e+00 1.000e+00 1.000e+00 0.000e+00
 1.000e+00 0.000e+00 0.000e+00 0.000e+00 0.000e+00 0.000e+00 0.000e+00
 0.000e+00 0.000e+00 0.000e+00 0.000e+00 0.000e+00 0.000e+00]
451200 loops cons: [1.251e+03 3.720e+02 1.720e+02 8.400e+01 4.900e+01 3.100e+01 2.200e+01
 1.800e+01 1.500e+01 1.600e+01 6.000e+00 1.000e+01 8.000e+00 4.000e+00
 6.000e+00 2.000e+00 4.000e+00 3.000e+00 2.000e+00 4.000e+00 1.000e+00
 0.000e+00 1.000e+00 4.000e+00 0.000e+00 0.000e+00 1.000e+00 0.000e+00
 2.000e+00 0.000e+00 0.000e+00 0.000e+00 1.000e+00 1.000e+00 0.000e+00
 1.000e+00 0.000e+00 0.000e+00 0.000e+00 0.000e+00 0.000e+00 0.000e+00
 0.000e+00 0.000e+00 0.000e+00 0.000e+00 0.000e+00 0.000e+00]
456000 loops cons: [1.269e+03 3.740e+02 1.740e+02 8.500e+01 4.900e+01 3.100e+01 2.200e+01
 1.800e+01 1.500e+01 1.600e+01 6.000e+00 1.000e+01 8.000e+00 4.000e+00
 7.000e+00 2.000e+00 5.000e+00 3.000e+00 2.000e+00 4.000e+00 1.000e+00
 0.000e+00 1.000e+00 4.000e+00 0.000e+00 0.000e+00 1.000e+00 0.000e+00
 2.000e+00 0.000e+00 0.000e+00 0.000e+00 1.000e+00 1.000e+00 0.000e+00
 1.000e+00 0.000e+00 0.000e+00 0.000e+00 0.000e+00 0.000e+00 0.000e+00
 0.000e+00 0.000e+00 0.000e+00 0.000e+00 0.000e+00 0.000e+00]
460800 loops cons: [1.282e+03 3.760e+02 1.750e+02 8.600e+01 5.000e+01 3.100e+01 2.200e+01
 1.900e+01 1.500e+01 1.600e+01 6.000e+00 1.000e+01 8.000e+00 4.000e+00
 7.000e+00 2.000e+00 5.000e+00 3.000e+00 2.000e+00 4.000e+00 1.000e+00
 0.000e+00 1.000e+00 4.000e+00 0.000e+00 0.000e+00 1.000e+00 0.000e+00
 2.000e+00 0.000e+00 0.000e+00 0.000e+00 1.000e+00 1.000e+00 0.000e+00
 1.000e+00 0.000e+00 0.000e+00 0.000e+00 0.000e+00 0.000e+00 0.000e+00
 0.000e+00 0.000e+00 0.000e+00 0.000e+00 0.000e+00 0.000e+00]
465600 loops cons: [1.298e+03 3.790e+02 1.750e+02 8.700e+01 5.100e+01 3.100e+01 2.200e+01
 1.900e+01 1.500e+01 1.600e+01 6.000e+00 1.000e+01 8.000e+00 5.000e+00
 7.000e+00 2.000e+00 6.000e+00 3.000e+00 2.000e+00 4.000e+00 1.000e+00
 0.000e+00 1.000e+00 4.000e+00 0.000e+00 0.000e+00 1.000e+00 0.000e+00
 2.000e+00 0.000e+00 0.000e+00 0.000e+00 1.000e+00 1.000e+00 0.000e+00
 1.000e+00 0.000e+00 0.000e+00 0.000e+00 0.000e+00 0.000e+00 0.000e+00
 0.000e+00 0.000e+00 0.000e+00 0.000e+00 0.000e+00 0.000e+00]
470400 loops cons: [1.309e+03 3.830e+02 1.760e+02 8.900e+01 5.100e+01 3.100e+01 2.200e+01
 1.900e+01 1.500e+01 1.600e+01 6.000e+00 1.000e+01 8.000e+00 5.000e+00
 7.000e+00 2.000e+00 6.000e+00 3.000e+00 2.000e+00 4.000e+00 1.000e+00
 0.000e+00 1.000e+00 4.000e+00 0.000e+00 0.000e+00 1.000e+00 0.000e+00
 2.000e+00 0.000e+00 0.000e+00 0.000e+00 1.000e+00 1.000e+00 0.000e+00
 1.000e+00 0.000e+00 0.000e+00 0.000e+00 0.000e+00 0.000e+00 0.000e+00
 0.000e+00 0.000e+00 0.000e+00 0.000e+00 0.000e+00 0.000e+00]
475200 loops cons: [1.326e+03 3.850e+02 1.780e+02 8.900e+01 5.200e+01 3.100e+01 2.200e+01
 1.900e+01 1.500e+01 1.600e+01 6.000e+00 1.000e+01 8.000e+00 5.000e+00
 7.000e+00 2.000e+00 6.000e+00 3.000e+00 2.000e+00 4.000e+00 1.000e+00
 0.000e+00 1.000e+00 4.000e+00 0.000e+00 0.000e+00 1.000e+00 0.000e+00
 2.000e+00 0.000e+00 0.000e+00 0.000e+00 1.000e+00 1.000e+00 0.000e+00
 1.000e+00 0.000e+00 0.000e+00 0.000e+00 0.000e+00 0.000e+00 0.000e+00
 0.000e+00 0.000e+00 0.000e+00 0.000e+00 0.000e+00 0.000e+00]
480000 loops cons: [1.341e+03 3.870e+02 1.780e+02 8.900e+01 5.200e+01 3.100e+01 2.200e+01
 1.900e+01 1.500e+01 1.600e+01 7.000e+00 1.000e+01 8.000e+00 5.000e+00
 7.000e+00 2.000e+00 6.000e+00 3.000e+00 2.000e+00 4.000e+00 1.000e+00
 0.000e+00 1.000e+00 4.000e+00 0.000e+00 0.000e+00 1.000e+00 0.000e+00
 2.000e+00 0.000e+00 0.000e+00 0.000e+00 1.000e+00 1.000e+00 0.000e+00
 1.000e+00 0.000e+00 0.000e+00 0.000e+00 0.000e+00 0.000e+00 0.000e+00
 0.000e+00 0.000e+00 0.000e+00 0.000e+00 0.000e+00 0.000e+00]
484800 loops cons: [1.351e+03 3.880e+02 1.810e+02 9.000e+01 5.200e+01 3.200e+01 2.300e+01
 1.900e+01 1.500e+01 1.600e+01 7.000e+00 1.000e+01 8.000e+00 5.000e+00
 7.000e+00 2.000e+00 6.000e+00 3.000e+00 2.000e+00 4.000e+00 1.000e+00
 0.000e+00 1.000e+00 4.000e+00 0.000e+00 0.000e+00 1.000e+00 0.000e+00
 2.000e+00 0.000e+00 0.000e+00 0.000e+00 1.000e+00 1.000e+00 0.000e+00
 1.000e+00 0.000e+00 0.000e+00 0.000e+00 0.000e+00 0.000e+00 0.000e+00
 0.000e+00 0.000e+00 0.000e+00 0.000e+00 0.000e+00 0.000e+00]
489600 loops cons: [1.362e+03 3.890e+02 1.840e+02 9.000e+01 5.300e+01 3.200e+01 2.400e+01
 1.900e+01 1.500e+01 1.600e+01 7.000e+00 1.000e+01 8.000e+00 5.000e+00
 7.000e+00 2.000e+00 6.000e+00 3.000e+00 2.000e+00 5.000e+00 1.000e+00
 0.000e+00 1.000e+00 4.000e+00 0.000e+00 0.000e+00 1.000e+00 0.000e+00
 2.000e+00 0.000e+00 0.000e+00 0.000e+00 1.000e+00 1.000e+00 0.000e+00
 1.000e+00 0.000e+00 0.000e+00 0.000e+00 0.000e+00 0.000e+00 0.000e+00
 0.000e+00 0.000e+00 0.000e+00 0.000e+00 0.000e+00 0.000e+00]
494400 loops cons: [1.382e+03 3.910e+02 1.860e+02 9.200e+01 5.300e+01 3.200e+01 2.500e+01
 1.900e+01 1.500e+01 1.600e+01 7.000e+00 1.000e+01 8.000e+00 5.000e+00
 7.000e+00 2.000e+00 6.000e+00 3.000e+00 2.000e+00 5.000e+00 1.000e+00
 0.000e+00 1.000e+00 4.000e+00 0.000e+00 0.000e+00 1.000e+00 0.000e+00
 2.000e+00 0.000e+00 0.000e+00 0.000e+00 1.000e+00 1.000e+00 0.000e+00
 1.000e+00 0.000e+00 0.000e+00 0.000e+00 0.000e+00 0.000e+00 0.000e+00
 0.000e+00 0.000e+00 0.000e+00 0.000e+00 0.000e+00 0.000e+00]
499200 loops cons: [1.392e+03 3.950e+02 1.900e+02 9.300e+01 5.500e+01 3.200e+01 2.500e+01
 1.900e+01 1.600e+01 1.600e+01 7.000e+00 1.000e+01 8.000e+00 6.000e+00
 7.000e+00 2.000e+00 6.000e+00 3.000e+00 2.000e+00 5.000e+00 1.000e+00
 0.000e+00 1.000e+00 4.000e+00 0.000e+00 0.000e+00 1.000e+00 0.000e+00
 2.000e+00 0.000e+00 0.000e+00 0.000e+00 1.000e+00 1.000e+00 0.000e+00
 1.000e+00 0.000e+00 0.000e+00 0.000e+00 0.000e+00 0.000e+00 0.000e+00
 0.000e+00 0.000e+00 0.000e+00 0.000e+00 0.000e+00 0.000e+00]
504000 loops cons: [1.401e+03 3.970e+02 1.910e+02 9.300e+01 5.700e+01 3.300e+01 2.500e+01
 1.900e+01 1.700e+01 1.700e+01 7.000e+00 1.000e+01 8.000e+00 6.000e+00
 7.000e+00 2.000e+00 6.000e+00 3.000e+00 2.000e+00 5.000e+00 1.000e+00
 0.000e+00 1.000e+00 4.000e+00 0.000e+00 0.000e+00 1.000e+00 0.000e+00
 2.000e+00 0.000e+00 0.000e+00 0.000e+00 1.000e+00 1.000e+00 0.000e+00
 1.000e+00 0.000e+00 0.000e+00 0.000e+00 0.000e+00 0.000e+00 0.000e+00
 0.000e+00 0.000e+00 0.000e+00 0.000e+00 0.000e+00 0.000e+00]
508800 loops cons: [1.417e+03 4.030e+02 1.950e+02 9.500e+01 5.700e+01 3.300e+01 2.500e+01
 1.900e+01 1.700e+01 1.700e+01 7.000e+00 1.000e+01 8.000e+00 6.000e+00
 7.000e+00 3.000e+00 6.000e+00 3.000e+00 2.000e+00 5.000e+00 1.000e+00
 0.000e+00 1.000e+00 4.000e+00 0.000e+00 0.000e+00 1.000e+00 0.000e+00
 2.000e+00 0.000e+00 0.000e+00 0.000e+00 1.000e+00 1.000e+00 0.000e+00
 1.000e+00 0.000e+00 0.000e+00 0.000e+00 0.000e+00 0.000e+00 0.000e+00
 0.000e+00 0.000e+00 0.000e+00 0.000e+00 0.000e+00 0.000e+00]
513600 loops cons: [1.428e+03 4.110e+02 1.970e+02 9.600e+01 5.700e+01 3.400e+01 2.500e+01
 1.900e+01 1.800e+01 1.700e+01 7.000e+00 1.000e+01 8.000e+00 6.000e+00
 7.000e+00 3.000e+00 6.000e+00 3.000e+00 2.000e+00 5.000e+00 1.000e+00
 0.000e+00 1.000e+00 4.000e+00 0.000e+00 0.000e+00 1.000e+00 0.000e+00
 2.000e+00 0.000e+00 0.000e+00 0.000e+00 1.000e+00 1.000e+00 0.000e+00
 1.000e+00 0.000e+00 0.000e+00 0.000e+00 0.000e+00 0.000e+00 0.000e+00
 0.000e+00 0.000e+00 0.000e+00 0.000e+00 0.000e+00 0.000e+00]
518400 loops cons: [1.44e+03 4.14e+02 1.98e+02 9.70e+01 5.70e+01 3.40e+01 2.50e+01 2.00e+01
 1.80e+01 1.70e+01 7.00e+00 1.00e+01 8.00e+00 6.00e+00 7.00e+00 3.00e+00
 6.00e+00 3.00e+00 2.00e+00 5.00e+00 1.00e+00 0.00e+00 1.00e+00 4.00e+00
 0.00e+00 0.00e+00 1.00e+00 0.00e+00 2.00e+00 0.00e+00 0.00e+00 0.00e+00
 1.00e+00 1.00e+00 0.00e+00 1.00e+00 0.00e+00 0.00e+00 0.00e+00 0.00e+00
 0.00e+00 0.00e+00 0.00e+00 0.00e+00 0.00e+00 0.00e+00 0.00e+00 0.00e+00]
523200 loops cons: [1.447e+03 4.160e+02 2.000e+02 9.800e+01 5.800e+01 3.400e+01 2.600e+01
 2.000e+01 1.800e+01 1.700e+01 7.000e+00 1.000e+01 8.000e+00 7.000e+00
 7.000e+00 3.000e+00 6.000e+00 3.000e+00 2.000e+00 5.000e+00 1.000e+00
 0.000e+00 1.000e+00 4.000e+00 0.000e+00 0.000e+00 1.000e+00 0.000e+00
 2.000e+00 0.000e+00 0.000e+00 0.000e+00 1.000e+00 1.000e+00 0.000e+00
 1.000e+00 0.000e+00 0.000e+00 0.000e+00 0.000e+00 0.000e+00 0.000e+00
 0.000e+00 0.000e+00 0.000e+00 0.000e+00 0.000e+00 0.000e+00]
528000 loops cons: [1.457e+03 4.230e+02 2.050e+02 9.900e+01 5.800e+01 3.400e+01 2.600e+01
 2.100e+01 1.800e+01 1.700e+01 7.000e+00 1.000e+01 8.000e+00 7.000e+00
 7.000e+00 3.000e+00 6.000e+00 3.000e+00 2.000e+00 5.000e+00 1.000e+00
 0.000e+00 1.000e+00 4.000e+00 0.000e+00 0.000e+00 1.000e+00 0.000e+00
 2.000e+00 0.000e+00 0.000e+00 0.000e+00 1.000e+00 1.000e+00 0.000e+00
 1.000e+00 0.000e+00 0.000e+00 0.000e+00 0.000e+00 0.000e+00 0.000e+00
 0.000e+00 0.000e+00 0.000e+00 0.000e+00 0.000e+00 0.000e+00]
532800 loops cons: [1.469e+03 4.290e+02 2.070e+02 9.900e+01 5.900e+01 3.400e+01 2.600e+01
 2.100e+01 1.800e+01 1.700e+01 7.000e+00 1.000e+01 8.000e+00 7.000e+00
 7.000e+00 3.000e+00 6.000e+00 4.000e+00 2.000e+00 5.000e+00 1.000e+00
 0.000e+00 1.000e+00 4.000e+00 0.000e+00 0.000e+00 1.000e+00 0.000e+00
 2.000e+00 0.000e+00 0.000e+00 0.000e+00 1.000e+00 1.000e+00 0.000e+00
 1.000e+00 0.000e+00 0.000e+00 0.000e+00 0.000e+00 0.000e+00 0.000e+00
 0.000e+00 0.000e+00 0.000e+00 0.000e+00 0.000e+00 0.000e+00]
537600 loops cons: [1.482e+03 4.330e+02 2.090e+02 1.000e+02 5.900e+01 3.400e+01 2.600e+01
 2.100e+01 1.800e+01 1.700e+01 7.000e+00 1.000e+01 8.000e+00 7.000e+00
 7.000e+00 3.000e+00 6.000e+00 4.000e+00 2.000e+00 5.000e+00 1.000e+00
 0.000e+00 1.000e+00 4.000e+00 0.000e+00 0.000e+00 1.000e+00 0.000e+00
 2.000e+00 0.000e+00 0.000e+00 0.000e+00 1.000e+00 1.000e+00 0.000e+00
 1.000e+00 0.000e+00 0.000e+00 0.000e+00 0.000e+00 0.000e+00 0.000e+00
 0.000e+00 0.000e+00 0.000e+00 0.000e+00 0.000e+00 0.000e+00]
542400 loops cons: [1.496e+03 4.360e+02 2.110e+02 1.000e+02 5.900e+01 3.400e+01 2.600e+01
 2.100e+01 1.800e+01 1.700e+01 8.000e+00 1.000e+01 9.000e+00 7.000e+00
 7.000e+00 3.000e+00 6.000e+00 4.000e+00 2.000e+00 5.000e+00 1.000e+00
 0.000e+00 1.000e+00 4.000e+00 0.000e+00 0.000e+00 1.000e+00 0.000e+00
 2.000e+00 0.000e+00 0.000e+00 0.000e+00 1.000e+00 1.000e+00 0.000e+00
 1.000e+00 0.000e+00 0.000e+00 0.000e+00 0.000e+00 0.000e+00 0.000e+00
 0.000e+00 0.000e+00 0.000e+00 0.000e+00 0.000e+00 0.000e+00]
547200 loops cons: [1.507e+03 4.400e+02 2.110e+02 1.010e+02 6.000e+01 3.400e+01 2.600e+01
 2.100e+01 1.900e+01 1.700e+01 9.000e+00 1.100e+01 9.000e+00 7.000e+00
 7.000e+00 3.000e+00 6.000e+00 4.000e+00 2.000e+00 5.000e+00 1.000e+00
 0.000e+00 1.000e+00 4.000e+00 0.000e+00 0.000e+00 1.000e+00 0.000e+00
 2.000e+00 0.000e+00 0.000e+00 0.000e+00 1.000e+00 1.000e+00 0.000e+00
 1.000e+00 0.000e+00 0.000e+00 0.000e+00 0.000e+00 0.000e+00 0.000e+00
 0.000e+00 0.000e+00 0.000e+00 0.000e+00 0.000e+00 0.000e+00]
552000 loops cons: [1.526e+03 4.460e+02 2.120e+02 1.040e+02 6.100e+01 3.400e+01 2.600e+01
 2.100e+01 1.900e+01 1.700e+01 9.000e+00 1.100e+01 9.000e+00 7.000e+00
 7.000e+00 3.000e+00 6.000e+00 4.000e+00 2.000e+00 5.000e+00 1.000e+00
 0.000e+00 1.000e+00 4.000e+00 0.000e+00 0.000e+00 1.000e+00 0.000e+00
 2.000e+00 0.000e+00 0.000e+00 0.000e+00 1.000e+00 1.000e+00 0.000e+00
 1.000e+00 0.000e+00 0.000e+00 0.000e+00 0.000e+00 0.000e+00 0.000e+00
 0.000e+00 0.000e+00 0.000e+00 0.000e+00 0.000e+00 0.000e+00]
556800 loops cons: [1.539e+03 4.500e+02 2.130e+02 1.040e+02 6.100e+01 3.400e+01 2.600e+01
 2.200e+01 1.900e+01 1.700e+01 9.000e+00 1.100e+01 9.000e+00 7.000e+00
 7.000e+00 3.000e+00 6.000e+00 4.000e+00 2.000e+00 5.000e+00 1.000e+00
 0.000e+00 1.000e+00 4.000e+00 0.000e+00 0.000e+00 1.000e+00 0.000e+00
 2.000e+00 0.000e+00 0.000e+00 0.000e+00 1.000e+00 1.000e+00 0.000e+00
 1.000e+00 0.000e+00 0.000e+00 0.000e+00 0.000e+00 0.000e+00 0.000e+00
 0.000e+00 0.000e+00 0.000e+00 0.000e+00 0.000e+00 0.000e+00]
561600 loops cons: [1.553e+03 4.550e+02 2.140e+02 1.050e+02 6.200e+01 3.400e+01 2.600e+01
 2.200e+01 1.900e+01 1.700e+01 9.000e+00 1.100e+01 9.000e+00 7.000e+00
 7.000e+00 3.000e+00 6.000e+00 4.000e+00 2.000e+00 5.000e+00 1.000e+00
 0.000e+00 1.000e+00 4.000e+00 0.000e+00 0.000e+00 1.000e+00 0.000e+00
 2.000e+00 0.000e+00 0.000e+00 0.000e+00 1.000e+00 1.000e+00 0.000e+00
 1.000e+00 0.000e+00 0.000e+00 0.000e+00 0.000e+00 0.000e+00 0.000e+00
 0.000e+00 0.000e+00 0.000e+00 0.000e+00 0.000e+00 0.000e+00]
566400 loops cons: [1.569e+03 4.570e+02 2.160e+02 1.060e+02 6.200e+01 3.500e+01 2.600e+01
 2.300e+01 1.900e+01 1.700e+01 1.100e+01 1.100e+01 9.000e+00 7.000e+00
 7.000e+00 3.000e+00 6.000e+00 4.000e+00 2.000e+00 5.000e+00 1.000e+00
 0.000e+00 1.000e+00 4.000e+00 0.000e+00 1.000e+00 1.000e+00 0.000e+00
 2.000e+00 0.000e+00 0.000e+00 0.000e+00 1.000e+00 1.000e+00 0.000e+00
 1.000e+00 0.000e+00 0.000e+00 0.000e+00 0.000e+00 0.000e+00 0.000e+00
 0.000e+00 0.000e+00 0.000e+00 0.000e+00 0.000e+00 0.000e+00]
571200 loops cons: [1.583e+03 4.590e+02 2.190e+02 1.070e+02 6.200e+01 3.600e+01 2.600e+01
 2.300e+01 1.900e+01 1.700e+01 1.100e+01 1.200e+01 9.000e+00 7.000e+00
 7.000e+00 3.000e+00 6.000e+00 4.000e+00 2.000e+00 5.000e+00 1.000e+00
 0.000e+00 1.000e+00 4.000e+00 0.000e+00 1.000e+00 1.000e+00 0.000e+00
 2.000e+00 0.000e+00 0.000e+00 0.000e+00 1.000e+00 1.000e+00 0.000e+00
 1.000e+00 0.000e+00 0.000e+00 0.000e+00 0.000e+00 0.000e+00 0.000e+00
 0.000e+00 0.000e+00 0.000e+00 0.000e+00 0.000e+00 0.000e+00]
576000 loops cons: [1.596e+03 4.630e+02 2.230e+02 1.090e+02 6.200e+01 3.700e+01 2.600e+01
 2.400e+01 1.900e+01 1.700e+01 1.100e+01 1.200e+01 9.000e+00 7.000e+00
 7.000e+00 3.000e+00 6.000e+00 4.000e+00 2.000e+00 5.000e+00 1.000e+00
 0.000e+00 1.000e+00 4.000e+00 0.000e+00 1.000e+00 1.000e+00 0.000e+00
 2.000e+00 0.000e+00 0.000e+00 0.000e+00 1.000e+00 1.000e+00 0.000e+00
 1.000e+00 0.000e+00 0.000e+00 0.000e+00 0.000e+00 0.000e+00 0.000e+00
 0.000e+00 0.000e+00 0.000e+00 0.000e+00 0.000e+00 0.000e+00]
580800 loops cons: [1.608e+03 4.640e+02 2.260e+02 1.090e+02 6.200e+01 3.700e+01 2.600e+01
 2.400e+01 1.900e+01 1.700e+01 1.100e+01 1.200e+01 9.000e+00 8.000e+00
 7.000e+00 3.000e+00 6.000e+00 4.000e+00 2.000e+00 5.000e+00 1.000e+00
 0.000e+00 1.000e+00 4.000e+00 0.000e+00 1.000e+00 1.000e+00 0.000e+00
 2.000e+00 0.000e+00 0.000e+00 0.000e+00 1.000e+00 1.000e+00 0.000e+00
 1.000e+00 0.000e+00 0.000e+00 0.000e+00 0.000e+00 0.000e+00 0.000e+00
 0.000e+00 0.000e+00 0.000e+00 0.000e+00 0.000e+00 0.000e+00]
585600 loops cons: [1.618e+03 4.670e+02 2.270e+02 1.110e+02 6.200e+01 3.700e+01 2.600e+01
 2.400e+01 1.900e+01 1.700e+01 1.100e+01 1.300e+01 9.000e+00 8.000e+00
 7.000e+00 3.000e+00 6.000e+00 4.000e+00 2.000e+00 5.000e+00 1.000e+00
 0.000e+00 1.000e+00 4.000e+00 0.000e+00 1.000e+00 1.000e+00 0.000e+00
 2.000e+00 0.000e+00 0.000e+00 0.000e+00 1.000e+00 1.000e+00 0.000e+00
 1.000e+00 0.000e+00 0.000e+00 0.000e+00 0.000e+00 0.000e+00 0.000e+00
 0.000e+00 0.000e+00 0.000e+00 0.000e+00 0.000e+00 0.000e+00]
590400 loops cons: [1.629e+03 4.700e+02 2.290e+02 1.120e+02 6.200e+01 3.700e+01 2.600e+01
 2.400e+01 1.900e+01 1.700e+01 1.100e+01 1.300e+01 9.000e+00 8.000e+00
 7.000e+00 3.000e+00 6.000e+00 4.000e+00 2.000e+00 5.000e+00 1.000e+00
 0.000e+00 1.000e+00 4.000e+00 1.000e+00 1.000e+00 1.000e+00 0.000e+00
 2.000e+00 0.000e+00 0.000e+00 0.000e+00 1.000e+00 1.000e+00 0.000e+00
 1.000e+00 0.000e+00 0.000e+00 0.000e+00 0.000e+00 0.000e+00 0.000e+00
 0.000e+00 0.000e+00 0.000e+00 0.000e+00 0.000e+00 0.000e+00]
595200 loops cons: [1.642e+03 4.710e+02 2.290e+02 1.120e+02 6.200e+01 3.700e+01 2.600e+01
 2.400e+01 2.000e+01 1.700e+01 1.100e+01 1.300e+01 1.000e+01 8.000e+00
 7.000e+00 3.000e+00 6.000e+00 4.000e+00 2.000e+00 5.000e+00 1.000e+00
 0.000e+00 1.000e+00 4.000e+00 1.000e+00 1.000e+00 1.000e+00 0.000e+00
 2.000e+00 0.000e+00 0.000e+00 0.000e+00 1.000e+00 1.000e+00 0.000e+00
 1.000e+00 0.000e+00 0.000e+00 0.000e+00 0.000e+00 0.000e+00 0.000e+00
 0.000e+00 0.000e+00 0.000e+00 0.000e+00 0.000e+00 0.000e+00]
600000 loops cons: [1.659e+03 4.790e+02 2.300e+02 1.140e+02 6.300e+01 3.800e+01 2.700e+01
 2.500e+01 2.100e+01 1.700e+01 1.100e+01 1.300e+01 1.000e+01 8.000e+00
 7.000e+00 3.000e+00 6.000e+00 4.000e+00 2.000e+00 5.000e+00 1.000e+00
 0.000e+00 1.000e+00 4.000e+00 1.000e+00 1.000e+00 1.000e+00 0.000e+00
 2.000e+00 0.000e+00 0.000e+00 0.000e+00 1.000e+00 1.000e+00 0.000e+00
 1.000e+00 0.000e+00 0.000e+00 0.000e+00 0.000e+00 0.000e+00 0.000e+00
 0.000e+00 0.000e+00 0.000e+00 0.000e+00 0.000e+00 0.000e+00]
604800 loops cons: [1.67e+03 4.80e+02 2.31e+02 1.16e+02 6.40e+01 3.80e+01 2.70e+01 2.50e+01
 2.10e+01 1.70e+01 1.10e+01 1.30e+01 1.00e+01 8.00e+00 7.00e+00 3.00e+00
 6.00e+00 4.00e+00 2.00e+00 5.00e+00 1.00e+00 0.00e+00 1.00e+00 4.00e+00
 1.00e+00 1.00e+00 1.00e+00 0.00e+00 2.00e+00 0.00e+00 0.00e+00 0.00e+00
 1.00e+00 1.00e+00 0.00e+00 1.00e+00 0.00e+00 0.00e+00 0.00e+00 0.00e+00
 0.00e+00 0.00e+00 0.00e+00 0.00e+00 0.00e+00 0.00e+00 0.00e+00 0.00e+00]
609600 loops cons: [1.68e+03 4.83e+02 2.31e+02 1.18e+02 6.50e+01 3.80e+01 2.70e+01 2.50e+01
 2.10e+01 1.70e+01 1.10e+01 1.30e+01 1.00e+01 8.00e+00 7.00e+00 3.00e+00
 6.00e+00 4.00e+00 2.00e+00 5.00e+00 1.00e+00 0.00e+00 1.00e+00 4.00e+00
 1.00e+00 1.00e+00 1.00e+00 0.00e+00 2.00e+00 0.00e+00 0.00e+00 0.00e+00
 1.00e+00 1.00e+00 0.00e+00 1.00e+00 0.00e+00 0.00e+00 0.00e+00 0.00e+00
 0.00e+00 0.00e+00 0.00e+00 0.00e+00 0.00e+00 0.00e+00 0.00e+00 0.00e+00]
614400 loops cons: [1.696e+03 4.860e+02 2.330e+02 1.180e+02 6.500e+01 3.900e+01 2.700e+01
 2.500e+01 2.100e+01 1.700e+01 1.100e+01 1.300e+01 1.000e+01 8.000e+00
 7.000e+00 3.000e+00 6.000e+00 4.000e+00 2.000e+00 5.000e+00 1.000e+00
 0.000e+00 1.000e+00 4.000e+00 1.000e+00 1.000e+00 1.000e+00 0.000e+00
 2.000e+00 0.000e+00 0.000e+00 0.000e+00 1.000e+00 1.000e+00 0.000e+00
 1.000e+00 0.000e+00 0.000e+00 0.000e+00 0.000e+00 0.000e+00 0.000e+00
 0.000e+00 0.000e+00 0.000e+00 0.000e+00 0.000e+00 0.000e+00]
619200 loops cons: [1.713e+03 4.940e+02 2.350e+02 1.190e+02 6.700e+01 4.000e+01 2.700e+01
 2.500e+01 2.100e+01 1.700e+01 1.100e+01 1.300e+01 1.100e+01 8.000e+00
 7.000e+00 3.000e+00 6.000e+00 4.000e+00 2.000e+00 5.000e+00 1.000e+00
 0.000e+00 1.000e+00 4.000e+00 1.000e+00 1.000e+00 1.000e+00 0.000e+00
 2.000e+00 0.000e+00 0.000e+00 0.000e+00 1.000e+00 1.000e+00 0.000e+00
 1.000e+00 0.000e+00 0.000e+00 0.000e+00 0.000e+00 0.000e+00 0.000e+00
 0.000e+00 0.000e+00 0.000e+00 0.000e+00 0.000e+00 0.000e+00]
624000 loops cons: [1.726e+03 4.990e+02 2.360e+02 1.190e+02 6.700e+01 4.100e+01 2.700e+01
 2.500e+01 2.100e+01 1.700e+01 1.100e+01 1.300e+01 1.100e+01 8.000e+00
 7.000e+00 3.000e+00 6.000e+00 4.000e+00 2.000e+00 5.000e+00 1.000e+00
 0.000e+00 1.000e+00 4.000e+00 1.000e+00 1.000e+00 1.000e+00 0.000e+00
 2.000e+00 0.000e+00 0.000e+00 0.000e+00 1.000e+00 1.000e+00 0.000e+00
 1.000e+00 0.000e+00 0.000e+00 0.000e+00 0.000e+00 0.000e+00 0.000e+00
 0.000e+00 0.000e+00 0.000e+00 0.000e+00 0.000e+00 0.000e+00]
628800 loops cons: [1.739e+03 5.080e+02 2.370e+02 1.210e+02 6.800e+01 4.100e+01 2.700e+01
 2.500e+01 2.100e+01 1.700e+01 1.100e+01 1.300e+01 1.100e+01 8.000e+00
 7.000e+00 3.000e+00 6.000e+00 4.000e+00 2.000e+00 5.000e+00 1.000e+00
 0.000e+00 1.000e+00 4.000e+00 1.000e+00 1.000e+00 1.000e+00 0.000e+00
 2.000e+00 0.000e+00 0.000e+00 0.000e+00 1.000e+00 1.000e+00 0.000e+00
 1.000e+00 0.000e+00 0.000e+00 0.000e+00 0.000e+00 0.000e+00 0.000e+00
 0.000e+00 0.000e+00 0.000e+00 0.000e+00 0.000e+00 0.000e+00]
633600 loops cons: [1.759e+03 5.120e+02 2.400e+02 1.210e+02 6.900e+01 4.100e+01 2.800e+01
 2.600e+01 2.100e+01 1.700e+01 1.100e+01 1.300e+01 1.100e+01 9.000e+00
 8.000e+00 3.000e+00 6.000e+00 4.000e+00 2.000e+00 5.000e+00 1.000e+00
 0.000e+00 1.000e+00 4.000e+00 1.000e+00 1.000e+00 1.000e+00 0.000e+00
 2.000e+00 0.000e+00 0.000e+00 0.000e+00 1.000e+00 1.000e+00 0.000e+00
 1.000e+00 0.000e+00 0.000e+00 0.000e+00 0.000e+00 0.000e+00 0.000e+00
 0.000e+00 0.000e+00 0.000e+00 0.000e+00 0.000e+00 0.000e+00]
638400 loops cons: [1.773e+03 5.140e+02 2.410e+02 1.210e+02 7.000e+01 4.100e+01 2.800e+01
 2.600e+01 2.100e+01 1.700e+01 1.100e+01 1.300e+01 1.100e+01 9.000e+00
 8.000e+00 3.000e+00 6.000e+00 4.000e+00 2.000e+00 5.000e+00 1.000e+00
 0.000e+00 2.000e+00 4.000e+00 1.000e+00 1.000e+00 1.000e+00 0.000e+00
 2.000e+00 0.000e+00 0.000e+00 0.000e+00 1.000e+00 1.000e+00 0.000e+00
 1.000e+00 0.000e+00 0.000e+00 0.000e+00 0.000e+00 0.000e+00 0.000e+00
 0.000e+00 0.000e+00 0.000e+00 0.000e+00 0.000e+00 0.000e+00]
643200 loops cons: [1.783e+03 5.200e+02 2.420e+02 1.220e+02 7.000e+01 4.100e+01 2.900e+01
 2.600e+01 2.200e+01 1.700e+01 1.100e+01 1.300e+01 1.100e+01 9.000e+00
 8.000e+00 4.000e+00 6.000e+00 4.000e+00 3.000e+00 6.000e+00 1.000e+00
 0.000e+00 2.000e+00 4.000e+00 1.000e+00 1.000e+00 1.000e+00 0.000e+00
 2.000e+00 0.000e+00 0.000e+00 0.000e+00 1.000e+00 1.000e+00 0.000e+00
 1.000e+00 0.000e+00 0.000e+00 0.000e+00 0.000e+00 0.000e+00 0.000e+00
 0.000e+00 0.000e+00 0.000e+00 0.000e+00 0.000e+00 0.000e+00]
648000 loops cons: [1.80e+03 5.22e+02 2.44e+02 1.24e+02 7.00e+01 4.10e+01 2.90e+01 2.70e+01
 2.20e+01 1.80e+01 1.10e+01 1.30e+01 1.10e+01 9.00e+00 8.00e+00 4.00e+00
 6.00e+00 4.00e+00 3.00e+00 6.00e+00 1.00e+00 0.00e+00 2.00e+00 4.00e+00
 1.00e+00 1.00e+00 1.00e+00 0.00e+00 2.00e+00 0.00e+00 0.00e+00 0.00e+00
 1.00e+00 1.00e+00 0.00e+00 1.00e+00 0.00e+00 0.00e+00 0.00e+00 0.00e+00
 0.00e+00 0.00e+00 0.00e+00 0.00e+00 0.00e+00 0.00e+00 0.00e+00 0.00e+00]
652800 loops cons: [1.817e+03 5.280e+02 2.440e+02 1.240e+02 7.000e+01 4.100e+01 3.000e+01
 2.800e+01 2.300e+01 1.800e+01 1.100e+01 1.300e+01 1.200e+01 9.000e+00
 8.000e+00 4.000e+00 6.000e+00 4.000e+00 3.000e+00 7.000e+00 1.000e+00
 0.000e+00 2.000e+00 4.000e+00 1.000e+00 1.000e+00 1.000e+00 0.000e+00
 2.000e+00 0.000e+00 0.000e+00 0.000e+00 1.000e+00 1.000e+00 0.000e+00
 1.000e+00 0.000e+00 0.000e+00 0.000e+00 0.000e+00 0.000e+00 0.000e+00
 0.000e+00 0.000e+00 0.000e+00 0.000e+00 0.000e+00 0.000e+00]
657600 loops cons: [1.836e+03 5.290e+02 2.450e+02 1.250e+02 7.200e+01 4.100e+01 3.000e+01
 2.800e+01 2.300e+01 1.800e+01 1.100e+01 1.300e+01 1.200e+01 9.000e+00
 8.000e+00 5.000e+00 6.000e+00 4.000e+00 3.000e+00 7.000e+00 1.000e+00
 0.000e+00 2.000e+00 4.000e+00 1.000e+00 1.000e+00 1.000e+00 0.000e+00
 2.000e+00 0.000e+00 0.000e+00 0.000e+00 1.000e+00 1.000e+00 0.000e+00
 1.000e+00 0.000e+00 0.000e+00 0.000e+00 0.000e+00 0.000e+00 0.000e+00
 0.000e+00 0.000e+00 0.000e+00 0.000e+00 0.000e+00 0.000e+00]
662400 loops cons: [1.848e+03 5.320e+02 2.470e+02 1.260e+02 7.200e+01 4.200e+01 3.100e+01
 2.800e+01 2.300e+01 1.800e+01 1.100e+01 1.300e+01 1.200e+01 9.000e+00
 8.000e+00 5.000e+00 6.000e+00 4.000e+00 3.000e+00 7.000e+00 1.000e+00
 0.000e+00 2.000e+00 4.000e+00 1.000e+00 1.000e+00 1.000e+00 0.000e+00
 2.000e+00 0.000e+00 0.000e+00 0.000e+00 1.000e+00 1.000e+00 0.000e+00
 1.000e+00 0.000e+00 0.000e+00 0.000e+00 0.000e+00 0.000e+00 0.000e+00
 0.000e+00 0.000e+00 0.000e+00 0.000e+00 0.000e+00 0.000e+00]
667200 loops cons: [1.86e+03 5.32e+02 2.51e+02 1.28e+02 7.20e+01 4.30e+01 3.10e+01 2.80e+01
 2.30e+01 1.80e+01 1.10e+01 1.30e+01 1.20e+01 9.00e+00 8.00e+00 5.00e+00
 6.00e+00 4.00e+00 3.00e+00 7.00e+00 1.00e+00 0.00e+00 2.00e+00 4.00e+00
 1.00e+00 1.00e+00 1.00e+00 0.00e+00 2.00e+00 0.00e+00 0.00e+00 0.00e+00
 1.00e+00 1.00e+00 0.00e+00 1.00e+00 0.00e+00 0.00e+00 0.00e+00 0.00e+00
 0.00e+00 0.00e+00 0.00e+00 0.00e+00 0.00e+00 0.00e+00 0.00e+00 0.00e+00]
672000 loops cons: [1.874e+03 5.390e+02 2.520e+02 1.300e+02 7.200e+01 4.300e+01 3.100e+01
 2.900e+01 2.400e+01 1.900e+01 1.200e+01 1.300e+01 1.200e+01 9.000e+00
 8.000e+00 5.000e+00 6.000e+00 4.000e+00 3.000e+00 7.000e+00 1.000e+00
 0.000e+00 2.000e+00 4.000e+00 1.000e+00 1.000e+00 1.000e+00 0.000e+00
 2.000e+00 0.000e+00 0.000e+00 0.000e+00 1.000e+00 1.000e+00 0.000e+00
 1.000e+00 0.000e+00 1.000e+00 0.000e+00 0.000e+00 0.000e+00 0.000e+00
 0.000e+00 0.000e+00 0.000e+00 0.000e+00 0.000e+00 0.000e+00]
676800 loops cons: [1.888e+03 5.460e+02 2.530e+02 1.310e+02 7.500e+01 4.300e+01 3.100e+01
 2.900e+01 2.400e+01 1.900e+01 1.200e+01 1.400e+01 1.200e+01 9.000e+00
 8.000e+00 5.000e+00 6.000e+00 4.000e+00 3.000e+00 7.000e+00 1.000e+00
 0.000e+00 2.000e+00 4.000e+00 1.000e+00 1.000e+00 1.000e+00 0.000e+00
 2.000e+00 0.000e+00 0.000e+00 0.000e+00 1.000e+00 1.000e+00 0.000e+00
 1.000e+00 0.000e+00 1.000e+00 0.000e+00 0.000e+00 0.000e+00 0.000e+00
 0.000e+00 0.000e+00 0.000e+00 0.000e+00 0.000e+00 0.000e+00]
681600 loops cons: [1.902e+03 5.500e+02 2.530e+02 1.320e+02 7.500e+01 4.300e+01 3.100e+01
 2.900e+01 2.400e+01 1.900e+01 1.200e+01 1.400e+01 1.200e+01 9.000e+00
 8.000e+00 5.000e+00 6.000e+00 4.000e+00 3.000e+00 7.000e+00 1.000e+00
 0.000e+00 2.000e+00 4.000e+00 1.000e+00 1.000e+00 1.000e+00 0.000e+00
 2.000e+00 0.000e+00 0.000e+00 0.000e+00 1.000e+00 1.000e+00 0.000e+00
 1.000e+00 0.000e+00 1.000e+00 0.000e+00 0.000e+00 0.000e+00 0.000e+00
 0.000e+00 0.000e+00 0.000e+00 0.000e+00 0.000e+00 0.000e+00]
686400 loops cons: [1.915e+03 5.560e+02 2.570e+02 1.320e+02 7.600e+01 4.400e+01 3.100e+01
 2.900e+01 2.400e+01 1.900e+01 1.200e+01 1.400e+01 1.200e+01 9.000e+00
 8.000e+00 5.000e+00 6.000e+00 4.000e+00 3.000e+00 7.000e+00 1.000e+00
 0.000e+00 2.000e+00 4.000e+00 1.000e+00 1.000e+00 1.000e+00 0.000e+00
 2.000e+00 0.000e+00 0.000e+00 1.000e+00 1.000e+00 1.000e+00 0.000e+00
 1.000e+00 0.000e+00 1.000e+00 0.000e+00 0.000e+00 0.000e+00 0.000e+00
 0.000e+00 0.000e+00 0.000e+00 0.000e+00 0.000e+00 0.000e+00]
691200 loops cons: [1.926e+03 5.590e+02 2.570e+02 1.330e+02 7.600e+01 4.400e+01 3.100e+01
 2.900e+01 2.500e+01 1.900e+01 1.200e+01 1.400e+01 1.200e+01 9.000e+00
 8.000e+00 5.000e+00 6.000e+00 4.000e+00 3.000e+00 7.000e+00 1.000e+00
 0.000e+00 2.000e+00 4.000e+00 1.000e+00 1.000e+00 1.000e+00 0.000e+00
 2.000e+00 0.000e+00 0.000e+00 1.000e+00 2.000e+00 1.000e+00 0.000e+00
 1.000e+00 0.000e+00 1.000e+00 0.000e+00 0.000e+00 0.000e+00 0.000e+00
 0.000e+00 0.000e+00 0.000e+00 0.000e+00 0.000e+00 0.000e+00]
696000 loops cons: [1.937e+03 5.610e+02 2.570e+02 1.330e+02 7.700e+01 4.600e+01 3.100e+01
 3.100e+01 2.500e+01 1.900e+01 1.200e+01 1.400e+01 1.200e+01 9.000e+00
 8.000e+00 5.000e+00 6.000e+00 4.000e+00 3.000e+00 7.000e+00 1.000e+00
 0.000e+00 2.000e+00 4.000e+00 1.000e+00 1.000e+00 1.000e+00 0.000e+00
 2.000e+00 0.000e+00 0.000e+00 1.000e+00 2.000e+00 1.000e+00 0.000e+00
 1.000e+00 0.000e+00 1.000e+00 0.000e+00 0.000e+00 0.000e+00 0.000e+00
 0.000e+00 0.000e+00 0.000e+00 0.000e+00 0.000e+00 0.000e+00]
700800 loops cons: [1.955e+03 5.670e+02 2.580e+02 1.330e+02 7.900e+01 4.600e+01 3.200e+01
 3.100e+01 2.500e+01 1.900e+01 1.200e+01 1.400e+01 1.200e+01 9.000e+00
 8.000e+00 5.000e+00 6.000e+00 4.000e+00 3.000e+00 7.000e+00 1.000e+00
 0.000e+00 2.000e+00 4.000e+00 1.000e+00 2.000e+00 1.000e+00 0.000e+00
 2.000e+00 0.000e+00 0.000e+00 1.000e+00 2.000e+00 1.000e+00 0.000e+00
 1.000e+00 0.000e+00 1.000e+00 0.000e+00 0.000e+00 0.000e+00 0.000e+00
 0.000e+00 0.000e+00 0.000e+00 0.000e+00 0.000e+00 0.000e+00]
705600 loops cons: [1.964e+03 5.690e+02 2.610e+02 1.330e+02 7.900e+01 4.600e+01 3.200e+01
 3.100e+01 2.500e+01 1.900e+01 1.200e+01 1.400e+01 1.200e+01 9.000e+00
 8.000e+00 5.000e+00 6.000e+00 4.000e+00 3.000e+00 7.000e+00 1.000e+00
 0.000e+00 2.000e+00 4.000e+00 1.000e+00 2.000e+00 1.000e+00 0.000e+00
 2.000e+00 0.000e+00 0.000e+00 1.000e+00 2.000e+00 1.000e+00 0.000e+00
 1.000e+00 0.000e+00 1.000e+00 0.000e+00 0.000e+00 0.000e+00 0.000e+00
 0.000e+00 0.000e+00 0.000e+00 0.000e+00 0.000e+00 0.000e+00]
710400 loops cons: [1.974e+03 5.690e+02 2.620e+02 1.370e+02 8.000e+01 4.700e+01 3.200e+01
 3.100e+01 2.500e+01 1.900e+01 1.200e+01 1.400e+01 1.200e+01 9.000e+00
 8.000e+00 5.000e+00 6.000e+00 4.000e+00 3.000e+00 7.000e+00 1.000e+00
 0.000e+00 2.000e+00 4.000e+00 1.000e+00 2.000e+00 2.000e+00 0.000e+00
 2.000e+00 0.000e+00 0.000e+00 1.000e+00 2.000e+00 1.000e+00 0.000e+00
 1.000e+00 0.000e+00 1.000e+00 0.000e+00 0.000e+00 0.000e+00 0.000e+00
 0.000e+00 0.000e+00 0.000e+00 0.000e+00 0.000e+00 0.000e+00]
715200 loops cons: [1.982e+03 5.730e+02 2.630e+02 1.390e+02 8.200e+01 4.700e+01 3.200e+01
 3.100e+01 2.600e+01 2.000e+01 1.200e+01 1.400e+01 1.200e+01 9.000e+00
 8.000e+00 5.000e+00 6.000e+00 4.000e+00 3.000e+00 7.000e+00 1.000e+00
 0.000e+00 2.000e+00 4.000e+00 1.000e+00 2.000e+00 2.000e+00 0.000e+00
 2.000e+00 0.000e+00 0.000e+00 1.000e+00 2.000e+00 1.000e+00 0.000e+00
 1.000e+00 0.000e+00 1.000e+00 0.000e+00 0.000e+00 0.000e+00 0.000e+00
 0.000e+00 0.000e+00 0.000e+00 0.000e+00 0.000e+00 0.000e+00]
720000 loops cons: [1.999e+03 5.760e+02 2.670e+02 1.400e+02 8.200e+01 4.700e+01 3.400e+01
 3.200e+01 2.600e+01 2.000e+01 1.200e+01 1.400e+01 1.200e+01 9.000e+00
 8.000e+00 6.000e+00 6.000e+00 4.000e+00 3.000e+00 7.000e+00 1.000e+00
 0.000e+00 2.000e+00 4.000e+00 1.000e+00 2.000e+00 2.000e+00 0.000e+00
 2.000e+00 0.000e+00 0.000e+00 1.000e+00 2.000e+00 1.000e+00 0.000e+00
 1.000e+00 0.000e+00 2.000e+00 0.000e+00 0.000e+00 0.000e+00 0.000e+00
 0.000e+00 0.000e+00 0.000e+00 0.000e+00 0.000e+00 0.000e+00]
724800 loops cons: [2.014e+03 5.770e+02 2.670e+02 1.400e+02 8.200e+01 4.900e+01 3.400e+01
 3.200e+01 2.600e+01 2.000e+01 1.200e+01 1.400e+01 1.200e+01 9.000e+00
 8.000e+00 6.000e+00 6.000e+00 4.000e+00 3.000e+00 7.000e+00 1.000e+00
 0.000e+00 2.000e+00 4.000e+00 1.000e+00 2.000e+00 2.000e+00 0.000e+00
 2.000e+00 0.000e+00 0.000e+00 1.000e+00 2.000e+00 1.000e+00 0.000e+00
 1.000e+00 0.000e+00 2.000e+00 0.000e+00 0.000e+00 0.000e+00 0.000e+00
 0.000e+00 0.000e+00 0.000e+00 0.000e+00 0.000e+00 0.000e+00]
729600 loops cons: [2.034e+03 5.820e+02 2.710e+02 1.410e+02 8.400e+01 5.100e+01 3.400e+01
 3.200e+01 2.600e+01 2.000e+01 1.200e+01 1.400e+01 1.200e+01 9.000e+00
 8.000e+00 6.000e+00 6.000e+00 4.000e+00 3.000e+00 7.000e+00 1.000e+00
 0.000e+00 2.000e+00 4.000e+00 1.000e+00 2.000e+00 2.000e+00 0.000e+00
 2.000e+00 0.000e+00 0.000e+00 1.000e+00 2.000e+00 1.000e+00 0.000e+00
 1.000e+00 0.000e+00 2.000e+00 0.000e+00 0.000e+00 0.000e+00 0.000e+00
 0.000e+00 0.000e+00 0.000e+00 0.000e+00 0.000e+00 0.000e+00]
734400 loops cons: [2.052e+03 5.850e+02 2.730e+02 1.410e+02 8.400e+01 5.100e+01 3.400e+01
 3.300e+01 2.600e+01 2.000e+01 1.200e+01 1.400e+01 1.200e+01 9.000e+00
 8.000e+00 6.000e+00 6.000e+00 4.000e+00 3.000e+00 7.000e+00 1.000e+00
 0.000e+00 2.000e+00 4.000e+00 1.000e+00 2.000e+00 2.000e+00 0.000e+00
 2.000e+00 0.000e+00 0.000e+00 1.000e+00 2.000e+00 1.000e+00 0.000e+00
 1.000e+00 0.000e+00 2.000e+00 0.000e+00 0.000e+00 0.000e+00 0.000e+00
 0.000e+00 0.000e+00 0.000e+00 0.000e+00 0.000e+00 0.000e+00]
739200 loops cons: [2.063e+03 5.870e+02 2.730e+02 1.420e+02 8.500e+01 5.200e+01 3.500e+01
 3.300e+01 2.600e+01 2.000e+01 1.200e+01 1.400e+01 1.200e+01 9.000e+00
 8.000e+00 6.000e+00 6.000e+00 4.000e+00 3.000e+00 7.000e+00 1.000e+00
 0.000e+00 2.000e+00 4.000e+00 1.000e+00 2.000e+00 2.000e+00 0.000e+00
 2.000e+00 0.000e+00 0.000e+00 1.000e+00 2.000e+00 1.000e+00 0.000e+00
 1.000e+00 0.000e+00 2.000e+00 0.000e+00 0.000e+00 0.000e+00 0.000e+00
 0.000e+00 0.000e+00 0.000e+00 0.000e+00 0.000e+00 0.000e+00]
744000 loops cons: [2.074e+03 5.910e+02 2.760e+02 1.420e+02 8.700e+01 5.200e+01 3.600e+01
 3.300e+01 2.600e+01 2.000e+01 1.200e+01 1.400e+01 1.200e+01 9.000e+00
 8.000e+00 6.000e+00 6.000e+00 4.000e+00 3.000e+00 7.000e+00 1.000e+00
 0.000e+00 2.000e+00 4.000e+00 1.000e+00 2.000e+00 2.000e+00 0.000e+00
 2.000e+00 0.000e+00 0.000e+00 1.000e+00 2.000e+00 1.000e+00 0.000e+00
 1.000e+00 0.000e+00 2.000e+00 0.000e+00 0.000e+00 0.000e+00 0.000e+00
 0.000e+00 0.000e+00 0.000e+00 0.000e+00 0.000e+00 0.000e+00]
748800 loops cons: [2.09e+03 5.96e+02 2.80e+02 1.42e+02 8.70e+01 5.20e+01 3.60e+01 3.30e+01
 2.60e+01 2.00e+01 1.20e+01 1.40e+01 1.20e+01 9.00e+00 8.00e+00 6.00e+00
 6.00e+00 4.00e+00 3.00e+00 7.00e+00 1.00e+00 0.00e+00 2.00e+00 4.00e+00
 1.00e+00 2.00e+00 2.00e+00 0.00e+00 2.00e+00 0.00e+00 0.00e+00 1.00e+00
 2.00e+00 1.00e+00 0.00e+00 1.00e+00 0.00e+00 2.00e+00 0.00e+00 0.00e+00
 0.00e+00 0.00e+00 0.00e+00 0.00e+00 0.00e+00 0.00e+00 0.00e+00 0.00e+00]
753600 loops cons: [2.104e+03 6.000e+02 2.850e+02 1.440e+02 8.800e+01 5.300e+01 3.600e+01
 3.300e+01 2.600e+01 2.100e+01 1.200e+01 1.400e+01 1.200e+01 9.000e+00
 8.000e+00 6.000e+00 6.000e+00 4.000e+00 3.000e+00 7.000e+00 1.000e+00
 0.000e+00 2.000e+00 4.000e+00 1.000e+00 2.000e+00 2.000e+00 0.000e+00
 2.000e+00 0.000e+00 0.000e+00 1.000e+00 2.000e+00 1.000e+00 0.000e+00
 1.000e+00 0.000e+00 2.000e+00 0.000e+00 0.000e+00 0.000e+00 0.000e+00
 0.000e+00 0.000e+00 0.000e+00 0.000e+00 0.000e+00 0.000e+00]
758400 loops cons: [2.11e+03 6.05e+02 2.89e+02 1.44e+02 8.90e+01 5.30e+01 3.60e+01 3.30e+01
 2.60e+01 2.10e+01 1.20e+01 1.40e+01 1.30e+01 9.00e+00 8.00e+00 6.00e+00
 6.00e+00 4.00e+00 3.00e+00 7.00e+00 1.00e+00 0.00e+00 2.00e+00 4.00e+00
 1.00e+00 2.00e+00 2.00e+00 0.00e+00 2.00e+00 0.00e+00 0.00e+00 1.00e+00
 2.00e+00 1.00e+00 0.00e+00 1.00e+00 0.00e+00 2.00e+00 0.00e+00 0.00e+00
 0.00e+00 0.00e+00 0.00e+00 0.00e+00 0.00e+00 0.00e+00 0.00e+00 0.00e+00]
763200 loops cons: [2.122e+03 6.090e+02 2.910e+02 1.450e+02 8.900e+01 5.500e+01 3.600e+01
 3.300e+01 2.600e+01 2.100e+01 1.200e+01 1.400e+01 1.300e+01 9.000e+00
 9.000e+00 6.000e+00 6.000e+00 4.000e+00 3.000e+00 7.000e+00 1.000e+00
 0.000e+00 2.000e+00 4.000e+00 1.000e+00 2.000e+00 2.000e+00 0.000e+00
 2.000e+00 0.000e+00 0.000e+00 1.000e+00 2.000e+00 1.000e+00 0.000e+00
 1.000e+00 0.000e+00 3.000e+00 0.000e+00 0.000e+00 0.000e+00 0.000e+00
 0.000e+00 0.000e+00 0.000e+00 0.000e+00 0.000e+00 0.000e+00]
768000 loops cons: [2.131e+03 6.120e+02 2.920e+02 1.460e+02 9.000e+01 5.600e+01 3.700e+01
 3.300e+01 2.600e+01 2.100e+01 1.200e+01 1.400e+01 1.300e+01 9.000e+00
 9.000e+00 6.000e+00 6.000e+00 4.000e+00 3.000e+00 7.000e+00 1.000e+00
 0.000e+00 2.000e+00 4.000e+00 1.000e+00 2.000e+00 2.000e+00 0.000e+00
 2.000e+00 0.000e+00 0.000e+00 1.000e+00 2.000e+00 1.000e+00 0.000e+00
 1.000e+00 0.000e+00 3.000e+00 0.000e+00 0.000e+00 0.000e+00 0.000e+00
 0.000e+00 0.000e+00 0.000e+00 0.000e+00 0.000e+00 0.000e+00]
772800 loops cons: [2.148e+03 6.160e+02 2.940e+02 1.460e+02 9.000e+01 5.700e+01 3.700e+01
 3.300e+01 2.600e+01 2.100e+01 1.300e+01 1.400e+01 1.300e+01 9.000e+00
 9.000e+00 6.000e+00 6.000e+00 5.000e+00 3.000e+00 7.000e+00 1.000e+00
 0.000e+00 2.000e+00 4.000e+00 1.000e+00 2.000e+00 2.000e+00 0.000e+00
 2.000e+00 0.000e+00 0.000e+00 1.000e+00 2.000e+00 1.000e+00 0.000e+00
 2.000e+00 0.000e+00 3.000e+00 0.000e+00 0.000e+00 0.000e+00 0.000e+00
 0.000e+00 0.000e+00 0.000e+00 0.000e+00 0.000e+00 0.000e+00]
777600 loops cons: [2.167e+03 6.210e+02 2.970e+02 1.470e+02 9.100e+01 5.800e+01 3.700e+01
 3.300e+01 2.600e+01 2.100e+01 1.300e+01 1.400e+01 1.300e+01 9.000e+00
 9.000e+00 6.000e+00 6.000e+00 5.000e+00 3.000e+00 7.000e+00 1.000e+00
 0.000e+00 2.000e+00 4.000e+00 1.000e+00 2.000e+00 2.000e+00 0.000e+00
 2.000e+00 0.000e+00 0.000e+00 1.000e+00 2.000e+00 1.000e+00 0.000e+00
 2.000e+00 0.000e+00 3.000e+00 0.000e+00 0.000e+00 0.000e+00 0.000e+00
 0.000e+00 0.000e+00 0.000e+00 0.000e+00 0.000e+00 0.000e+00]
782400 loops cons: [2.179e+03 6.250e+02 3.030e+02 1.480e+02 9.200e+01 5.800e+01 3.800e+01
 3.300e+01 2.600e+01 2.100e+01 1.300e+01 1.400e+01 1.300e+01 9.000e+00
 9.000e+00 6.000e+00 6.000e+00 5.000e+00 3.000e+00 7.000e+00 1.000e+00
 0.000e+00 2.000e+00 4.000e+00 1.000e+00 2.000e+00 2.000e+00 0.000e+00
 2.000e+00 0.000e+00 0.000e+00 1.000e+00 2.000e+00 1.000e+00 0.000e+00
 2.000e+00 0.000e+00 3.000e+00 0.000e+00 0.000e+00 0.000e+00 0.000e+00
 0.000e+00 0.000e+00 0.000e+00 0.000e+00 0.000e+00 0.000e+00]
787200 loops cons: [2.195e+03 6.290e+02 3.060e+02 1.500e+02 9.200e+01 5.800e+01 3.800e+01
 3.300e+01 2.600e+01 2.100e+01 1.300e+01 1.400e+01 1.300e+01 9.000e+00
 9.000e+00 6.000e+00 6.000e+00 5.000e+00 3.000e+00 7.000e+00 1.000e+00
 0.000e+00 2.000e+00 4.000e+00 1.000e+00 2.000e+00 2.000e+00 0.000e+00
 2.000e+00 0.000e+00 0.000e+00 1.000e+00 2.000e+00 1.000e+00 0.000e+00
 2.000e+00 0.000e+00 3.000e+00 0.000e+00 0.000e+00 0.000e+00 0.000e+00
 0.000e+00 0.000e+00 0.000e+00 0.000e+00 0.000e+00 0.000e+00]
792000 loops cons: [2.204e+03 6.340e+02 3.070e+02 1.510e+02 9.200e+01 5.800e+01 3.800e+01
 3.300e+01 2.600e+01 2.100e+01 1.300e+01 1.400e+01 1.300e+01 9.000e+00
 9.000e+00 6.000e+00 6.000e+00 5.000e+00 3.000e+00 7.000e+00 1.000e+00
 0.000e+00 2.000e+00 4.000e+00 1.000e+00 2.000e+00 2.000e+00 0.000e+00
 2.000e+00 0.000e+00 0.000e+00 1.000e+00 2.000e+00 1.000e+00 0.000e+00
 2.000e+00 0.000e+00 3.000e+00 0.000e+00 0.000e+00 0.000e+00 0.000e+00
 0.000e+00 0.000e+00 0.000e+00 0.000e+00 0.000e+00 0.000e+00]
796800 loops cons: [2.223e+03 6.380e+02 3.080e+02 1.520e+02 9.300e+01 5.800e+01 3.800e+01
 3.300e+01 2.600e+01 2.100e+01 1.300e+01 1.400e+01 1.300e+01 1.000e+01
 9.000e+00 6.000e+00 6.000e+00 5.000e+00 3.000e+00 7.000e+00 1.000e+00
 0.000e+00 2.000e+00 4.000e+00 1.000e+00 3.000e+00 3.000e+00 0.000e+00
 2.000e+00 0.000e+00 0.000e+00 1.000e+00 2.000e+00 1.000e+00 0.000e+00
 2.000e+00 0.000e+00 3.000e+00 0.000e+00 0.000e+00 0.000e+00 0.000e+00
 0.000e+00 0.000e+00 0.000e+00 0.000e+00 0.000e+00 0.000e+00]
801600 loops cons: [2.236e+03 6.420e+02 3.080e+02 1.530e+02 9.400e+01 5.800e+01 3.800e+01
 3.300e+01 2.600e+01 2.100e+01 1.300e+01 1.400e+01 1.300e+01 1.000e+01
 1.000e+01 6.000e+00 6.000e+00 5.000e+00 3.000e+00 7.000e+00 1.000e+00
 0.000e+00 2.000e+00 4.000e+00 1.000e+00 3.000e+00 3.000e+00 0.000e+00
 2.000e+00 0.000e+00 0.000e+00 1.000e+00 2.000e+00 1.000e+00 0.000e+00
 2.000e+00 0.000e+00 3.000e+00 0.000e+00 0.000e+00 0.000e+00 0.000e+00
 0.000e+00 0.000e+00 0.000e+00 0.000e+00 0.000e+00 0.000e+00]
806400 loops cons: [2.252e+03 6.490e+02 3.120e+02 1.540e+02 9.500e+01 5.800e+01 3.800e+01
 3.400e+01 2.700e+01 2.100e+01 1.300e+01 1.400e+01 1.300e+01 1.000e+01
 1.000e+01 6.000e+00 6.000e+00 5.000e+00 3.000e+00 7.000e+00 1.000e+00
 0.000e+00 2.000e+00 4.000e+00 1.000e+00 3.000e+00 3.000e+00 0.000e+00
 2.000e+00 0.000e+00 0.000e+00 1.000e+00 2.000e+00 1.000e+00 0.000e+00
 2.000e+00 0.000e+00 3.000e+00 0.000e+00 0.000e+00 0.000e+00 0.000e+00
 0.000e+00 0.000e+00 0.000e+00 0.000e+00 0.000e+00 0.000e+00]
811200 loops cons: [2.277e+03 6.540e+02 3.120e+02 1.560e+02 9.500e+01 5.800e+01 3.800e+01
 3.500e+01 2.700e+01 2.100e+01 1.300e+01 1.400e+01 1.300e+01 1.000e+01
 1.000e+01 6.000e+00 6.000e+00 5.000e+00 3.000e+00 7.000e+00 1.000e+00
 0.000e+00 2.000e+00 4.000e+00 1.000e+00 3.000e+00 3.000e+00 0.000e+00
 2.000e+00 0.000e+00 0.000e+00 1.000e+00 2.000e+00 1.000e+00 0.000e+00
 2.000e+00 0.000e+00 3.000e+00 0.000e+00 0.000e+00 0.000e+00 0.000e+00
 0.000e+00 0.000e+00 0.000e+00 0.000e+00 0.000e+00 0.000e+00]
816000 loops cons: [2.29e+03 6.58e+02 3.16e+02 1.57e+02 9.50e+01 5.80e+01 3.80e+01 3.50e+01
 2.70e+01 2.10e+01 1.30e+01 1.40e+01 1.30e+01 1.00e+01 1.00e+01 6.00e+00
 6.00e+00 5.00e+00 3.00e+00 7.00e+00 1.00e+00 0.00e+00 2.00e+00 4.00e+00
 1.00e+00 3.00e+00 3.00e+00 0.00e+00 2.00e+00 0.00e+00 0.00e+00 1.00e+00
 2.00e+00 1.00e+00 0.00e+00 2.00e+00 0.00e+00 3.00e+00 0.00e+00 0.00e+00
 0.00e+00 0.00e+00 0.00e+00 0.00e+00 0.00e+00 0.00e+00 0.00e+00 0.00e+00]
820800 loops cons: [2.308e+03 6.630e+02 3.190e+02 1.570e+02 9.600e+01 5.800e+01 3.800e+01
 3.500e+01 2.700e+01 2.100e+01 1.300e+01 1.400e+01 1.300e+01 1.000e+01
 1.100e+01 6.000e+00 6.000e+00 5.000e+00 3.000e+00 7.000e+00 1.000e+00
 0.000e+00 2.000e+00 4.000e+00 2.000e+00 3.000e+00 3.000e+00 0.000e+00
 2.000e+00 0.000e+00 0.000e+00 1.000e+00 2.000e+00 1.000e+00 0.000e+00
 2.000e+00 0.000e+00 3.000e+00 0.000e+00 0.000e+00 0.000e+00 0.000e+00
 0.000e+00 0.000e+00 0.000e+00 0.000e+00 0.000e+00 0.000e+00]
825600 loops cons: [2.321e+03 6.670e+02 3.230e+02 1.580e+02 9.600e+01 5.800e+01 3.800e+01
 3.500e+01 2.700e+01 2.200e+01 1.300e+01 1.400e+01 1.300e+01 1.000e+01
 1.100e+01 6.000e+00 6.000e+00 5.000e+00 3.000e+00 7.000e+00 1.000e+00
 0.000e+00 2.000e+00 4.000e+00 2.000e+00 3.000e+00 3.000e+00 0.000e+00
 2.000e+00 0.000e+00 0.000e+00 1.000e+00 2.000e+00 1.000e+00 0.000e+00
 2.000e+00 0.000e+00 3.000e+00 0.000e+00 0.000e+00 0.000e+00 0.000e+00
 0.000e+00 0.000e+00 0.000e+00 0.000e+00 0.000e+00 0.000e+00]
830400 loops cons: [2.331e+03 6.670e+02 3.230e+02 1.580e+02 9.600e+01 5.800e+01 3.800e+01
 3.500e+01 2.700e+01 2.200e+01 1.300e+01 1.400e+01 1.300e+01 1.000e+01
 1.100e+01 6.000e+00 6.000e+00 6.000e+00 3.000e+00 7.000e+00 1.000e+00
 0.000e+00 2.000e+00 4.000e+00 2.000e+00 3.000e+00 3.000e+00 0.000e+00
 2.000e+00 0.000e+00 0.000e+00 1.000e+00 2.000e+00 1.000e+00 0.000e+00
 2.000e+00 0.000e+00 3.000e+00 0.000e+00 0.000e+00 0.000e+00 0.000e+00
 0.000e+00 0.000e+00 0.000e+00 0.000e+00 0.000e+00 0.000e+00]
835200 loops cons: [2.349e+03 6.710e+02 3.240e+02 1.590e+02 9.700e+01 5.800e+01 3.800e+01
 3.600e+01 2.700e+01 2.200e+01 1.300e+01 1.400e+01 1.300e+01 1.000e+01
 1.100e+01 6.000e+00 6.000e+00 6.000e+00 3.000e+00 7.000e+00 1.000e+00
 0.000e+00 2.000e+00 4.000e+00 2.000e+00 3.000e+00 3.000e+00 0.000e+00
 2.000e+00 0.000e+00 0.000e+00 1.000e+00 2.000e+00 1.000e+00 0.000e+00
 2.000e+00 0.000e+00 3.000e+00 0.000e+00 0.000e+00 0.000e+00 0.000e+00
 0.000e+00 0.000e+00 0.000e+00 0.000e+00 0.000e+00 0.000e+00]
840000 loops cons: [2.359e+03 6.720e+02 3.260e+02 1.590e+02 9.900e+01 5.800e+01 3.800e+01
 3.600e+01 2.700e+01 2.200e+01 1.300e+01 1.400e+01 1.300e+01 1.000e+01
 1.100e+01 6.000e+00 6.000e+00 6.000e+00 3.000e+00 7.000e+00 1.000e+00
 0.000e+00 2.000e+00 4.000e+00 2.000e+00 3.000e+00 3.000e+00 0.000e+00
 2.000e+00 0.000e+00 0.000e+00 1.000e+00 2.000e+00 1.000e+00 0.000e+00
 2.000e+00 0.000e+00 3.000e+00 0.000e+00 0.000e+00 0.000e+00 0.000e+00
 0.000e+00 0.000e+00 0.000e+00 0.000e+00 0.000e+00 0.000e+00]
844800 loops cons: [2.373e+03 6.790e+02 3.290e+02 1.620e+02 9.900e+01 5.800e+01 3.800e+01
 3.600e+01 2.800e+01 2.200e+01 1.300e+01 1.400e+01 1.300e+01 1.000e+01
 1.100e+01 6.000e+00 6.000e+00 7.000e+00 3.000e+00 7.000e+00 1.000e+00
 0.000e+00 2.000e+00 4.000e+00 2.000e+00 3.000e+00 3.000e+00 0.000e+00
 2.000e+00 0.000e+00 0.000e+00 1.000e+00 2.000e+00 1.000e+00 0.000e+00
 2.000e+00 0.000e+00 3.000e+00 0.000e+00 0.000e+00 0.000e+00 0.000e+00
 0.000e+00 0.000e+00 0.000e+00 0.000e+00 0.000e+00 0.000e+00]
849600 loops cons: [2.388e+03 6.850e+02 3.300e+02 1.630e+02 1.010e+02 5.800e+01 3.800e+01
 3.700e+01 2.800e+01 2.300e+01 1.300e+01 1.500e+01 1.300e+01 1.000e+01
 1.100e+01 6.000e+00 6.000e+00 7.000e+00 3.000e+00 7.000e+00 1.000e+00
 0.000e+00 2.000e+00 4.000e+00 2.000e+00 3.000e+00 3.000e+00 0.000e+00
 2.000e+00 0.000e+00 0.000e+00 1.000e+00 2.000e+00 1.000e+00 0.000e+00
 2.000e+00 0.000e+00 3.000e+00 0.000e+00 0.000e+00 0.000e+00 0.000e+00
 0.000e+00 0.000e+00 0.000e+00 0.000e+00 0.000e+00 0.000e+00]
854400 loops cons: [2.409e+03 6.870e+02 3.320e+02 1.640e+02 1.030e+02 5.800e+01 3.900e+01
 3.700e+01 2.800e+01 2.300e+01 1.300e+01 1.500e+01 1.300e+01 1.000e+01
 1.100e+01 6.000e+00 6.000e+00 7.000e+00 3.000e+00 7.000e+00 1.000e+00
 0.000e+00 2.000e+00 4.000e+00 2.000e+00 3.000e+00 3.000e+00 0.000e+00
 2.000e+00 0.000e+00 0.000e+00 1.000e+00 2.000e+00 1.000e+00 0.000e+00
 2.000e+00 0.000e+00 3.000e+00 0.000e+00 0.000e+00 0.000e+00 0.000e+00
 0.000e+00 0.000e+00 0.000e+00 0.000e+00 0.000e+00 0.000e+00]
859200 loops cons: [2.423e+03 6.910e+02 3.320e+02 1.650e+02 1.030e+02 5.800e+01 3.900e+01
 3.700e+01 2.800e+01 2.300e+01 1.300e+01 1.500e+01 1.300e+01 1.000e+01
 1.100e+01 6.000e+00 6.000e+00 7.000e+00 3.000e+00 7.000e+00 1.000e+00
 0.000e+00 2.000e+00 4.000e+00 2.000e+00 3.000e+00 3.000e+00 0.000e+00
 2.000e+00 0.000e+00 0.000e+00 1.000e+00 2.000e+00 1.000e+00 0.000e+00
 2.000e+00 0.000e+00 3.000e+00 0.000e+00 0.000e+00 0.000e+00 0.000e+00
 0.000e+00 0.000e+00 0.000e+00 0.000e+00 0.000e+00 0.000e+00]
864000 loops cons: [2.435e+03 6.980e+02 3.330e+02 1.670e+02 1.040e+02 5.800e+01 3.900e+01
 3.700e+01 2.900e+01 2.300e+01 1.300e+01 1.500e+01 1.300e+01 1.100e+01
 1.100e+01 6.000e+00 6.000e+00 7.000e+00 3.000e+00 7.000e+00 1.000e+00
 0.000e+00 2.000e+00 4.000e+00 2.000e+00 3.000e+00 3.000e+00 0.000e+00
 2.000e+00 0.000e+00 0.000e+00 1.000e+00 2.000e+00 1.000e+00 0.000e+00
 2.000e+00 0.000e+00 3.000e+00 0.000e+00 0.000e+00 0.000e+00 0.000e+00
 0.000e+00 0.000e+00 0.000e+00 0.000e+00 0.000e+00 0.000e+00]
868800 loops cons: [2.447e+03 7.020e+02 3.350e+02 1.670e+02 1.040e+02 5.800e+01 4.100e+01
 3.700e+01 2.900e+01 2.300e+01 1.300e+01 1.500e+01 1.300e+01 1.100e+01
 1.100e+01 6.000e+00 6.000e+00 7.000e+00 3.000e+00 7.000e+00 1.000e+00
 0.000e+00 2.000e+00 4.000e+00 2.000e+00 3.000e+00 3.000e+00 0.000e+00
 2.000e+00 0.000e+00 0.000e+00 1.000e+00 2.000e+00 1.000e+00 0.000e+00
 2.000e+00 0.000e+00 3.000e+00 0.000e+00 0.000e+00 0.000e+00 0.000e+00
 0.000e+00 0.000e+00 0.000e+00 0.000e+00 0.000e+00 0.000e+00]
873600 loops cons: [2.456e+03 7.080e+02 3.360e+02 1.680e+02 1.040e+02 5.800e+01 4.100e+01
 3.700e+01 2.900e+01 2.300e+01 1.300e+01 1.500e+01 1.300e+01 1.200e+01
 1.100e+01 6.000e+00 6.000e+00 7.000e+00 3.000e+00 7.000e+00 1.000e+00
 0.000e+00 2.000e+00 4.000e+00 2.000e+00 3.000e+00 3.000e+00 0.000e+00
 2.000e+00 0.000e+00 0.000e+00 1.000e+00 2.000e+00 1.000e+00 0.000e+00
 2.000e+00 0.000e+00 3.000e+00 0.000e+00 0.000e+00 0.000e+00 0.000e+00
 0.000e+00 0.000e+00 0.000e+00 0.000e+00 0.000e+00 0.000e+00]
878400 loops cons: [2.468e+03 7.120e+02 3.370e+02 1.710e+02 1.040e+02 5.800e+01 4.200e+01
 3.700e+01 2.900e+01 2.300e+01 1.300e+01 1.500e+01 1.300e+01 1.200e+01
 1.100e+01 6.000e+00 6.000e+00 7.000e+00 3.000e+00 7.000e+00 1.000e+00
 0.000e+00 2.000e+00 4.000e+00 2.000e+00 3.000e+00 3.000e+00 0.000e+00
 2.000e+00 0.000e+00 0.000e+00 1.000e+00 2.000e+00 1.000e+00 0.000e+00
 2.000e+00 0.000e+00 3.000e+00 0.000e+00 1.000e+00 0.000e+00 0.000e+00
 0.000e+00 0.000e+00 0.000e+00 0.000e+00 0.000e+00 0.000e+00]
883200 loops cons: [2.478e+03 7.160e+02 3.400e+02 1.710e+02 1.050e+02 6.000e+01 4.200e+01
 3.700e+01 3.000e+01 2.300e+01 1.300e+01 1.500e+01 1.300e+01 1.200e+01
 1.100e+01 7.000e+00 6.000e+00 7.000e+00 3.000e+00 7.000e+00 1.000e+00
 0.000e+00 2.000e+00 4.000e+00 2.000e+00 3.000e+00 3.000e+00 0.000e+00
 2.000e+00 0.000e+00 0.000e+00 1.000e+00 2.000e+00 1.000e+00 0.000e+00
 2.000e+00 0.000e+00 3.000e+00 0.000e+00 1.000e+00 0.000e+00 0.000e+00
 0.000e+00 0.000e+00 0.000e+00 0.000e+00 0.000e+00 0.000e+00]
888000 loops cons: [2.487e+03 7.210e+02 3.400e+02 1.740e+02 1.050e+02 6.000e+01 4.300e+01
 3.700e+01 3.000e+01 2.300e+01 1.300e+01 1.500e+01 1.300e+01 1.200e+01
 1.100e+01 7.000e+00 6.000e+00 7.000e+00 3.000e+00 7.000e+00 1.000e+00
 0.000e+00 2.000e+00 4.000e+00 2.000e+00 3.000e+00 3.000e+00 0.000e+00
 2.000e+00 0.000e+00 0.000e+00 1.000e+00 2.000e+00 1.000e+00 0.000e+00
 2.000e+00 0.000e+00 3.000e+00 0.000e+00 1.000e+00 0.000e+00 0.000e+00
 0.000e+00 0.000e+00 0.000e+00 0.000e+00 0.000e+00 0.000e+00]
892800 loops cons: [2.506e+03 7.240e+02 3.440e+02 1.740e+02 1.050e+02 6.000e+01 4.400e+01
 3.700e+01 3.100e+01 2.300e+01 1.300e+01 1.500e+01 1.300e+01 1.200e+01
 1.100e+01 7.000e+00 6.000e+00 7.000e+00 3.000e+00 7.000e+00 1.000e+00
 0.000e+00 2.000e+00 4.000e+00 2.000e+00 3.000e+00 3.000e+00 0.000e+00
 2.000e+00 0.000e+00 0.000e+00 1.000e+00 2.000e+00 1.000e+00 0.000e+00
 2.000e+00 0.000e+00 3.000e+00 0.000e+00 1.000e+00 0.000e+00 0.000e+00
 0.000e+00 0.000e+00 0.000e+00 0.000e+00 0.000e+00 0.000e+00]
897600 loops cons: [2.52e+03 7.28e+02 3.49e+02 1.75e+02 1.05e+02 6.00e+01 4.50e+01 3.70e+01
 3.10e+01 2.40e+01 1.30e+01 1.50e+01 1.30e+01 1.20e+01 1.10e+01 7.00e+00
 6.00e+00 8.00e+00 3.00e+00 7.00e+00 1.00e+00 0.00e+00 2.00e+00 4.00e+00
 2.00e+00 3.00e+00 3.00e+00 0.00e+00 2.00e+00 0.00e+00 0.00e+00 1.00e+00
 2.00e+00 1.00e+00 0.00e+00 2.00e+00 0.00e+00 3.00e+00 0.00e+00 1.00e+00
 0.00e+00 0.00e+00 0.00e+00 0.00e+00 0.00e+00 0.00e+00 0.00e+00 0.00e+00]
902400 loops cons: [2.536e+03 7.340e+02 3.510e+02 1.750e+02 1.070e+02 6.100e+01 4.600e+01
 3.700e+01 3.200e+01 2.400e+01 1.300e+01 1.600e+01 1.300e+01 1.200e+01
 1.100e+01 7.000e+00 6.000e+00 8.000e+00 3.000e+00 7.000e+00 1.000e+00
 0.000e+00 2.000e+00 4.000e+00 2.000e+00 3.000e+00 3.000e+00 0.000e+00
 2.000e+00 0.000e+00 0.000e+00 1.000e+00 2.000e+00 1.000e+00 0.000e+00
 2.000e+00 0.000e+00 3.000e+00 0.000e+00 1.000e+00 0.000e+00 0.000e+00
 0.000e+00 0.000e+00 0.000e+00 0.000e+00 0.000e+00 0.000e+00]
907200 loops cons: [2.545e+03 7.360e+02 3.520e+02 1.760e+02 1.070e+02 6.100e+01 4.700e+01
 3.700e+01 3.300e+01 2.400e+01 1.300e+01 1.600e+01 1.300e+01 1.200e+01
 1.100e+01 7.000e+00 7.000e+00 8.000e+00 3.000e+00 7.000e+00 1.000e+00
 0.000e+00 2.000e+00 4.000e+00 2.000e+00 3.000e+00 3.000e+00 0.000e+00
 2.000e+00 0.000e+00 0.000e+00 1.000e+00 2.000e+00 1.000e+00 0.000e+00
 2.000e+00 0.000e+00 3.000e+00 0.000e+00 1.000e+00 0.000e+00 0.000e+00
 0.000e+00 0.000e+00 0.000e+00 0.000e+00 0.000e+00 0.000e+00]
912000 loops cons: [2.561e+03 7.400e+02 3.520e+02 1.770e+02 1.090e+02 6.300e+01 4.800e+01
 3.700e+01 3.300e+01 2.400e+01 1.300e+01 1.600e+01 1.300e+01 1.200e+01
 1.100e+01 7.000e+00 7.000e+00 8.000e+00 3.000e+00 7.000e+00 1.000e+00
 0.000e+00 2.000e+00 4.000e+00 2.000e+00 3.000e+00 3.000e+00 0.000e+00
 2.000e+00 0.000e+00 0.000e+00 1.000e+00 2.000e+00 1.000e+00 0.000e+00
 2.000e+00 0.000e+00 3.000e+00 0.000e+00 1.000e+00 0.000e+00 0.000e+00
 0.000e+00 0.000e+00 0.000e+00 0.000e+00 0.000e+00 0.000e+00]
916800 loops cons: [2.568e+03 7.450e+02 3.530e+02 1.770e+02 1.100e+02 6.400e+01 4.800e+01
 3.800e+01 3.300e+01 2.400e+01 1.300e+01 1.600e+01 1.300e+01 1.300e+01
 1.100e+01 7.000e+00 7.000e+00 8.000e+00 3.000e+00 7.000e+00 1.000e+00
 0.000e+00 2.000e+00 5.000e+00 3.000e+00 3.000e+00 3.000e+00 0.000e+00
 2.000e+00 0.000e+00 0.000e+00 1.000e+00 2.000e+00 1.000e+00 0.000e+00
 2.000e+00 0.000e+00 3.000e+00 0.000e+00 1.000e+00 0.000e+00 0.000e+00
 0.000e+00 0.000e+00 0.000e+00 0.000e+00 0.000e+00 0.000e+00]
921600 loops cons: [2.587e+03 7.480e+02 3.540e+02 1.770e+02 1.110e+02 6.400e+01 4.800e+01
 3.800e+01 3.300e+01 2.400e+01 1.300e+01 1.600e+01 1.300e+01 1.300e+01
 1.100e+01 7.000e+00 7.000e+00 8.000e+00 3.000e+00 7.000e+00 1.000e+00
 0.000e+00 2.000e+00 5.000e+00 3.000e+00 3.000e+00 3.000e+00 0.000e+00
 2.000e+00 0.000e+00 0.000e+00 1.000e+00 2.000e+00 1.000e+00 0.000e+00
 2.000e+00 0.000e+00 3.000e+00 0.000e+00 1.000e+00 0.000e+00 0.000e+00
 0.000e+00 0.000e+00 0.000e+00 0.000e+00 0.000e+00 0.000e+00]
926400 loops cons: [2.595e+03 7.540e+02 3.540e+02 1.780e+02 1.120e+02 6.500e+01 4.800e+01
 3.800e+01 3.300e+01 2.500e+01 1.300e+01 1.600e+01 1.300e+01 1.300e+01
 1.100e+01 7.000e+00 7.000e+00 8.000e+00 3.000e+00 7.000e+00 1.000e+00
 0.000e+00 2.000e+00 5.000e+00 3.000e+00 3.000e+00 3.000e+00 0.000e+00
 2.000e+00 0.000e+00 0.000e+00 1.000e+00 2.000e+00 1.000e+00 0.000e+00
 2.000e+00 0.000e+00 3.000e+00 0.000e+00 1.000e+00 0.000e+00 0.000e+00
 0.000e+00 0.000e+00 0.000e+00 0.000e+00 0.000e+00 0.000e+00]
931200 loops cons: [2.603e+03 7.580e+02 3.550e+02 1.790e+02 1.120e+02 6.700e+01 4.900e+01
 4.000e+01 3.300e+01 2.500e+01 1.300e+01 1.600e+01 1.300e+01 1.300e+01
 1.100e+01 7.000e+00 7.000e+00 8.000e+00 3.000e+00 7.000e+00 1.000e+00
 0.000e+00 2.000e+00 5.000e+00 3.000e+00 3.000e+00 3.000e+00 0.000e+00
 2.000e+00 0.000e+00 0.000e+00 1.000e+00 2.000e+00 1.000e+00 0.000e+00
 2.000e+00 0.000e+00 3.000e+00 0.000e+00 1.000e+00 0.000e+00 0.000e+00
 0.000e+00 0.000e+00 0.000e+00 0.000e+00 0.000e+00 0.000e+00]
936000 loops cons: [2.615e+03 7.620e+02 3.560e+02 1.800e+02 1.120e+02 6.700e+01 5.100e+01
 4.000e+01 3.500e+01 2.500e+01 1.300e+01 1.600e+01 1.300e+01 1.300e+01
 1.100e+01 7.000e+00 7.000e+00 8.000e+00 3.000e+00 7.000e+00 1.000e+00
 0.000e+00 2.000e+00 5.000e+00 3.000e+00 3.000e+00 3.000e+00 0.000e+00
 2.000e+00 0.000e+00 0.000e+00 1.000e+00 2.000e+00 1.000e+00 0.000e+00
 2.000e+00 0.000e+00 3.000e+00 0.000e+00 1.000e+00 0.000e+00 0.000e+00
 0.000e+00 0.000e+00 0.000e+00 0.000e+00 0.000e+00 0.000e+00]
940800 loops cons: [2.63e+03 7.65e+02 3.59e+02 1.81e+02 1.12e+02 6.90e+01 5.10e+01 4.00e+01
 3.50e+01 2.60e+01 1.30e+01 1.60e+01 1.30e+01 1.30e+01 1.10e+01 7.00e+00
 7.00e+00 9.00e+00 3.00e+00 7.00e+00 1.00e+00 0.00e+00 2.00e+00 5.00e+00
 3.00e+00 3.00e+00 3.00e+00 0.00e+00 2.00e+00 0.00e+00 0.00e+00 1.00e+00
 2.00e+00 1.00e+00 0.00e+00 2.00e+00 0.00e+00 3.00e+00 0.00e+00 1.00e+00
 0.00e+00 0.00e+00 0.00e+00 0.00e+00 0.00e+00 0.00e+00 0.00e+00 0.00e+00]
945600 loops cons: [2.644e+03 7.680e+02 3.620e+02 1.830e+02 1.120e+02 6.900e+01 5.200e+01
 4.000e+01 3.500e+01 2.600e+01 1.300e+01 1.600e+01 1.300e+01 1.300e+01
 1.100e+01 7.000e+00 7.000e+00 1.000e+01 3.000e+00 7.000e+00 1.000e+00
 0.000e+00 2.000e+00 5.000e+00 3.000e+00 3.000e+00 3.000e+00 0.000e+00
 2.000e+00 0.000e+00 0.000e+00 1.000e+00 2.000e+00 1.000e+00 0.000e+00
 2.000e+00 0.000e+00 3.000e+00 0.000e+00 1.000e+00 0.000e+00 0.000e+00
 0.000e+00 0.000e+00 0.000e+00 0.000e+00 0.000e+00 0.000e+00]
950400 loops cons: [2.662e+03 7.730e+02 3.630e+02 1.830e+02 1.130e+02 7.000e+01 5.300e+01
 4.100e+01 3.600e+01 2.600e+01 1.300e+01 1.600e+01 1.300e+01 1.300e+01
 1.100e+01 7.000e+00 7.000e+00 1.000e+01 3.000e+00 7.000e+00 1.000e+00
 0.000e+00 2.000e+00 5.000e+00 3.000e+00 3.000e+00 3.000e+00 0.000e+00
 2.000e+00 0.000e+00 0.000e+00 1.000e+00 2.000e+00 1.000e+00 0.000e+00
 2.000e+00 0.000e+00 3.000e+00 0.000e+00 1.000e+00 0.000e+00 0.000e+00
 0.000e+00 0.000e+00 0.000e+00 0.000e+00 0.000e+00 0.000e+00]
955200 loops cons: [2.674e+03 7.760e+02 3.640e+02 1.830e+02 1.130e+02 7.100e+01 5.400e+01
 4.100e+01 3.700e+01 2.600e+01 1.300e+01 1.600e+01 1.300e+01 1.300e+01
 1.100e+01 7.000e+00 7.000e+00 1.000e+01 3.000e+00 7.000e+00 1.000e+00
 0.000e+00 2.000e+00 5.000e+00 3.000e+00 3.000e+00 3.000e+00 0.000e+00
 2.000e+00 0.000e+00 0.000e+00 1.000e+00 2.000e+00 1.000e+00 0.000e+00
 2.000e+00 0.000e+00 3.000e+00 0.000e+00 1.000e+00 0.000e+00 0.000e+00
 0.000e+00 0.000e+00 0.000e+00 0.000e+00 0.000e+00 0.000e+00]
960000 loops cons: [2.686e+03 7.800e+02 3.660e+02 1.850e+02 1.130e+02 7.100e+01 5.400e+01
 4.100e+01 3.700e+01 2.700e+01 1.300e+01 1.600e+01 1.300e+01 1.300e+01
 1.100e+01 7.000e+00 7.000e+00 1.000e+01 3.000e+00 7.000e+00 1.000e+00
 0.000e+00 2.000e+00 5.000e+00 3.000e+00 3.000e+00 3.000e+00 0.000e+00
 2.000e+00 0.000e+00 0.000e+00 1.000e+00 2.000e+00 1.000e+00 0.000e+00
 2.000e+00 0.000e+00 3.000e+00 0.000e+00 1.000e+00 0.000e+00 0.000e+00
 0.000e+00 0.000e+00 0.000e+00 0.000e+00 0.000e+00 0.000e+00]
964800 loops cons: [2.70e+03 7.83e+02 3.68e+02 1.88e+02 1.13e+02 7.20e+01 5.40e+01 4.10e+01
 3.70e+01 2.70e+01 1.30e+01 1.60e+01 1.30e+01 1.30e+01 1.10e+01 7.00e+00
 7.00e+00 1.00e+01 3.00e+00 7.00e+00 1.00e+00 0.00e+00 2.00e+00 5.00e+00
 3.00e+00 3.00e+00 3.00e+00 0.00e+00 2.00e+00 0.00e+00 0.00e+00 1.00e+00
 2.00e+00 1.00e+00 0.00e+00 2.00e+00 0.00e+00 3.00e+00 0.00e+00 1.00e+00
 0.00e+00 0.00e+00 0.00e+00 0.00e+00 0.00e+00 0.00e+00 0.00e+00 0.00e+00]
969600 loops cons: [2.716e+03 7.900e+02 3.700e+02 1.890e+02 1.130e+02 7.200e+01 5.500e+01
 4.200e+01 3.700e+01 2.700e+01 1.300e+01 1.600e+01 1.300e+01 1.300e+01
 1.100e+01 7.000e+00 7.000e+00 1.000e+01 3.000e+00 7.000e+00 1.000e+00
 0.000e+00 2.000e+00 5.000e+00 3.000e+00 3.000e+00 3.000e+00 0.000e+00
 2.000e+00 0.000e+00 0.000e+00 1.000e+00 2.000e+00 1.000e+00 0.000e+00
 2.000e+00 0.000e+00 3.000e+00 0.000e+00 1.000e+00 0.000e+00 0.000e+00
 0.000e+00 0.000e+00 0.000e+00 0.000e+00 0.000e+00 0.000e+00]
974400 loops cons: [2.723e+03 7.970e+02 3.720e+02 1.890e+02 1.140e+02 7.200e+01 5.500e+01
 4.200e+01 3.800e+01 2.700e+01 1.300e+01 1.600e+01 1.300e+01 1.300e+01
 1.100e+01 7.000e+00 7.000e+00 1.000e+01 3.000e+00 7.000e+00 1.000e+00
 0.000e+00 2.000e+00 5.000e+00 3.000e+00 3.000e+00 3.000e+00 0.000e+00
 2.000e+00 0.000e+00 0.000e+00 1.000e+00 2.000e+00 1.000e+00 0.000e+00
 2.000e+00 0.000e+00 3.000e+00 0.000e+00 1.000e+00 0.000e+00 0.000e+00
 0.000e+00 0.000e+00 0.000e+00 0.000e+00 0.000e+00 0.000e+00]
979200 loops cons: [2.734e+03 8.010e+02 3.730e+02 1.900e+02 1.140e+02 7.200e+01 5.600e+01
 4.200e+01 3.800e+01 2.700e+01 1.300e+01 1.600e+01 1.300e+01 1.300e+01
 1.100e+01 7.000e+00 7.000e+00 1.000e+01 3.000e+00 7.000e+00 1.000e+00
 0.000e+00 2.000e+00 5.000e+00 3.000e+00 3.000e+00 3.000e+00 0.000e+00
 2.000e+00 0.000e+00 0.000e+00 1.000e+00 2.000e+00 1.000e+00 0.000e+00
 2.000e+00 0.000e+00 3.000e+00 0.000e+00 1.000e+00 0.000e+00 0.000e+00
 0.000e+00 0.000e+00 0.000e+00 0.000e+00 0.000e+00 0.000e+00]
984000 loops cons: [2.752e+03 8.050e+02 3.770e+02 1.910e+02 1.150e+02 7.200e+01 5.600e+01
 4.300e+01 3.900e+01 2.700e+01 1.300e+01 1.600e+01 1.400e+01 1.300e+01
 1.100e+01 7.000e+00 8.000e+00 1.000e+01 3.000e+00 7.000e+00 1.000e+00
 0.000e+00 2.000e+00 5.000e+00 3.000e+00 3.000e+00 3.000e+00 0.000e+00
 2.000e+00 0.000e+00 0.000e+00 1.000e+00 2.000e+00 1.000e+00 0.000e+00
 2.000e+00 0.000e+00 3.000e+00 0.000e+00 1.000e+00 0.000e+00 0.000e+00
 0.000e+00 0.000e+00 0.000e+00 0.000e+00 0.000e+00 0.000e+00]
988800 loops cons: [2.763e+03 8.090e+02 3.780e+02 1.940e+02 1.170e+02 7.200e+01 5.600e+01
 4.300e+01 3.900e+01 2.700e+01 1.300e+01 1.600e+01 1.400e+01 1.300e+01
 1.100e+01 7.000e+00 8.000e+00 1.000e+01 3.000e+00 7.000e+00 1.000e+00
 0.000e+00 2.000e+00 5.000e+00 3.000e+00 3.000e+00 3.000e+00 0.000e+00
 2.000e+00 0.000e+00 0.000e+00 1.000e+00 2.000e+00 1.000e+00 0.000e+00
 2.000e+00 0.000e+00 3.000e+00 0.000e+00 1.000e+00 0.000e+00 0.000e+00
 0.000e+00 0.000e+00 0.000e+00 0.000e+00 0.000e+00 0.000e+00]
993600 loops cons: [2.776e+03 8.140e+02 3.780e+02 1.940e+02 1.170e+02 7.300e+01 5.700e+01
 4.400e+01 3.900e+01 2.700e+01 1.300e+01 1.600e+01 1.400e+01 1.300e+01
 1.100e+01 7.000e+00 8.000e+00 1.000e+01 3.000e+00 8.000e+00 1.000e+00
 0.000e+00 2.000e+00 5.000e+00 3.000e+00 3.000e+00 3.000e+00 0.000e+00
 2.000e+00 0.000e+00 0.000e+00 1.000e+00 2.000e+00 1.000e+00 0.000e+00
 2.000e+00 0.000e+00 3.000e+00 0.000e+00 1.000e+00 0.000e+00 0.000e+00
 0.000e+00 0.000e+00 0.000e+00 0.000e+00 0.000e+00 0.000e+00]
998400 loops cons: [2.789e+03 8.190e+02 3.820e+02 1.940e+02 1.170e+02 7.300e+01 5.800e+01
 4.500e+01 3.900e+01 2.700e+01 1.300e+01 1.600e+01 1.400e+01 1.300e+01
 1.100e+01 7.000e+00 8.000e+00 1.000e+01 3.000e+00 8.000e+00 1.000e+00
 0.000e+00 2.000e+00 5.000e+00 3.000e+00 3.000e+00 3.000e+00 0.000e+00
 2.000e+00 0.000e+00 0.000e+00 1.000e+00 2.000e+00 1.000e+00 0.000e+00
 2.000e+00 0.000e+00 3.000e+00 0.000e+00 1.000e+00 0.000e+00 0.000e+00
 0.000e+00 0.000e+00 0.000e+00 0.000e+00 0.000e+00 0.000e+00]
1003200 loops cons: [2.806e+03 8.220e+02 3.850e+02 1.940e+02 1.180e+02 7.300e+01 5.900e+01
 4.500e+01 3.900e+01 2.700e+01 1.300e+01 1.600e+01 1.400e+01 1.300e+01
 1.100e+01 7.000e+00 8.000e+00 1.000e+01 3.000e+00 8.000e+00 1.000e+00
 0.000e+00 2.000e+00 5.000e+00 3.000e+00 3.000e+00 3.000e+00 0.000e+00
 2.000e+00 0.000e+00 0.000e+00 1.000e+00 2.000e+00 1.000e+00 0.000e+00
 2.000e+00 0.000e+00 3.000e+00 0.000e+00 1.000e+00 0.000e+00 0.000e+00
 0.000e+00 0.000e+00 0.000e+00 0.000e+00 0.000e+00 0.000e+00]
