Starting new run concatemerization
concentration: 2
0 loops cons: [1. 0. 0. 0. 0. 0. 0. 0. 0. 0. 0. 0. 0. 0. 0. 0. 0. 0. 0. 0. 0. 0. 0. 0.
 0. 0. 0. 0. 0. 0. 0. 0. 0. 0. 0. 0. 0. 0. 0. 0. 0. 0. 0. 0. 0. 0. 0. 0.]
4800 loops cons: [13.  1.  2.  0.  1.  1.  0.  0.  0.  0.  1.  0.  0.  0.  0.  0.  0.  0.
  0.  0.  0.  0.  0.  0.  0.  0.  0.  0.  0.  0.  0.  0.  0.  0.  0.  0.
  0.  0.  0.  0.  0.  0.  0.  0.  0.  0.  0.  0.]
9600 loops cons: [26.  5.  2.  1.  1.  1.  1.  1.  0.  0.  1.  0.  0.  0.  0.  0.  0.  1.
  0.  0.  0.  0.  0.  0.  0.  0.  0.  0.  0.  0.  0.  0.  0.  0.  0.  0.
  0.  0.  0.  0.  0.  0.  0.  0.  0.  0.  0.  0.]
14400 loops cons: [40. 10.  4.  1.  1.  2.  2.  1.  0.  0.  1.  0.  1.  0.  0.  0.  0.  1.
  0.  0.  0.  0.  0.  0.  0.  0.  0.  0.  0.  0.  0.  0.  0.  0.  0.  0.
  0.  0.  0.  0.  0.  0.  0.  0.  0.  0.  0.  0.]
19200 loops cons: [54. 13.  6.  4.  2.  3.  2.  1.  0.  0.  1.  0.  1.  0.  0.  0.  0.  1.
  0.  0.  0.  0.  0.  0.  0.  0.  0.  0.  0.  0.  0.  0.  0.  0.  0.  0.
  0.  0.  0.  0.  0.  0.  0.  0.  0.  0.  0.  0.]
24000 loops cons: [65. 16. 10.  6.  2.  3.  2.  1.  0.  0.  1.  0.  1.  0.  0.  0.  0.  1.
  0.  0.  0.  0.  0.  0.  0.  0.  0.  0.  0.  0.  0.  0.  0.  0.  0.  0.
  0.  0.  0.  0.  0.  0.  0.  0.  0.  0.  0.  0.]
28800 loops cons: [82. 19. 11.  7.  2.  4.  3.  1.  0.  0.  2.  0.  1.  0.  0.  0.  0.  1.
  0.  0.  0.  0.  0.  0.  0.  0.  0.  0.  0.  0.  0.  0.  0.  0.  0.  0.
  0.  0.  0.  0.  0.  0.  0.  0.  0.  0.  0.  0.]
33600 loops cons: [92. 28. 13.  8.  3.  4.  3.  1.  0.  0.  2.  0.  1.  0.  0.  0.  0.  1.
  0.  0.  0.  0.  0.  0.  0.  0.  0.  0.  0.  0.  0.  0.  0.  0.  0.  0.
  0.  0.  0.  0.  0.  0.  0.  0.  0.  0.  0.  0.]
38400 loops cons: [109.  31.  14.   9.   4.   4.   4.   1.   0.   0.   2.   0.   1.   0.
   0.   1.   0.   1.   0.   0.   0.   0.   0.   0.   0.   0.   0.   0.
   0.   0.   0.   0.   0.   0.   0.   0.   0.   0.   0.   0.   0.   0.
   0.   0.   0.   0.   0.   0.]
43200 loops cons: [118.  37.  14.  10.   5.   4.   4.   1.   0.   1.   2.   0.   1.   0.
   0.   1.   0.   1.   0.   0.   0.   0.   0.   0.   0.   0.   0.   0.
   0.   0.   0.   0.   0.   0.   0.   0.   0.   0.   0.   0.   0.   0.
   0.   0.   0.   0.   0.   0.]
48000 loops cons: [133.  43.  15.  11.   5.   4.   4.   2.   0.   1.   2.   1.   1.   0.
   0.   1.   0.   1.   0.   0.   0.   0.   0.   0.   0.   0.   0.   0.
   1.   0.   0.   0.   0.   0.   0.   0.   0.   0.   0.   0.   0.   0.
   0.   0.   0.   0.   0.   0.]
52800 loops cons: [146.  47.  18.  12.   5.   4.   5.   2.   0.   1.   2.   1.   1.   0.
   0.   1.   0.   1.   0.   0.   0.   0.   0.   0.   0.   0.   0.   0.
   1.   0.   0.   0.   0.   0.   0.   0.   0.   0.   0.   0.   0.   0.
   0.   0.   0.   0.   0.   0.]
57600 loops cons: [160.  49.  19.  13.   5.   4.   6.   2.   0.   1.   2.   1.   1.   0.
   0.   1.   0.   1.   0.   0.   0.   0.   0.   0.   0.   0.   0.   0.
   1.   0.   0.   0.   0.   0.   0.   0.   0.   0.   0.   0.   0.   0.
   0.   0.   0.   0.   0.   0.]
62400 loops cons: [181.  54.  20.  14.   5.   4.   6.   2.   0.   1.   2.   1.   1.   0.
   1.   1.   0.   1.   0.   0.   0.   0.   0.   0.   0.   0.   0.   0.
   1.   0.   0.   0.   0.   0.   0.   0.   0.   0.   0.   0.   0.   0.
   0.   0.   0.   0.   0.   0.]
67200 loops cons: [193.  60.  21.  16.   6.   4.   6.   2.   0.   1.   2.   1.   1.   0.
   1.   1.   0.   1.   0.   0.   0.   0.   0.   0.   0.   0.   0.   0.
   1.   0.   0.   0.   0.   0.   0.   0.   0.   0.   0.   0.   0.   0.
   0.   0.   0.   0.   0.   0.]
72000 loops cons: [202.  65.  22.  18.   7.   4.   7.   2.   0.   1.   2.   1.   1.   0.
   2.   1.   0.   1.   0.   0.   0.   0.   0.   0.   0.   0.   0.   0.
   1.   0.   0.   0.   0.   0.   0.   0.   0.   0.   0.   0.   0.   0.
   0.   0.   0.   0.   0.   0.]
76800 loops cons: [211.  68.  23.  20.   7.   4.   8.   3.   0.   2.   2.   1.   1.   0.
   2.   1.   0.   1.   0.   0.   0.   0.   0.   0.   0.   0.   0.   0.
   1.   0.   0.   0.   0.   0.   0.   0.   0.   0.   0.   0.   0.   0.
   0.   0.   0.   0.   0.   0.]
81600 loops cons: [224.  70.  26.  20.   8.   4.   9.   3.   0.   2.   2.   1.   1.   0.
   2.   1.   0.   1.   0.   0.   0.   0.   0.   0.   0.   0.   0.   0.
   1.   0.   0.   0.   0.   0.   0.   0.   0.   0.   0.   0.   0.   0.
   0.   0.   0.   0.   0.   0.]
86400 loops cons: [237.  73.  27.  22.   9.   4.   9.   3.   0.   2.   2.   1.   1.   0.
   2.   1.   0.   1.   0.   0.   0.   0.   0.   0.   0.   0.   0.   0.
   1.   0.   0.   0.   0.   0.   0.   0.   0.   0.   0.   0.   0.   0.
   0.   0.   0.   0.   0.   0.]
91200 loops cons: [256.  77.  30.  23.   9.   8.   9.   4.   0.   2.   2.   1.   1.   0.
   2.   1.   0.   1.   0.   0.   0.   0.   0.   0.   0.   0.   0.   0.
   1.   0.   0.   0.   0.   0.   0.   0.   0.   0.   0.   0.   0.   0.
   0.   0.   0.   0.   0.   0.]
96000 loops cons: [265.  80.  30.  23.  12.   8.   9.   4.   0.   2.   2.   2.   1.   0.
   2.   1.   0.   2.   0.   0.   0.   0.   0.   0.   0.   0.   0.   0.
   1.   0.   0.   0.   0.   0.   0.   0.   0.   0.   0.   0.   0.   0.
   0.   0.   0.   0.   0.   0.]
100800 loops cons: [276.  85.  31.  26.  13.   8.   9.   4.   0.   2.   2.   2.   1.   0.
   2.   1.   0.   2.   0.   0.   0.   0.   0.   0.   0.   0.   0.   0.
   1.   0.   0.   0.   0.   0.   0.   0.   0.   0.   0.   0.   0.   0.
   0.   0.   0.   0.   0.   0.]
105600 loops cons: [287.  86.  33.  28.  13.   8.   9.   5.   0.   2.   3.   2.   1.   0.
   2.   1.   0.   2.   0.   0.   0.   0.   0.   0.   0.   0.   0.   0.
   1.   0.   0.   0.   0.   0.   0.   0.   0.   0.   0.   0.   0.   0.
   0.   0.   0.   0.   0.   0.]
110400 loops cons: [301.  90.  33.  29.  13.   8.   9.   6.   0.   2.   3.   2.   1.   0.
   2.   1.   0.   2.   0.   0.   0.   0.   0.   0.   0.   0.   0.   0.
   1.   0.   0.   0.   0.   1.   0.   0.   0.   0.   0.   0.   0.   0.
   0.   0.   0.   0.   0.   0.]
115200 loops cons: [310.  93.  34.  31.  13.   8.  10.   6.   0.   2.   3.   2.   1.   0.
   2.   1.   1.   2.   0.   0.   0.   0.   0.   0.   0.   0.   0.   0.
   1.   0.   0.   0.   0.   1.   0.   0.   0.   0.   0.   0.   1.   0.
   0.   0.   0.   0.   0.   0.]
120000 loops cons: [321.  94.  35.  31.  14.   8.  10.   6.   1.   2.   4.   2.   1.   0.
   2.   1.   1.   2.   0.   0.   0.   0.   0.   0.   0.   0.   0.   0.
   1.   0.   0.   0.   0.   1.   0.   0.   0.   0.   0.   0.   1.   0.
   0.   0.   0.   0.   0.   0.]
124800 loops cons: [328.  98.  35.  34.  15.   8.  11.   6.   2.   2.   4.   2.   1.   0.
   2.   1.   1.   2.   0.   0.   0.   0.   0.   0.   0.   0.   0.   0.
   1.   0.   0.   0.   0.   1.   0.   0.   0.   0.   0.   0.   1.   0.
   0.   0.   0.   0.   0.   0.]
129600 loops cons: [337. 101.  36.  35.  16.   9.  12.   6.   2.   2.   4.   2.   1.   0.
   2.   1.   1.   2.   0.   0.   0.   0.   0.   0.   0.   0.   0.   0.
   1.   0.   0.   0.   0.   1.   0.   0.   0.   0.   0.   0.   1.   0.
   0.   0.   0.   0.   0.   0.]
134400 loops cons: [351. 102.  37.  36.  16.   9.  12.   6.   2.   2.   4.   2.   1.   0.
   2.   1.   1.   2.   0.   0.   0.   0.   0.   0.   0.   0.   0.   0.
   1.   0.   0.   0.   0.   1.   0.   0.   0.   0.   0.   0.   1.   0.
   0.   0.   0.   0.   0.   0.]
139200 loops cons: [367. 104.  39.  36.  16.  11.  12.   7.   2.   2.   5.   2.   1.   0.
   2.   1.   1.   2.   0.   0.   0.   0.   0.   0.   0.   0.   0.   0.
   1.   0.   0.   0.   0.   1.   0.   0.   0.   0.   0.   0.   1.   0.
   0.   0.   0.   0.   0.   0.]
144000 loops cons: [379. 108.  44.  36.  17.  11.  12.   7.   2.   2.   6.   2.   1.   0.
   2.   1.   2.   2.   0.   0.   0.   0.   0.   0.   0.   0.   0.   0.
   1.   0.   0.   0.   0.   1.   0.   0.   0.   0.   0.   0.   1.   0.
   0.   0.   0.   0.   0.   0.]
148800 loops cons: [395. 112.  46.  36.  18.  12.  12.   7.   2.   2.   6.   2.   1.   0.
   2.   1.   2.   2.   0.   0.   0.   0.   0.   0.   0.   0.   0.   0.
   1.   0.   0.   0.   0.   1.   0.   0.   0.   0.   0.   0.   1.   0.
   0.   0.   0.   0.   0.   0.]
153600 loops cons: [400. 116.  49.  38.  19.  12.  12.   8.   2.   2.   6.   2.   1.   0.
   2.   1.   2.   2.   0.   0.   0.   0.   0.   0.   0.   0.   0.   0.
   1.   0.   0.   0.   0.   1.   0.   0.   0.   0.   0.   0.   1.   0.
   0.   0.   0.   0.   0.   0.]
158400 loops cons: [411. 121.  50.  41.  20.  13.  12.   9.   3.   2.   6.   2.   1.   0.
   2.   1.   2.   2.   0.   0.   0.   0.   0.   0.   0.   0.   0.   0.
   1.   0.   0.   0.   0.   1.   0.   0.   0.   0.   0.   0.   1.   0.
   0.   0.   0.   0.   0.   0.]
163200 loops cons: [424. 123.  50.  41.  21.  13.  12.  10.   3.   2.   6.   2.   1.   0.
   2.   1.   2.   2.   0.   0.   0.   0.   0.   0.   0.   0.   0.   0.
   1.   0.   0.   0.   0.   1.   0.   0.   0.   0.   0.   0.   1.   0.
   0.   0.   0.   0.   0.   0.]
168000 loops cons: [438. 126.  52.  42.  22.  13.  14.  10.   3.   2.   6.   2.   1.   0.
   2.   1.   2.   2.   0.   0.   0.   0.   1.   0.   0.   0.   0.   0.
   1.   0.   0.   0.   0.   1.   0.   0.   0.   0.   0.   0.   1.   0.
   0.   0.   0.   0.   0.   0.]
172800 loops cons: [449. 129.  53.  42.  22.  13.  14.  10.   3.   2.   6.   3.   1.   0.
   2.   1.   2.   2.   1.   0.   0.   0.   1.   0.   0.   0.   0.   0.
   1.   0.   0.   0.   0.   1.   0.   0.   0.   0.   0.   0.   1.   0.
   0.   0.   0.   0.   0.   0.]
177600 loops cons: [467. 130.  57.  46.  22.  14.  15.  10.   3.   2.   6.   3.   1.   0.
   2.   1.   2.   2.   1.   0.   0.   0.   1.   0.   0.   0.   0.   0.
   1.   0.   0.   0.   0.   1.   0.   0.   0.   0.   0.   0.   1.   0.
   0.   0.   1.   0.   0.   0.]
182400 loops cons: [484. 135.  61.  46.  22.  14.  15.  10.   3.   2.   6.   3.   1.   0.
   2.   1.   2.   2.   1.   0.   0.   0.   1.   0.   0.   0.   0.   0.
   1.   0.   0.   0.   0.   1.   0.   0.   0.   0.   0.   0.   1.   0.
   0.   0.   1.   0.   0.   0.]
187200 loops cons: [497. 139.  62.  48.  23.  14.  15.  10.   3.   2.   6.   3.   1.   1.
   2.   1.   2.   2.   1.   0.   0.   0.   1.   0.   0.   0.   0.   0.
   1.   0.   0.   0.   0.   1.   0.   0.   0.   0.   0.   0.   1.   0.
   0.   0.   1.   0.   0.   0.]
192000 loops cons: [511. 141.  65.  48.  23.  15.  15.  10.   3.   2.   6.   3.   1.   1.
   2.   1.   2.   2.   1.   0.   0.   0.   1.   0.   0.   0.   0.   0.
   1.   0.   0.   0.   0.   1.   0.   0.   0.   0.   0.   0.   1.   0.
   0.   0.   1.   0.   0.   0.]
196800 loops cons: [529. 146.  69.  48.  25.  15.  15.  10.   3.   2.   6.   3.   1.   1.
   2.   1.   2.   2.   1.   0.   0.   0.   1.   0.   0.   0.   0.   0.
   1.   0.   0.   0.   0.   1.   0.   0.   0.   0.   0.   0.   1.   0.
   0.   0.   1.   0.   0.   0.]
201600 loops cons: [540. 148.  74.  49.  25.  15.  15.  10.   3.   2.   6.   3.   1.   2.
   2.   1.   2.   2.   1.   0.   0.   0.   1.   0.   0.   0.   0.   0.
   1.   0.   1.   0.   0.   1.   0.   0.   0.   0.   0.   0.   1.   0.
   0.   0.   1.   0.   0.   0.]
206400 loops cons: [553. 150.  76.  49.  25.  15.  15.  11.   3.   4.   6.   3.   1.   2.
   2.   1.   2.   2.   1.   0.   0.   0.   1.   0.   0.   0.   0.   0.
   1.   0.   1.   0.   0.   1.   0.   0.   0.   0.   0.   0.   1.   0.
   0.   0.   1.   0.   0.   0.]
211200 loops cons: [568. 155.  77.  51.  25.  15.  15.  12.   3.   4.   6.   3.   1.   2.
   2.   1.   2.   2.   1.   0.   0.   0.   1.   0.   0.   0.   0.   0.
   1.   0.   1.   0.   0.   1.   0.   0.   0.   0.   0.   0.   1.   0.
   0.   0.   1.   0.   0.   0.]
216000 loops cons: [586. 158.  78.  53.  25.  15.  16.  12.   3.   4.   6.   3.   1.   2.
   2.   1.   2.   2.   1.   0.   0.   0.   1.   0.   0.   0.   0.   0.
   1.   0.   1.   0.   0.   1.   0.   0.   0.   0.   0.   0.   1.   0.
   0.   0.   1.   0.   0.   0.]
220800 loops cons: [595. 161.  81.  54.  25.  15.  16.  12.   4.   4.   6.   3.   1.   2.
   2.   1.   2.   2.   1.   0.   0.   0.   1.   0.   0.   0.   0.   0.
   1.   0.   1.   0.   0.   1.   0.   0.   0.   0.   0.   0.   1.   0.
   0.   0.   1.   0.   0.   0.]
225600 loops cons: [604. 165.  81.  55.  26.  16.  17.  12.   4.   4.   6.   3.   2.   2.
   2.   1.   2.   2.   1.   0.   0.   0.   1.   0.   0.   0.   0.   0.
   1.   0.   1.   0.   0.   1.   0.   0.   0.   0.   0.   0.   1.   0.
   0.   0.   1.   0.   0.   0.]
230400 loops cons: [619. 171.  83.  56.  26.  16.  18.  13.   4.   4.   6.   3.   3.   2.
   3.   1.   2.   2.   1.   0.   0.   0.   1.   0.   0.   0.   0.   0.
   1.   0.   1.   0.   0.   1.   0.   0.   0.   0.   0.   0.   1.   0.
   0.   0.   1.   0.   0.   0.]
235200 loops cons: [632. 175.  85.  57.  27.  18.  20.  13.   5.   4.   7.   3.   4.   2.
   3.   1.   2.   2.   1.   0.   0.   0.   1.   0.   0.   0.   0.   0.
   1.   0.   1.   0.   0.   1.   0.   0.   0.   0.   0.   0.   1.   0.
   0.   0.   1.   0.   0.   0.]
240000 loops cons: [648. 180.  87.  57.  27.  18.  20.  13.   6.   4.   7.   3.   4.   2.
   3.   1.   2.   2.   1.   1.   0.   0.   1.   0.   0.   0.   0.   0.
   1.   0.   1.   0.   0.   1.   0.   0.   0.   0.   0.   0.   1.   0.
   0.   0.   1.   0.   0.   0.]
244800 loops cons: [666. 185.  89.  59.  27.  18.  21.  13.   6.   4.   8.   3.   4.   2.
   3.   1.   2.   2.   1.   1.   0.   0.   1.   0.   0.   0.   0.   0.
   1.   0.   1.   0.   0.   1.   0.   0.   0.   0.   0.   0.   1.   0.
   0.   0.   1.   0.   0.   0.]
249600 loops cons: [690. 188.  90.  59.  27.  18.  21.  13.   6.   4.   8.   3.   4.   2.
   3.   1.   2.   2.   1.   1.   1.   0.   1.   0.   0.   0.   0.   0.
   1.   0.   1.   0.   0.   1.   0.   0.   0.   0.   0.   0.   1.   0.
   0.   0.   1.   0.   0.   0.]
254400 loops cons: [704. 191.  91.  60.  27.  19.  21.  13.   6.   4.   8.   3.   4.   2.
   3.   1.   2.   2.   1.   1.   1.   0.   1.   0.   0.   0.   0.   0.
   1.   0.   1.   0.   0.   1.   0.   0.   0.   0.   0.   0.   1.   0.
   0.   0.   1.   0.   0.   0.]
259200 loops cons: [719. 197.  91.  61.  27.  20.  21.  13.   6.   4.   8.   3.   4.   2.
   3.   1.   2.   2.   1.   1.   1.   0.   1.   0.   0.   0.   0.   0.
   1.   0.   1.   0.   0.   1.   0.   0.   0.   0.   0.   0.   1.   0.
   0.   0.   1.   0.   0.   0.]
264000 loops cons: [737. 201.  93.  62.  29.  20.  21.  13.   6.   4.   8.   3.   4.   2.
   3.   1.   2.   2.   2.   1.   1.   0.   1.   0.   0.   0.   0.   0.
   1.   0.   1.   0.   0.   1.   0.   0.   0.   0.   0.   0.   1.   0.
   0.   0.   1.   0.   0.   0.]
268800 loops cons: [752. 205.  96.  63.  30.  21.  22.  13.   6.   5.   8.   3.   4.   2.
   3.   1.   2.   3.   2.   1.   1.   0.   1.   0.   0.   0.   0.   0.
   1.   0.   1.   0.   0.   1.   0.   0.   0.   0.   0.   0.   1.   0.
   0.   0.   1.   0.   0.   0.]
273600 loops cons: [763. 208.  97.  63.  31.  22.  23.  13.   6.   5.   9.   3.   4.   2.
   3.   1.   2.   3.   2.   1.   1.   0.   1.   0.   0.   0.   0.   0.
   1.   0.   1.   0.   0.   1.   0.   0.   0.   0.   0.   0.   1.   0.
   0.   0.   1.   0.   0.   0.]
278400 loops cons: [778. 213.  97.  65.  32.  22.  23.  13.   6.   5.   9.   3.   4.   2.
   3.   1.   2.   3.   2.   1.   1.   0.   1.   0.   0.   0.   0.   0.
   1.   0.   1.   0.   0.   1.   0.   0.   0.   0.   0.   0.   1.   0.
   0.   0.   1.   0.   0.   0.]
283200 loops cons: [794. 220. 102.  65.  33.  22.  23.  13.   6.   5.   9.   3.   4.   2.
   3.   1.   2.   3.   2.   1.   1.   0.   1.   0.   0.   0.   0.   0.
   1.   0.   1.   0.   0.   2.   0.   0.   0.   0.   0.   0.   1.   0.
   0.   0.   1.   0.   0.   0.]
288000 loops cons: [804. 227. 103.  65.  34.  23.  23.  13.   6.   6.   9.   3.   4.   2.
   3.   1.   2.   3.   2.   1.   1.   0.   1.   0.   0.   0.   0.   0.
   1.   0.   1.   0.   0.   2.   0.   0.   0.   0.   0.   0.   1.   0.
   0.   0.   1.   0.   0.   0.]
292800 loops cons: [807. 231. 106.  66.  34.  23.  24.  13.   6.   7.   9.   3.   5.   2.
   3.   1.   2.   3.   2.   1.   1.   0.   1.   0.   0.   0.   0.   0.
   1.   0.   1.   0.   0.   2.   0.   0.   0.   0.   0.   0.   1.   0.
   0.   0.   1.   0.   0.   0.]
297600 loops cons: [812. 234. 107.  66.  34.  25.  24.  14.   6.   8.   9.   3.   5.   2.
   3.   1.   2.   3.   2.   1.   1.   0.   1.   0.   0.   0.   0.   0.
   1.   0.   1.   0.   0.   2.   0.   0.   0.   0.   0.   0.   1.   0.
   0.   0.   1.   0.   0.   0.]
302400 loops cons: [829. 235. 109.  68.  34.  25.  24.  14.   6.   8.   9.   3.   5.   2.
   3.   1.   2.   4.   2.   1.   1.   0.   1.   0.   0.   0.   0.   0.
   1.   0.   1.   0.   0.   2.   0.   0.   0.   0.   0.   0.   1.   0.
   0.   0.   1.   0.   0.   0.]
307200 loops cons: [843. 239. 110.  68.  35.  26.  24.  14.   7.   8.   9.   3.   5.   2.
   3.   1.   2.   4.   3.   1.   1.   0.   1.   0.   0.   0.   0.   0.
   1.   0.   1.   0.   0.   2.   0.   0.   0.   0.   0.   0.   1.   0.
   0.   0.   1.   0.   0.   0.]
312000 loops cons: [864. 244. 112.  70.  36.  27.  24.  14.   7.   9.   9.   3.   5.   2.
   3.   1.   2.   4.   3.   1.   1.   0.   1.   0.   0.   0.   0.   0.
   1.   0.   1.   0.   0.   3.   0.   0.   0.   0.   0.   0.   1.   0.
   0.   0.   1.   0.   0.   0.]
316800 loops cons: [875. 248. 113.  71.  37.  27.  24.  14.   7.   9.   9.   3.   5.   2.
   3.   1.   2.   4.   3.   1.   1.   0.   1.   0.   0.   0.   0.   0.
   1.   0.   1.   0.   0.   3.   0.   0.   0.   0.   0.   0.   1.   0.
   0.   0.   1.   0.   0.   0.]
321600 loops cons: [894. 253. 115.  71.  38.  28.  24.  14.   7.   9.   9.   3.   5.   2.
   3.   2.   2.   4.   3.   1.   1.   0.   1.   0.   0.   0.   0.   1.
   1.   0.   1.   0.   0.   3.   0.   0.   0.   0.   0.   0.   1.   0.
   0.   0.   1.   0.   0.   0.]
326400 loops cons: [907. 258. 119.  71.  38.  28.  24.  15.   7.   9.   9.   3.   5.   2.
   3.   2.   2.   4.   3.   1.   1.   0.   1.   0.   0.   0.   0.   1.
   1.   0.   1.   0.   0.   3.   0.   0.   0.   0.   0.   0.   1.   0.
   0.   0.   1.   0.   0.   0.]
331200 loops cons: [920. 262. 121.  72.  38.  28.  24.  16.   7.   9.   9.   3.   5.   2.
   3.   2.   2.   4.   3.   1.   1.   0.   1.   0.   0.   0.   0.   1.
   1.   0.   1.   0.   0.   3.   0.   0.   0.   0.   0.   0.   1.   0.
   0.   0.   1.   0.   0.   0.]
336000 loops cons: [934. 268. 124.  73.  38.  28.  24.  16.   8.   9.   9.   3.   5.   2.
   3.   2.   2.   4.   3.   1.   1.   0.   1.   0.   0.   0.   0.   1.
   1.   0.   1.   0.   0.   3.   0.   0.   0.   0.   0.   0.   1.   0.
   0.   0.   1.   0.   0.   0.]
340800 loops cons: [947. 274. 128.  74.  38.  28.  24.  16.   8.   9.   9.   3.   6.   2.
   3.   2.   2.   4.   3.   1.   1.   0.   1.   0.   0.   0.   0.   1.
   1.   0.   1.   0.   0.   3.   0.   0.   0.   0.   0.   0.   1.   0.
   0.   0.   1.   0.   0.   0.]
345600 loops cons: [966. 278. 128.  74.  38.  29.  24.  16.   8.   9.  10.   3.   6.   3.
   3.   2.   2.   5.   3.   1.   1.   0.   1.   0.   0.   0.   0.   1.
   1.   0.   1.   0.   0.   3.   0.   0.   0.   0.   0.   0.   2.   0.
   0.   0.   1.   0.   0.   0.]
350400 loops cons: [976. 282. 128.  75.  38.  29.  24.  16.   8.   9.  10.   3.   6.   4.
   3.   2.   2.   5.   3.   1.   1.   0.   1.   0.   0.   0.   0.   1.
   1.   0.   1.   0.   0.   3.   0.   0.   0.   0.   0.   0.   2.   0.
   0.   0.   1.   0.   0.   0.]
355200 loops cons: [989. 286. 131.  76.  38.  29.  24.  16.   8.   9.  10.   3.   6.   4.
   3.   2.   2.   5.   3.   1.   1.   0.   1.   0.   0.   0.   0.   1.
   1.   0.   1.   0.   0.   3.   0.   0.   0.   0.   0.   0.   2.   0.
   0.   0.   1.   0.   0.   0.]
360000 loops cons: [1.004e+03 2.920e+02 1.310e+02 7.700e+01 3.800e+01 3.000e+01 2.400e+01
 1.700e+01 8.000e+00 9.000e+00 1.000e+01 3.000e+00 6.000e+00 4.000e+00
 3.000e+00 2.000e+00 2.000e+00 5.000e+00 3.000e+00 1.000e+00 1.000e+00
 0.000e+00 1.000e+00 0.000e+00 0.000e+00 1.000e+00 0.000e+00 1.000e+00
 1.000e+00 0.000e+00 1.000e+00 0.000e+00 0.000e+00 3.000e+00 0.000e+00
 0.000e+00 0.000e+00 0.000e+00 0.000e+00 0.000e+00 2.000e+00 0.000e+00
 0.000e+00 0.000e+00 1.000e+00 0.000e+00 0.000e+00 0.000e+00]
364800 loops cons: [1.018e+03 3.000e+02 1.350e+02 7.800e+01 3.900e+01 3.000e+01 2.600e+01
 1.700e+01 8.000e+00 9.000e+00 1.000e+01 3.000e+00 6.000e+00 4.000e+00
 3.000e+00 2.000e+00 2.000e+00 5.000e+00 3.000e+00 1.000e+00 1.000e+00
 0.000e+00 1.000e+00 0.000e+00 0.000e+00 1.000e+00 0.000e+00 1.000e+00
 1.000e+00 0.000e+00 1.000e+00 0.000e+00 0.000e+00 3.000e+00 0.000e+00
 0.000e+00 0.000e+00 0.000e+00 0.000e+00 0.000e+00 2.000e+00 0.000e+00
 0.000e+00 0.000e+00 1.000e+00 0.000e+00 0.000e+00 0.000e+00]
369600 loops cons: [1.029e+03 3.060e+02 1.370e+02 7.800e+01 4.000e+01 3.000e+01 2.600e+01
 1.700e+01 9.000e+00 9.000e+00 1.000e+01 3.000e+00 6.000e+00 4.000e+00
 3.000e+00 2.000e+00 2.000e+00 5.000e+00 3.000e+00 1.000e+00 1.000e+00
 0.000e+00 1.000e+00 0.000e+00 0.000e+00 1.000e+00 0.000e+00 1.000e+00
 1.000e+00 0.000e+00 1.000e+00 0.000e+00 0.000e+00 3.000e+00 0.000e+00
 0.000e+00 0.000e+00 0.000e+00 0.000e+00 0.000e+00 2.000e+00 0.000e+00
 0.000e+00 0.000e+00 1.000e+00 0.000e+00 0.000e+00 0.000e+00]
374400 loops cons: [1.038e+03 3.130e+02 1.400e+02 8.000e+01 4.000e+01 3.100e+01 2.600e+01
 1.800e+01 9.000e+00 9.000e+00 1.000e+01 3.000e+00 6.000e+00 4.000e+00
 3.000e+00 2.000e+00 2.000e+00 5.000e+00 3.000e+00 1.000e+00 1.000e+00
 0.000e+00 1.000e+00 0.000e+00 0.000e+00 1.000e+00 0.000e+00 1.000e+00
 1.000e+00 0.000e+00 1.000e+00 0.000e+00 0.000e+00 3.000e+00 0.000e+00
 0.000e+00 0.000e+00 0.000e+00 0.000e+00 0.000e+00 2.000e+00 0.000e+00
 0.000e+00 0.000e+00 1.000e+00 0.000e+00 0.000e+00 0.000e+00]
379200 loops cons: [1.051e+03 3.150e+02 1.420e+02 8.100e+01 4.100e+01 3.100e+01 2.600e+01
 1.800e+01 9.000e+00 9.000e+00 1.000e+01 3.000e+00 7.000e+00 4.000e+00
 3.000e+00 2.000e+00 2.000e+00 5.000e+00 3.000e+00 1.000e+00 1.000e+00
 0.000e+00 1.000e+00 0.000e+00 0.000e+00 1.000e+00 0.000e+00 1.000e+00
 1.000e+00 0.000e+00 1.000e+00 0.000e+00 0.000e+00 3.000e+00 0.000e+00
 0.000e+00 0.000e+00 0.000e+00 0.000e+00 0.000e+00 2.000e+00 0.000e+00
 0.000e+00 0.000e+00 1.000e+00 0.000e+00 0.000e+00 0.000e+00]
384000 loops cons: [1.061e+03 3.190e+02 1.430e+02 8.400e+01 4.200e+01 3.200e+01 2.700e+01
 1.800e+01 9.000e+00 9.000e+00 1.000e+01 4.000e+00 7.000e+00 4.000e+00
 3.000e+00 2.000e+00 2.000e+00 5.000e+00 3.000e+00 1.000e+00 1.000e+00
 0.000e+00 1.000e+00 0.000e+00 0.000e+00 1.000e+00 0.000e+00 1.000e+00
 1.000e+00 0.000e+00 1.000e+00 0.000e+00 0.000e+00 3.000e+00 0.000e+00
 0.000e+00 0.000e+00 0.000e+00 0.000e+00 0.000e+00 2.000e+00 0.000e+00
 0.000e+00 0.000e+00 1.000e+00 0.000e+00 0.000e+00 0.000e+00]
388800 loops cons: [1.074e+03 3.200e+02 1.440e+02 8.400e+01 4.300e+01 3.300e+01 2.700e+01
 1.800e+01 9.000e+00 9.000e+00 1.000e+01 4.000e+00 7.000e+00 4.000e+00
 3.000e+00 3.000e+00 2.000e+00 5.000e+00 3.000e+00 1.000e+00 1.000e+00
 0.000e+00 1.000e+00 0.000e+00 0.000e+00 1.000e+00 0.000e+00 1.000e+00
 1.000e+00 0.000e+00 1.000e+00 0.000e+00 0.000e+00 3.000e+00 0.000e+00
 0.000e+00 0.000e+00 0.000e+00 0.000e+00 0.000e+00 2.000e+00 0.000e+00
 0.000e+00 0.000e+00 1.000e+00 0.000e+00 0.000e+00 0.000e+00]
393600 loops cons: [1.087e+03 3.230e+02 1.460e+02 8.500e+01 4.300e+01 3.300e+01 2.800e+01
 1.800e+01 9.000e+00 9.000e+00 1.000e+01 4.000e+00 7.000e+00 4.000e+00
 3.000e+00 3.000e+00 2.000e+00 5.000e+00 3.000e+00 1.000e+00 1.000e+00
 0.000e+00 1.000e+00 0.000e+00 0.000e+00 1.000e+00 0.000e+00 1.000e+00
 1.000e+00 0.000e+00 1.000e+00 0.000e+00 0.000e+00 3.000e+00 0.000e+00
 0.000e+00 0.000e+00 0.000e+00 0.000e+00 0.000e+00 2.000e+00 0.000e+00
 0.000e+00 0.000e+00 1.000e+00 0.000e+00 0.000e+00 0.000e+00]
398400 loops cons: [1.094e+03 3.280e+02 1.470e+02 8.600e+01 4.300e+01 3.500e+01 2.800e+01
 1.800e+01 1.000e+01 9.000e+00 1.000e+01 4.000e+00 7.000e+00 4.000e+00
 3.000e+00 3.000e+00 2.000e+00 5.000e+00 3.000e+00 1.000e+00 1.000e+00
 0.000e+00 1.000e+00 0.000e+00 0.000e+00 1.000e+00 0.000e+00 1.000e+00
 1.000e+00 0.000e+00 1.000e+00 0.000e+00 0.000e+00 3.000e+00 0.000e+00
 0.000e+00 0.000e+00 0.000e+00 0.000e+00 0.000e+00 2.000e+00 0.000e+00
 0.000e+00 0.000e+00 1.000e+00 0.000e+00 0.000e+00 0.000e+00]
403200 loops cons: [1.104e+03 3.300e+02 1.490e+02 8.600e+01 4.400e+01 3.500e+01 2.800e+01
 1.800e+01 1.000e+01 9.000e+00 1.000e+01 4.000e+00 7.000e+00 4.000e+00
 3.000e+00 4.000e+00 2.000e+00 5.000e+00 3.000e+00 1.000e+00 1.000e+00
 0.000e+00 1.000e+00 0.000e+00 0.000e+00 1.000e+00 0.000e+00 1.000e+00
 1.000e+00 0.000e+00 1.000e+00 0.000e+00 0.000e+00 3.000e+00 0.000e+00
 0.000e+00 0.000e+00 0.000e+00 0.000e+00 0.000e+00 2.000e+00 0.000e+00
 0.000e+00 0.000e+00 1.000e+00 0.000e+00 0.000e+00 0.000e+00]
408000 loops cons: [1.112e+03 3.350e+02 1.500e+02 8.600e+01 4.500e+01 3.500e+01 2.800e+01
 1.800e+01 1.000e+01 9.000e+00 1.000e+01 4.000e+00 8.000e+00 4.000e+00
 3.000e+00 5.000e+00 2.000e+00 5.000e+00 3.000e+00 1.000e+00 1.000e+00
 0.000e+00 1.000e+00 0.000e+00 0.000e+00 1.000e+00 0.000e+00 1.000e+00
 1.000e+00 0.000e+00 1.000e+00 1.000e+00 1.000e+00 3.000e+00 0.000e+00
 0.000e+00 0.000e+00 0.000e+00 0.000e+00 0.000e+00 2.000e+00 0.000e+00
 0.000e+00 0.000e+00 1.000e+00 0.000e+00 0.000e+00 0.000e+00]
412800 loops cons: [1.124e+03 3.390e+02 1.530e+02 8.900e+01 4.600e+01 3.500e+01 2.800e+01
 1.800e+01 1.000e+01 9.000e+00 1.000e+01 4.000e+00 8.000e+00 4.000e+00
 3.000e+00 5.000e+00 2.000e+00 5.000e+00 3.000e+00 1.000e+00 1.000e+00
 0.000e+00 1.000e+00 0.000e+00 0.000e+00 1.000e+00 0.000e+00 1.000e+00
 1.000e+00 0.000e+00 1.000e+00 1.000e+00 1.000e+00 3.000e+00 0.000e+00
 0.000e+00 0.000e+00 0.000e+00 0.000e+00 0.000e+00 2.000e+00 0.000e+00
 0.000e+00 0.000e+00 1.000e+00 0.000e+00 0.000e+00 0.000e+00]
417600 loops cons: [1.137e+03 3.440e+02 1.580e+02 9.200e+01 4.700e+01 3.500e+01 2.800e+01
 1.800e+01 1.000e+01 9.000e+00 1.000e+01 4.000e+00 8.000e+00 4.000e+00
 3.000e+00 5.000e+00 3.000e+00 5.000e+00 3.000e+00 1.000e+00 1.000e+00
 0.000e+00 1.000e+00 1.000e+00 0.000e+00 1.000e+00 0.000e+00 1.000e+00
 1.000e+00 0.000e+00 1.000e+00 1.000e+00 1.000e+00 3.000e+00 0.000e+00
 0.000e+00 0.000e+00 0.000e+00 0.000e+00 0.000e+00 2.000e+00 0.000e+00
 0.000e+00 0.000e+00 1.000e+00 0.000e+00 0.000e+00 0.000e+00]
422400 loops cons: [1.15e+03 3.49e+02 1.61e+02 9.50e+01 4.80e+01 3.50e+01 2.80e+01 1.80e+01
 1.00e+01 9.00e+00 1.00e+01 4.00e+00 8.00e+00 4.00e+00 3.00e+00 5.00e+00
 3.00e+00 6.00e+00 3.00e+00 1.00e+00 1.00e+00 0.00e+00 1.00e+00 1.00e+00
 0.00e+00 1.00e+00 0.00e+00 1.00e+00 1.00e+00 0.00e+00 1.00e+00 1.00e+00
 1.00e+00 3.00e+00 0.00e+00 0.00e+00 0.00e+00 0.00e+00 0.00e+00 0.00e+00
 2.00e+00 0.00e+00 0.00e+00 0.00e+00 1.00e+00 0.00e+00 0.00e+00 0.00e+00]
427200 loops cons: [1.17e+03 3.53e+02 1.63e+02 9.50e+01 4.90e+01 3.50e+01 2.90e+01 1.80e+01
 1.00e+01 9.00e+00 1.00e+01 4.00e+00 8.00e+00 4.00e+00 3.00e+00 5.00e+00
 3.00e+00 6.00e+00 3.00e+00 1.00e+00 1.00e+00 0.00e+00 1.00e+00 1.00e+00
 0.00e+00 1.00e+00 0.00e+00 1.00e+00 1.00e+00 0.00e+00 1.00e+00 1.00e+00
 1.00e+00 3.00e+00 0.00e+00 0.00e+00 0.00e+00 0.00e+00 0.00e+00 0.00e+00
 2.00e+00 0.00e+00 0.00e+00 0.00e+00 1.00e+00 0.00e+00 0.00e+00 0.00e+00]
432000 loops cons: [1.182e+03 3.600e+02 1.630e+02 9.500e+01 5.100e+01 3.500e+01 3.000e+01
 1.800e+01 1.000e+01 9.000e+00 1.000e+01 4.000e+00 8.000e+00 4.000e+00
 3.000e+00 5.000e+00 3.000e+00 6.000e+00 3.000e+00 1.000e+00 1.000e+00
 0.000e+00 1.000e+00 1.000e+00 0.000e+00 1.000e+00 0.000e+00 1.000e+00
 1.000e+00 0.000e+00 1.000e+00 1.000e+00 1.000e+00 3.000e+00 0.000e+00
 0.000e+00 0.000e+00 0.000e+00 0.000e+00 0.000e+00 2.000e+00 0.000e+00
 0.000e+00 0.000e+00 1.000e+00 0.000e+00 0.000e+00 0.000e+00]
436800 loops cons: [1.192e+03 3.630e+02 1.640e+02 9.800e+01 5.200e+01 3.600e+01 3.000e+01
 1.800e+01 1.000e+01 9.000e+00 1.100e+01 4.000e+00 8.000e+00 4.000e+00
 3.000e+00 5.000e+00 3.000e+00 6.000e+00 3.000e+00 1.000e+00 1.000e+00
 1.000e+00 1.000e+00 1.000e+00 0.000e+00 1.000e+00 0.000e+00 1.000e+00
 1.000e+00 0.000e+00 1.000e+00 1.000e+00 1.000e+00 3.000e+00 0.000e+00
 0.000e+00 0.000e+00 0.000e+00 0.000e+00 0.000e+00 2.000e+00 0.000e+00
 0.000e+00 0.000e+00 1.000e+00 0.000e+00 0.000e+00 0.000e+00]
441600 loops cons: [1.201e+03 3.700e+02 1.650e+02 9.900e+01 5.300e+01 3.600e+01 3.000e+01
 1.900e+01 1.000e+01 9.000e+00 1.200e+01 4.000e+00 8.000e+00 4.000e+00
 3.000e+00 5.000e+00 4.000e+00 6.000e+00 3.000e+00 1.000e+00 1.000e+00
 1.000e+00 1.000e+00 1.000e+00 0.000e+00 1.000e+00 0.000e+00 1.000e+00
 1.000e+00 0.000e+00 1.000e+00 1.000e+00 1.000e+00 3.000e+00 0.000e+00
 0.000e+00 0.000e+00 0.000e+00 0.000e+00 0.000e+00 2.000e+00 0.000e+00
 0.000e+00 0.000e+00 1.000e+00 0.000e+00 0.000e+00 0.000e+00]
446400 loops cons: [1.207e+03 3.770e+02 1.670e+02 1.000e+02 5.300e+01 3.600e+01 3.000e+01
 1.900e+01 1.000e+01 9.000e+00 1.200e+01 4.000e+00 8.000e+00 4.000e+00
 3.000e+00 5.000e+00 4.000e+00 6.000e+00 3.000e+00 1.000e+00 1.000e+00
 1.000e+00 1.000e+00 1.000e+00 0.000e+00 1.000e+00 0.000e+00 1.000e+00
 1.000e+00 0.000e+00 1.000e+00 1.000e+00 1.000e+00 3.000e+00 0.000e+00
 0.000e+00 0.000e+00 0.000e+00 0.000e+00 0.000e+00 2.000e+00 0.000e+00
 0.000e+00 0.000e+00 1.000e+00 0.000e+00 0.000e+00 0.000e+00]
451200 loops cons: [1.217e+03 3.780e+02 1.700e+02 1.000e+02 5.300e+01 3.600e+01 3.000e+01
 1.900e+01 1.100e+01 9.000e+00 1.300e+01 4.000e+00 8.000e+00 4.000e+00
 3.000e+00 5.000e+00 4.000e+00 6.000e+00 3.000e+00 1.000e+00 1.000e+00
 1.000e+00 1.000e+00 2.000e+00 1.000e+00 1.000e+00 0.000e+00 1.000e+00
 1.000e+00 0.000e+00 1.000e+00 1.000e+00 1.000e+00 3.000e+00 0.000e+00
 0.000e+00 0.000e+00 0.000e+00 0.000e+00 0.000e+00 2.000e+00 0.000e+00
 0.000e+00 0.000e+00 1.000e+00 0.000e+00 0.000e+00 0.000e+00]
456000 loops cons: [1.232e+03 3.840e+02 1.710e+02 1.010e+02 5.300e+01 3.600e+01 3.000e+01
 2.000e+01 1.100e+01 9.000e+00 1.300e+01 5.000e+00 8.000e+00 5.000e+00
 3.000e+00 5.000e+00 4.000e+00 6.000e+00 3.000e+00 1.000e+00 1.000e+00
 1.000e+00 1.000e+00 2.000e+00 1.000e+00 1.000e+00 0.000e+00 1.000e+00
 1.000e+00 0.000e+00 1.000e+00 1.000e+00 1.000e+00 3.000e+00 0.000e+00
 0.000e+00 0.000e+00 0.000e+00 0.000e+00 0.000e+00 2.000e+00 0.000e+00
 0.000e+00 0.000e+00 1.000e+00 0.000e+00 0.000e+00 0.000e+00]
460800 loops cons: [1.246e+03 3.850e+02 1.720e+02 1.010e+02 5.400e+01 3.700e+01 3.000e+01
 2.000e+01 1.100e+01 9.000e+00 1.300e+01 6.000e+00 8.000e+00 5.000e+00
 3.000e+00 5.000e+00 4.000e+00 6.000e+00 3.000e+00 1.000e+00 1.000e+00
 1.000e+00 1.000e+00 2.000e+00 1.000e+00 1.000e+00 0.000e+00 1.000e+00
 1.000e+00 0.000e+00 1.000e+00 1.000e+00 1.000e+00 3.000e+00 0.000e+00
 0.000e+00 0.000e+00 0.000e+00 0.000e+00 0.000e+00 2.000e+00 0.000e+00
 0.000e+00 0.000e+00 1.000e+00 0.000e+00 0.000e+00 0.000e+00]
465600 loops cons: [1.26e+03 3.90e+02 1.74e+02 1.02e+02 5.50e+01 3.70e+01 3.10e+01 2.10e+01
 1.10e+01 9.00e+00 1.30e+01 6.00e+00 8.00e+00 5.00e+00 3.00e+00 5.00e+00
 4.00e+00 6.00e+00 3.00e+00 1.00e+00 1.00e+00 1.00e+00 1.00e+00 2.00e+00
 1.00e+00 1.00e+00 0.00e+00 1.00e+00 1.00e+00 0.00e+00 1.00e+00 1.00e+00
 1.00e+00 3.00e+00 0.00e+00 0.00e+00 0.00e+00 0.00e+00 0.00e+00 0.00e+00
 2.00e+00 0.00e+00 0.00e+00 0.00e+00 1.00e+00 0.00e+00 0.00e+00 0.00e+00]
470400 loops cons: [1.271e+03 3.940e+02 1.750e+02 1.030e+02 5.500e+01 3.700e+01 3.100e+01
 2.100e+01 1.100e+01 9.000e+00 1.300e+01 6.000e+00 8.000e+00 5.000e+00
 3.000e+00 5.000e+00 4.000e+00 6.000e+00 3.000e+00 1.000e+00 1.000e+00
 1.000e+00 1.000e+00 2.000e+00 1.000e+00 1.000e+00 0.000e+00 1.000e+00
 1.000e+00 0.000e+00 1.000e+00 1.000e+00 1.000e+00 3.000e+00 0.000e+00
 0.000e+00 0.000e+00 0.000e+00 0.000e+00 0.000e+00 2.000e+00 0.000e+00
 0.000e+00 0.000e+00 1.000e+00 0.000e+00 0.000e+00 0.000e+00]
475200 loops cons: [1.284e+03 4.000e+02 1.760e+02 1.030e+02 5.500e+01 3.700e+01 3.200e+01
 2.100e+01 1.100e+01 9.000e+00 1.300e+01 6.000e+00 8.000e+00 5.000e+00
 3.000e+00 5.000e+00 5.000e+00 6.000e+00 3.000e+00 1.000e+00 1.000e+00
 1.000e+00 1.000e+00 2.000e+00 1.000e+00 1.000e+00 0.000e+00 1.000e+00
 1.000e+00 0.000e+00 1.000e+00 1.000e+00 1.000e+00 3.000e+00 0.000e+00
 0.000e+00 0.000e+00 0.000e+00 0.000e+00 0.000e+00 2.000e+00 0.000e+00
 0.000e+00 0.000e+00 1.000e+00 0.000e+00 0.000e+00 0.000e+00]
480000 loops cons: [1.301e+03 4.020e+02 1.760e+02 1.040e+02 5.500e+01 3.900e+01 3.200e+01
 2.200e+01 1.200e+01 9.000e+00 1.300e+01 6.000e+00 8.000e+00 5.000e+00
 3.000e+00 5.000e+00 5.000e+00 6.000e+00 3.000e+00 1.000e+00 1.000e+00
 1.000e+00 1.000e+00 2.000e+00 1.000e+00 1.000e+00 0.000e+00 1.000e+00
 1.000e+00 0.000e+00 1.000e+00 1.000e+00 1.000e+00 3.000e+00 0.000e+00
 0.000e+00 0.000e+00 0.000e+00 0.000e+00 0.000e+00 2.000e+00 0.000e+00
 0.000e+00 0.000e+00 1.000e+00 0.000e+00 0.000e+00 0.000e+00]
484800 loops cons: [1.317e+03 4.080e+02 1.780e+02 1.040e+02 5.500e+01 4.000e+01 3.200e+01
 2.200e+01 1.200e+01 9.000e+00 1.300e+01 6.000e+00 8.000e+00 5.000e+00
 3.000e+00 5.000e+00 5.000e+00 6.000e+00 3.000e+00 1.000e+00 1.000e+00
 1.000e+00 1.000e+00 2.000e+00 1.000e+00 1.000e+00 0.000e+00 1.000e+00
 1.000e+00 0.000e+00 1.000e+00 1.000e+00 1.000e+00 3.000e+00 0.000e+00
 0.000e+00 0.000e+00 0.000e+00 0.000e+00 0.000e+00 2.000e+00 0.000e+00
 0.000e+00 0.000e+00 1.000e+00 0.000e+00 0.000e+00 0.000e+00]
489600 loops cons: [1.328e+03 4.180e+02 1.790e+02 1.050e+02 5.500e+01 4.100e+01 3.200e+01
 2.300e+01 1.200e+01 9.000e+00 1.300e+01 6.000e+00 8.000e+00 5.000e+00
 3.000e+00 5.000e+00 5.000e+00 6.000e+00 3.000e+00 1.000e+00 1.000e+00
 1.000e+00 1.000e+00 2.000e+00 1.000e+00 1.000e+00 0.000e+00 1.000e+00
 1.000e+00 0.000e+00 1.000e+00 1.000e+00 1.000e+00 3.000e+00 0.000e+00
 0.000e+00 0.000e+00 0.000e+00 0.000e+00 0.000e+00 2.000e+00 0.000e+00
 0.000e+00 0.000e+00 1.000e+00 0.000e+00 0.000e+00 0.000e+00]
494400 loops cons: [1.336e+03 4.220e+02 1.810e+02 1.050e+02 5.500e+01 4.200e+01 3.200e+01
 2.400e+01 1.300e+01 9.000e+00 1.300e+01 6.000e+00 8.000e+00 5.000e+00
 3.000e+00 5.000e+00 5.000e+00 6.000e+00 3.000e+00 1.000e+00 1.000e+00
 1.000e+00 1.000e+00 2.000e+00 1.000e+00 1.000e+00 0.000e+00 1.000e+00
 1.000e+00 0.000e+00 1.000e+00 1.000e+00 1.000e+00 3.000e+00 0.000e+00
 0.000e+00 0.000e+00 0.000e+00 0.000e+00 0.000e+00 2.000e+00 0.000e+00
 0.000e+00 0.000e+00 1.000e+00 0.000e+00 0.000e+00 0.000e+00]
499200 loops cons: [1.345e+03 4.230e+02 1.840e+02 1.080e+02 5.600e+01 4.200e+01 3.300e+01
 2.500e+01 1.300e+01 9.000e+00 1.300e+01 6.000e+00 8.000e+00 5.000e+00
 3.000e+00 5.000e+00 5.000e+00 6.000e+00 3.000e+00 1.000e+00 1.000e+00
 1.000e+00 1.000e+00 2.000e+00 1.000e+00 1.000e+00 0.000e+00 1.000e+00
 1.000e+00 0.000e+00 1.000e+00 1.000e+00 1.000e+00 3.000e+00 0.000e+00
 0.000e+00 0.000e+00 0.000e+00 0.000e+00 0.000e+00 2.000e+00 0.000e+00
 0.000e+00 0.000e+00 1.000e+00 0.000e+00 0.000e+00 0.000e+00]
504000 loops cons: [1.361e+03 4.300e+02 1.840e+02 1.090e+02 5.700e+01 4.200e+01 3.500e+01
 2.500e+01 1.300e+01 9.000e+00 1.300e+01 6.000e+00 8.000e+00 6.000e+00
 3.000e+00 5.000e+00 5.000e+00 6.000e+00 3.000e+00 1.000e+00 1.000e+00
 1.000e+00 1.000e+00 2.000e+00 1.000e+00 1.000e+00 0.000e+00 1.000e+00
 1.000e+00 0.000e+00 1.000e+00 1.000e+00 1.000e+00 3.000e+00 0.000e+00
 0.000e+00 0.000e+00 0.000e+00 0.000e+00 0.000e+00 2.000e+00 0.000e+00
 0.000e+00 0.000e+00 1.000e+00 0.000e+00 0.000e+00 0.000e+00]
508800 loops cons: [1.373e+03 4.320e+02 1.850e+02 1.110e+02 5.700e+01 4.200e+01 3.500e+01
 2.500e+01 1.300e+01 9.000e+00 1.300e+01 6.000e+00 8.000e+00 6.000e+00
 3.000e+00 5.000e+00 6.000e+00 6.000e+00 3.000e+00 2.000e+00 1.000e+00
 1.000e+00 1.000e+00 2.000e+00 1.000e+00 1.000e+00 0.000e+00 1.000e+00
 1.000e+00 0.000e+00 1.000e+00 1.000e+00 1.000e+00 3.000e+00 0.000e+00
 0.000e+00 0.000e+00 0.000e+00 0.000e+00 0.000e+00 2.000e+00 0.000e+00
 0.000e+00 0.000e+00 1.000e+00 0.000e+00 0.000e+00 0.000e+00]
513600 loops cons: [1.39e+03 4.38e+02 1.87e+02 1.12e+02 5.90e+01 4.20e+01 3.60e+01 2.50e+01
 1.30e+01 9.00e+00 1.30e+01 6.00e+00 8.00e+00 6.00e+00 3.00e+00 5.00e+00
 6.00e+00 6.00e+00 3.00e+00 2.00e+00 1.00e+00 1.00e+00 1.00e+00 2.00e+00
 1.00e+00 1.00e+00 0.00e+00 1.00e+00 1.00e+00 0.00e+00 1.00e+00 1.00e+00
 1.00e+00 3.00e+00 0.00e+00 0.00e+00 0.00e+00 0.00e+00 0.00e+00 0.00e+00
 2.00e+00 0.00e+00 0.00e+00 0.00e+00 1.00e+00 0.00e+00 0.00e+00 0.00e+00]
518400 loops cons: [1.397e+03 4.410e+02 1.900e+02 1.130e+02 5.900e+01 4.200e+01 3.600e+01
 2.500e+01 1.300e+01 9.000e+00 1.300e+01 6.000e+00 8.000e+00 6.000e+00
 3.000e+00 5.000e+00 6.000e+00 6.000e+00 3.000e+00 2.000e+00 1.000e+00
 1.000e+00 1.000e+00 2.000e+00 1.000e+00 1.000e+00 0.000e+00 1.000e+00
 1.000e+00 0.000e+00 1.000e+00 1.000e+00 1.000e+00 3.000e+00 0.000e+00
 0.000e+00 0.000e+00 0.000e+00 0.000e+00 0.000e+00 2.000e+00 0.000e+00
 0.000e+00 0.000e+00 1.000e+00 0.000e+00 0.000e+00 0.000e+00]
523200 loops cons: [1.408e+03 4.480e+02 1.940e+02 1.130e+02 5.900e+01 4.200e+01 3.600e+01
 2.500e+01 1.300e+01 9.000e+00 1.300e+01 6.000e+00 8.000e+00 6.000e+00
 4.000e+00 5.000e+00 6.000e+00 6.000e+00 3.000e+00 2.000e+00 1.000e+00
 1.000e+00 1.000e+00 2.000e+00 1.000e+00 1.000e+00 0.000e+00 1.000e+00
 1.000e+00 0.000e+00 1.000e+00 1.000e+00 1.000e+00 3.000e+00 0.000e+00
 0.000e+00 0.000e+00 0.000e+00 0.000e+00 0.000e+00 2.000e+00 0.000e+00
 0.000e+00 0.000e+00 1.000e+00 0.000e+00 0.000e+00 0.000e+00]
528000 loops cons: [1.418e+03 4.510e+02 1.940e+02 1.140e+02 6.000e+01 4.200e+01 3.700e+01
 2.500e+01 1.300e+01 1.000e+01 1.300e+01 6.000e+00 8.000e+00 6.000e+00
 4.000e+00 5.000e+00 6.000e+00 6.000e+00 3.000e+00 3.000e+00 1.000e+00
 1.000e+00 1.000e+00 2.000e+00 1.000e+00 1.000e+00 0.000e+00 1.000e+00
 1.000e+00 0.000e+00 1.000e+00 1.000e+00 1.000e+00 3.000e+00 0.000e+00
 0.000e+00 0.000e+00 0.000e+00 0.000e+00 0.000e+00 2.000e+00 0.000e+00
 0.000e+00 0.000e+00 1.000e+00 0.000e+00 0.000e+00 0.000e+00]
532800 loops cons: [1.429e+03 4.560e+02 1.950e+02 1.140e+02 6.000e+01 4.200e+01 3.800e+01
 2.500e+01 1.300e+01 1.100e+01 1.300e+01 6.000e+00 8.000e+00 6.000e+00
 4.000e+00 5.000e+00 6.000e+00 6.000e+00 3.000e+00 3.000e+00 1.000e+00
 1.000e+00 1.000e+00 2.000e+00 1.000e+00 1.000e+00 0.000e+00 1.000e+00
 1.000e+00 0.000e+00 1.000e+00 1.000e+00 1.000e+00 3.000e+00 0.000e+00
 0.000e+00 0.000e+00 0.000e+00 0.000e+00 0.000e+00 2.000e+00 0.000e+00
 0.000e+00 0.000e+00 1.000e+00 0.000e+00 0.000e+00 0.000e+00]
537600 loops cons: [1.444e+03 4.600e+02 1.950e+02 1.140e+02 6.100e+01 4.200e+01 3.800e+01
 2.500e+01 1.300e+01 1.100e+01 1.300e+01 6.000e+00 8.000e+00 6.000e+00
 4.000e+00 5.000e+00 6.000e+00 6.000e+00 3.000e+00 3.000e+00 1.000e+00
 1.000e+00 1.000e+00 2.000e+00 1.000e+00 1.000e+00 0.000e+00 1.000e+00
 1.000e+00 0.000e+00 1.000e+00 1.000e+00 1.000e+00 3.000e+00 0.000e+00
 0.000e+00 0.000e+00 0.000e+00 0.000e+00 0.000e+00 2.000e+00 0.000e+00
 0.000e+00 0.000e+00 1.000e+00 0.000e+00 0.000e+00 0.000e+00]
542400 loops cons: [1.454e+03 4.650e+02 1.970e+02 1.140e+02 6.100e+01 4.200e+01 3.800e+01
 2.500e+01 1.300e+01 1.100e+01 1.300e+01 6.000e+00 8.000e+00 6.000e+00
 4.000e+00 5.000e+00 6.000e+00 6.000e+00 3.000e+00 3.000e+00 1.000e+00
 1.000e+00 1.000e+00 2.000e+00 1.000e+00 1.000e+00 0.000e+00 1.000e+00
 1.000e+00 0.000e+00 1.000e+00 1.000e+00 1.000e+00 3.000e+00 0.000e+00
 0.000e+00 0.000e+00 0.000e+00 0.000e+00 0.000e+00 2.000e+00 0.000e+00
 0.000e+00 0.000e+00 1.000e+00 0.000e+00 0.000e+00 0.000e+00]
547200 loops cons: [1.466e+03 4.720e+02 1.970e+02 1.140e+02 6.200e+01 4.300e+01 3.800e+01
 2.500e+01 1.300e+01 1.100e+01 1.300e+01 6.000e+00 8.000e+00 6.000e+00
 4.000e+00 5.000e+00 6.000e+00 6.000e+00 3.000e+00 3.000e+00 1.000e+00
 1.000e+00 1.000e+00 2.000e+00 1.000e+00 1.000e+00 0.000e+00 1.000e+00
 1.000e+00 0.000e+00 1.000e+00 1.000e+00 1.000e+00 3.000e+00 0.000e+00
 0.000e+00 0.000e+00 0.000e+00 0.000e+00 0.000e+00 2.000e+00 0.000e+00
 0.000e+00 0.000e+00 1.000e+00 0.000e+00 0.000e+00 0.000e+00]
552000 loops cons: [1.484e+03 4.770e+02 1.980e+02 1.140e+02 6.300e+01 4.400e+01 3.900e+01
 2.500e+01 1.300e+01 1.100e+01 1.300e+01 6.000e+00 8.000e+00 6.000e+00
 4.000e+00 5.000e+00 6.000e+00 6.000e+00 3.000e+00 4.000e+00 1.000e+00
 1.000e+00 1.000e+00 2.000e+00 1.000e+00 1.000e+00 0.000e+00 1.000e+00
 1.000e+00 0.000e+00 1.000e+00 1.000e+00 1.000e+00 3.000e+00 0.000e+00
 0.000e+00 0.000e+00 0.000e+00 0.000e+00 0.000e+00 2.000e+00 0.000e+00
 0.000e+00 0.000e+00 1.000e+00 0.000e+00 0.000e+00 0.000e+00]
556800 loops cons: [1.50e+03 4.79e+02 1.99e+02 1.14e+02 6.30e+01 4.50e+01 3.90e+01 2.50e+01
 1.30e+01 1.10e+01 1.30e+01 6.00e+00 8.00e+00 6.00e+00 4.00e+00 5.00e+00
 6.00e+00 6.00e+00 3.00e+00 4.00e+00 1.00e+00 1.00e+00 1.00e+00 2.00e+00
 2.00e+00 1.00e+00 0.00e+00 1.00e+00 1.00e+00 0.00e+00 1.00e+00 1.00e+00
 1.00e+00 3.00e+00 0.00e+00 0.00e+00 0.00e+00 0.00e+00 0.00e+00 1.00e+00
 2.00e+00 0.00e+00 0.00e+00 0.00e+00 1.00e+00 0.00e+00 0.00e+00 0.00e+00]
561600 loops cons: [1.514e+03 4.850e+02 2.000e+02 1.150e+02 6.300e+01 4.500e+01 4.000e+01
 2.500e+01 1.300e+01 1.100e+01 1.300e+01 6.000e+00 9.000e+00 6.000e+00
 4.000e+00 5.000e+00 6.000e+00 6.000e+00 3.000e+00 4.000e+00 1.000e+00
 2.000e+00 1.000e+00 2.000e+00 2.000e+00 2.000e+00 0.000e+00 1.000e+00
 1.000e+00 0.000e+00 1.000e+00 1.000e+00 1.000e+00 3.000e+00 0.000e+00
 0.000e+00 0.000e+00 0.000e+00 0.000e+00 1.000e+00 2.000e+00 0.000e+00
 0.000e+00 0.000e+00 1.000e+00 0.000e+00 0.000e+00 0.000e+00]
566400 loops cons: [1.523e+03 4.860e+02 2.030e+02 1.160e+02 6.300e+01 4.500e+01 4.100e+01
 2.500e+01 1.300e+01 1.100e+01 1.300e+01 6.000e+00 9.000e+00 6.000e+00
 4.000e+00 5.000e+00 6.000e+00 6.000e+00 3.000e+00 4.000e+00 1.000e+00
 2.000e+00 1.000e+00 2.000e+00 2.000e+00 2.000e+00 0.000e+00 1.000e+00
 1.000e+00 0.000e+00 1.000e+00 1.000e+00 1.000e+00 3.000e+00 0.000e+00
 0.000e+00 0.000e+00 0.000e+00 0.000e+00 1.000e+00 2.000e+00 0.000e+00
 0.000e+00 0.000e+00 1.000e+00 0.000e+00 0.000e+00 0.000e+00]
571200 loops cons: [1.542e+03 4.880e+02 2.050e+02 1.170e+02 6.300e+01 4.500e+01 4.100e+01
 2.500e+01 1.300e+01 1.200e+01 1.300e+01 6.000e+00 9.000e+00 6.000e+00
 4.000e+00 5.000e+00 6.000e+00 6.000e+00 3.000e+00 4.000e+00 1.000e+00
 2.000e+00 1.000e+00 2.000e+00 2.000e+00 2.000e+00 0.000e+00 1.000e+00
 1.000e+00 0.000e+00 1.000e+00 1.000e+00 1.000e+00 3.000e+00 0.000e+00
 0.000e+00 0.000e+00 0.000e+00 0.000e+00 1.000e+00 2.000e+00 0.000e+00
 0.000e+00 0.000e+00 1.000e+00 0.000e+00 0.000e+00 0.000e+00]
576000 loops cons: [1.553e+03 4.900e+02 2.060e+02 1.200e+02 6.300e+01 4.500e+01 4.200e+01
 2.500e+01 1.400e+01 1.200e+01 1.300e+01 6.000e+00 9.000e+00 6.000e+00
 4.000e+00 5.000e+00 6.000e+00 6.000e+00 3.000e+00 4.000e+00 1.000e+00
 2.000e+00 2.000e+00 2.000e+00 2.000e+00 2.000e+00 0.000e+00 1.000e+00
 1.000e+00 0.000e+00 1.000e+00 1.000e+00 1.000e+00 3.000e+00 0.000e+00
 0.000e+00 0.000e+00 0.000e+00 0.000e+00 1.000e+00 2.000e+00 0.000e+00
 0.000e+00 0.000e+00 1.000e+00 0.000e+00 0.000e+00 0.000e+00]
580800 loops cons: [1.564e+03 4.970e+02 2.060e+02 1.200e+02 6.600e+01 4.700e+01 4.300e+01
 2.500e+01 1.500e+01 1.200e+01 1.400e+01 6.000e+00 9.000e+00 6.000e+00
 4.000e+00 5.000e+00 6.000e+00 6.000e+00 3.000e+00 4.000e+00 1.000e+00
 2.000e+00 2.000e+00 2.000e+00 2.000e+00 2.000e+00 0.000e+00 1.000e+00
 1.000e+00 0.000e+00 1.000e+00 1.000e+00 1.000e+00 3.000e+00 0.000e+00
 0.000e+00 0.000e+00 0.000e+00 0.000e+00 1.000e+00 2.000e+00 0.000e+00
 0.000e+00 0.000e+00 1.000e+00 0.000e+00 0.000e+00 0.000e+00]
585600 loops cons: [1.573e+03 5.020e+02 2.070e+02 1.220e+02 6.600e+01 4.700e+01 4.400e+01
 2.500e+01 1.500e+01 1.200e+01 1.400e+01 6.000e+00 9.000e+00 7.000e+00
 4.000e+00 5.000e+00 6.000e+00 6.000e+00 3.000e+00 4.000e+00 1.000e+00
 2.000e+00 2.000e+00 2.000e+00 2.000e+00 2.000e+00 0.000e+00 1.000e+00
 1.000e+00 0.000e+00 1.000e+00 1.000e+00 1.000e+00 3.000e+00 0.000e+00
 0.000e+00 0.000e+00 0.000e+00 0.000e+00 1.000e+00 2.000e+00 0.000e+00
 0.000e+00 0.000e+00 1.000e+00 0.000e+00 0.000e+00 0.000e+00]
590400 loops cons: [1.585e+03 5.050e+02 2.090e+02 1.230e+02 6.600e+01 4.700e+01 4.500e+01
 2.600e+01 1.500e+01 1.200e+01 1.400e+01 6.000e+00 9.000e+00 7.000e+00
 6.000e+00 5.000e+00 6.000e+00 6.000e+00 3.000e+00 4.000e+00 1.000e+00
 2.000e+00 3.000e+00 2.000e+00 2.000e+00 2.000e+00 0.000e+00 1.000e+00
 1.000e+00 0.000e+00 1.000e+00 1.000e+00 1.000e+00 3.000e+00 0.000e+00
 0.000e+00 0.000e+00 0.000e+00 0.000e+00 1.000e+00 2.000e+00 0.000e+00
 0.000e+00 0.000e+00 1.000e+00 0.000e+00 0.000e+00 0.000e+00]
595200 loops cons: [1.591e+03 5.100e+02 2.110e+02 1.240e+02 6.700e+01 4.700e+01 4.500e+01
 2.600e+01 1.500e+01 1.200e+01 1.400e+01 6.000e+00 9.000e+00 7.000e+00
 6.000e+00 5.000e+00 6.000e+00 6.000e+00 4.000e+00 4.000e+00 1.000e+00
 3.000e+00 3.000e+00 2.000e+00 2.000e+00 2.000e+00 0.000e+00 1.000e+00
 1.000e+00 0.000e+00 1.000e+00 1.000e+00 1.000e+00 3.000e+00 0.000e+00
 0.000e+00 0.000e+00 0.000e+00 0.000e+00 1.000e+00 2.000e+00 0.000e+00
 0.000e+00 0.000e+00 1.000e+00 0.000e+00 0.000e+00 0.000e+00]
600000 loops cons: [1.606e+03 5.130e+02 2.130e+02 1.240e+02 6.700e+01 4.900e+01 4.500e+01
 2.600e+01 1.500e+01 1.200e+01 1.500e+01 6.000e+00 9.000e+00 7.000e+00
 6.000e+00 5.000e+00 6.000e+00 6.000e+00 4.000e+00 4.000e+00 1.000e+00
 3.000e+00 3.000e+00 2.000e+00 2.000e+00 2.000e+00 0.000e+00 1.000e+00
 1.000e+00 0.000e+00 1.000e+00 1.000e+00 1.000e+00 3.000e+00 0.000e+00
 0.000e+00 0.000e+00 0.000e+00 0.000e+00 1.000e+00 2.000e+00 0.000e+00
 0.000e+00 0.000e+00 1.000e+00 0.000e+00 0.000e+00 0.000e+00]
604800 loops cons: [1.619e+03 5.180e+02 2.130e+02 1.240e+02 6.700e+01 4.900e+01 4.500e+01
 2.600e+01 1.500e+01 1.200e+01 1.500e+01 6.000e+00 9.000e+00 7.000e+00
 7.000e+00 5.000e+00 6.000e+00 6.000e+00 5.000e+00 4.000e+00 1.000e+00
 3.000e+00 3.000e+00 2.000e+00 2.000e+00 2.000e+00 0.000e+00 1.000e+00
 1.000e+00 0.000e+00 1.000e+00 1.000e+00 1.000e+00 3.000e+00 0.000e+00
 0.000e+00 0.000e+00 0.000e+00 0.000e+00 1.000e+00 2.000e+00 0.000e+00
 0.000e+00 0.000e+00 1.000e+00 0.000e+00 0.000e+00 0.000e+00]
609600 loops cons: [1.63e+03 5.21e+02 2.16e+02 1.25e+02 6.70e+01 4.90e+01 4.60e+01 2.60e+01
 1.60e+01 1.20e+01 1.50e+01 6.00e+00 9.00e+00 7.00e+00 7.00e+00 5.00e+00
 6.00e+00 6.00e+00 5.00e+00 4.00e+00 1.00e+00 3.00e+00 3.00e+00 2.00e+00
 2.00e+00 2.00e+00 0.00e+00 1.00e+00 1.00e+00 0.00e+00 1.00e+00 1.00e+00
 1.00e+00 3.00e+00 0.00e+00 0.00e+00 0.00e+00 0.00e+00 0.00e+00 1.00e+00
 2.00e+00 0.00e+00 0.00e+00 0.00e+00 1.00e+00 0.00e+00 0.00e+00 0.00e+00]
614400 loops cons: [1.643e+03 5.240e+02 2.170e+02 1.250e+02 6.800e+01 4.900e+01 4.700e+01
 2.600e+01 1.600e+01 1.200e+01 1.500e+01 6.000e+00 9.000e+00 7.000e+00
 8.000e+00 5.000e+00 6.000e+00 6.000e+00 5.000e+00 4.000e+00 1.000e+00
 3.000e+00 3.000e+00 2.000e+00 2.000e+00 2.000e+00 0.000e+00 1.000e+00
 1.000e+00 0.000e+00 1.000e+00 1.000e+00 1.000e+00 3.000e+00 0.000e+00
 0.000e+00 0.000e+00 0.000e+00 0.000e+00 1.000e+00 2.000e+00 0.000e+00
 0.000e+00 0.000e+00 1.000e+00 0.000e+00 0.000e+00 0.000e+00]
619200 loops cons: [1.655e+03 5.280e+02 2.190e+02 1.250e+02 6.800e+01 4.900e+01 4.700e+01
 2.700e+01 1.700e+01 1.200e+01 1.500e+01 6.000e+00 9.000e+00 7.000e+00
 8.000e+00 5.000e+00 6.000e+00 6.000e+00 5.000e+00 4.000e+00 1.000e+00
 3.000e+00 3.000e+00 2.000e+00 2.000e+00 2.000e+00 0.000e+00 1.000e+00
 1.000e+00 0.000e+00 1.000e+00 1.000e+00 1.000e+00 3.000e+00 0.000e+00
 0.000e+00 0.000e+00 0.000e+00 0.000e+00 1.000e+00 2.000e+00 0.000e+00
 0.000e+00 0.000e+00 1.000e+00 0.000e+00 0.000e+00 0.000e+00]
624000 loops cons: [1.665e+03 5.280e+02 2.200e+02 1.260e+02 6.800e+01 5.000e+01 4.700e+01
 2.700e+01 1.700e+01 1.200e+01 1.600e+01 6.000e+00 9.000e+00 7.000e+00
 8.000e+00 5.000e+00 6.000e+00 6.000e+00 5.000e+00 4.000e+00 1.000e+00
 3.000e+00 3.000e+00 2.000e+00 2.000e+00 2.000e+00 0.000e+00 1.000e+00
 1.000e+00 0.000e+00 1.000e+00 1.000e+00 1.000e+00 3.000e+00 0.000e+00
 0.000e+00 0.000e+00 0.000e+00 0.000e+00 1.000e+00 2.000e+00 0.000e+00
 0.000e+00 0.000e+00 1.000e+00 0.000e+00 0.000e+00 0.000e+00]
628800 loops cons: [1.681e+03 5.330e+02 2.200e+02 1.280e+02 6.900e+01 5.000e+01 4.800e+01
 2.800e+01 1.700e+01 1.300e+01 1.600e+01 6.000e+00 9.000e+00 7.000e+00
 8.000e+00 6.000e+00 6.000e+00 6.000e+00 5.000e+00 4.000e+00 1.000e+00
 3.000e+00 3.000e+00 2.000e+00 2.000e+00 2.000e+00 0.000e+00 1.000e+00
 1.000e+00 0.000e+00 1.000e+00 1.000e+00 1.000e+00 3.000e+00 0.000e+00
 0.000e+00 0.000e+00 0.000e+00 0.000e+00 1.000e+00 2.000e+00 0.000e+00
 0.000e+00 0.000e+00 1.000e+00 0.000e+00 0.000e+00 0.000e+00]
633600 loops cons: [1.695e+03 5.380e+02 2.210e+02 1.280e+02 6.900e+01 5.000e+01 4.800e+01
 2.900e+01 1.700e+01 1.300e+01 1.600e+01 6.000e+00 9.000e+00 7.000e+00
 8.000e+00 6.000e+00 6.000e+00 6.000e+00 5.000e+00 4.000e+00 1.000e+00
 3.000e+00 3.000e+00 2.000e+00 2.000e+00 2.000e+00 0.000e+00 1.000e+00
 1.000e+00 0.000e+00 1.000e+00 1.000e+00 1.000e+00 3.000e+00 0.000e+00
 0.000e+00 0.000e+00 0.000e+00 0.000e+00 1.000e+00 2.000e+00 0.000e+00
 0.000e+00 0.000e+00 1.000e+00 0.000e+00 0.000e+00 0.000e+00]
638400 loops cons: [1.705e+03 5.410e+02 2.230e+02 1.280e+02 6.900e+01 5.000e+01 4.800e+01
 2.900e+01 1.700e+01 1.300e+01 1.600e+01 6.000e+00 9.000e+00 7.000e+00
 9.000e+00 6.000e+00 6.000e+00 6.000e+00 5.000e+00 4.000e+00 1.000e+00
 3.000e+00 3.000e+00 2.000e+00 2.000e+00 2.000e+00 0.000e+00 1.000e+00
 1.000e+00 0.000e+00 1.000e+00 1.000e+00 1.000e+00 3.000e+00 0.000e+00
 0.000e+00 0.000e+00 0.000e+00 0.000e+00 1.000e+00 2.000e+00 0.000e+00
 0.000e+00 0.000e+00 1.000e+00 0.000e+00 0.000e+00 0.000e+00]
643200 loops cons: [1.717e+03 5.450e+02 2.250e+02 1.290e+02 6.900e+01 5.100e+01 4.800e+01
 2.900e+01 1.700e+01 1.400e+01 1.600e+01 6.000e+00 9.000e+00 7.000e+00
 9.000e+00 6.000e+00 6.000e+00 6.000e+00 5.000e+00 4.000e+00 1.000e+00
 3.000e+00 3.000e+00 2.000e+00 2.000e+00 2.000e+00 0.000e+00 1.000e+00
 2.000e+00 0.000e+00 1.000e+00 1.000e+00 1.000e+00 3.000e+00 1.000e+00
 0.000e+00 0.000e+00 0.000e+00 0.000e+00 1.000e+00 2.000e+00 0.000e+00
 0.000e+00 0.000e+00 1.000e+00 0.000e+00 0.000e+00 0.000e+00]
648000 loops cons: [1.731e+03 5.490e+02 2.280e+02 1.300e+02 6.900e+01 5.100e+01 4.900e+01
 3.000e+01 1.700e+01 1.400e+01 1.600e+01 6.000e+00 9.000e+00 7.000e+00
 9.000e+00 6.000e+00 6.000e+00 6.000e+00 5.000e+00 4.000e+00 1.000e+00
 3.000e+00 3.000e+00 2.000e+00 2.000e+00 2.000e+00 0.000e+00 1.000e+00
 2.000e+00 0.000e+00 1.000e+00 1.000e+00 1.000e+00 3.000e+00 1.000e+00
 0.000e+00 0.000e+00 0.000e+00 0.000e+00 1.000e+00 2.000e+00 0.000e+00
 0.000e+00 0.000e+00 1.000e+00 0.000e+00 0.000e+00 0.000e+00]
652800 loops cons: [1.743e+03 5.520e+02 2.290e+02 1.300e+02 7.000e+01 5.100e+01 4.900e+01
 3.000e+01 1.700e+01 1.400e+01 1.600e+01 6.000e+00 9.000e+00 7.000e+00
 9.000e+00 6.000e+00 6.000e+00 6.000e+00 5.000e+00 4.000e+00 1.000e+00
 3.000e+00 3.000e+00 2.000e+00 2.000e+00 2.000e+00 0.000e+00 1.000e+00
 2.000e+00 0.000e+00 1.000e+00 1.000e+00 1.000e+00 3.000e+00 1.000e+00
 0.000e+00 0.000e+00 0.000e+00 0.000e+00 1.000e+00 2.000e+00 0.000e+00
 0.000e+00 0.000e+00 1.000e+00 0.000e+00 0.000e+00 0.000e+00]
657600 loops cons: [1.758e+03 5.570e+02 2.310e+02 1.300e+02 7.000e+01 5.200e+01 5.000e+01
 3.000e+01 1.700e+01 1.400e+01 1.600e+01 7.000e+00 9.000e+00 7.000e+00
 9.000e+00 6.000e+00 6.000e+00 6.000e+00 5.000e+00 4.000e+00 1.000e+00
 3.000e+00 3.000e+00 2.000e+00 2.000e+00 2.000e+00 0.000e+00 1.000e+00
 2.000e+00 0.000e+00 1.000e+00 1.000e+00 1.000e+00 3.000e+00 1.000e+00
 0.000e+00 0.000e+00 0.000e+00 0.000e+00 1.000e+00 2.000e+00 0.000e+00
 0.000e+00 0.000e+00 1.000e+00 0.000e+00 0.000e+00 0.000e+00]
662400 loops cons: [1.769e+03 5.610e+02 2.320e+02 1.320e+02 7.000e+01 5.300e+01 5.000e+01
 3.000e+01 1.700e+01 1.400e+01 1.600e+01 7.000e+00 9.000e+00 7.000e+00
 9.000e+00 6.000e+00 6.000e+00 6.000e+00 5.000e+00 4.000e+00 1.000e+00
 3.000e+00 3.000e+00 2.000e+00 2.000e+00 2.000e+00 0.000e+00 1.000e+00
 2.000e+00 0.000e+00 1.000e+00 1.000e+00 1.000e+00 3.000e+00 1.000e+00
 0.000e+00 0.000e+00 0.000e+00 0.000e+00 1.000e+00 2.000e+00 0.000e+00
 0.000e+00 0.000e+00 1.000e+00 0.000e+00 0.000e+00 0.000e+00]
667200 loops cons: [1.78e+03 5.64e+02 2.34e+02 1.34e+02 7.10e+01 5.30e+01 5.00e+01 3.00e+01
 1.70e+01 1.40e+01 1.60e+01 7.00e+00 9.00e+00 7.00e+00 9.00e+00 7.00e+00
 6.00e+00 6.00e+00 5.00e+00 4.00e+00 1.00e+00 3.00e+00 3.00e+00 2.00e+00
 2.00e+00 2.00e+00 0.00e+00 1.00e+00 2.00e+00 0.00e+00 1.00e+00 1.00e+00
 1.00e+00 3.00e+00 1.00e+00 0.00e+00 0.00e+00 0.00e+00 0.00e+00 1.00e+00
 2.00e+00 0.00e+00 0.00e+00 0.00e+00 1.00e+00 0.00e+00 0.00e+00 0.00e+00]
672000 loops cons: [1.796e+03 5.670e+02 2.350e+02 1.350e+02 7.300e+01 5.500e+01 5.000e+01
 3.000e+01 1.700e+01 1.400e+01 1.600e+01 7.000e+00 9.000e+00 7.000e+00
 9.000e+00 7.000e+00 6.000e+00 6.000e+00 5.000e+00 4.000e+00 1.000e+00
 3.000e+00 3.000e+00 2.000e+00 2.000e+00 2.000e+00 0.000e+00 1.000e+00
 2.000e+00 0.000e+00 1.000e+00 1.000e+00 1.000e+00 3.000e+00 1.000e+00
 0.000e+00 0.000e+00 0.000e+00 0.000e+00 1.000e+00 2.000e+00 0.000e+00
 0.000e+00 0.000e+00 1.000e+00 0.000e+00 0.000e+00 0.000e+00]
676800 loops cons: [1.812e+03 5.680e+02 2.360e+02 1.350e+02 7.300e+01 5.600e+01 5.000e+01
 3.100e+01 1.700e+01 1.400e+01 1.600e+01 7.000e+00 9.000e+00 7.000e+00
 9.000e+00 7.000e+00 6.000e+00 6.000e+00 5.000e+00 4.000e+00 1.000e+00
 3.000e+00 3.000e+00 2.000e+00 2.000e+00 2.000e+00 0.000e+00 1.000e+00
 2.000e+00 0.000e+00 1.000e+00 1.000e+00 1.000e+00 3.000e+00 1.000e+00
 0.000e+00 0.000e+00 0.000e+00 0.000e+00 1.000e+00 2.000e+00 0.000e+00
 0.000e+00 0.000e+00 1.000e+00 0.000e+00 0.000e+00 0.000e+00]
681600 loops cons: [1.825e+03 5.710e+02 2.390e+02 1.360e+02 7.300e+01 5.700e+01 5.000e+01
 3.100e+01 1.700e+01 1.400e+01 1.600e+01 7.000e+00 9.000e+00 7.000e+00
 9.000e+00 7.000e+00 6.000e+00 6.000e+00 5.000e+00 4.000e+00 1.000e+00
 3.000e+00 3.000e+00 2.000e+00 2.000e+00 2.000e+00 0.000e+00 1.000e+00
 2.000e+00 0.000e+00 1.000e+00 1.000e+00 1.000e+00 3.000e+00 1.000e+00
 0.000e+00 0.000e+00 0.000e+00 0.000e+00 1.000e+00 2.000e+00 0.000e+00
 0.000e+00 0.000e+00 1.000e+00 0.000e+00 0.000e+00 0.000e+00]
686400 loops cons: [1.835e+03 5.740e+02 2.390e+02 1.380e+02 7.300e+01 5.700e+01 5.000e+01
 3.100e+01 1.700e+01 1.400e+01 1.600e+01 7.000e+00 9.000e+00 7.000e+00
 9.000e+00 7.000e+00 6.000e+00 6.000e+00 5.000e+00 4.000e+00 1.000e+00
 3.000e+00 3.000e+00 2.000e+00 2.000e+00 3.000e+00 0.000e+00 1.000e+00
 2.000e+00 0.000e+00 1.000e+00 1.000e+00 1.000e+00 3.000e+00 1.000e+00
 0.000e+00 0.000e+00 0.000e+00 0.000e+00 1.000e+00 2.000e+00 0.000e+00
 0.000e+00 0.000e+00 1.000e+00 0.000e+00 0.000e+00 0.000e+00]
691200 loops cons: [1.848e+03 5.810e+02 2.430e+02 1.400e+02 7.300e+01 5.700e+01 5.000e+01
 3.100e+01 1.700e+01 1.400e+01 1.600e+01 8.000e+00 9.000e+00 7.000e+00
 9.000e+00 7.000e+00 6.000e+00 6.000e+00 5.000e+00 4.000e+00 1.000e+00
 3.000e+00 3.000e+00 2.000e+00 2.000e+00 3.000e+00 0.000e+00 1.000e+00
 2.000e+00 0.000e+00 1.000e+00 1.000e+00 1.000e+00 3.000e+00 1.000e+00
 0.000e+00 0.000e+00 0.000e+00 0.000e+00 1.000e+00 2.000e+00 0.000e+00
 0.000e+00 0.000e+00 1.000e+00 0.000e+00 0.000e+00 0.000e+00]
696000 loops cons: [1.857e+03 5.840e+02 2.430e+02 1.400e+02 7.400e+01 5.800e+01 5.100e+01
 3.100e+01 1.700e+01 1.400e+01 1.600e+01 8.000e+00 9.000e+00 7.000e+00
 9.000e+00 7.000e+00 6.000e+00 6.000e+00 5.000e+00 4.000e+00 1.000e+00
 3.000e+00 4.000e+00 2.000e+00 2.000e+00 3.000e+00 0.000e+00 1.000e+00
 2.000e+00 0.000e+00 1.000e+00 1.000e+00 1.000e+00 3.000e+00 1.000e+00
 0.000e+00 0.000e+00 0.000e+00 0.000e+00 1.000e+00 2.000e+00 0.000e+00
 0.000e+00 0.000e+00 1.000e+00 0.000e+00 0.000e+00 0.000e+00]
700800 loops cons: [1.867e+03 5.870e+02 2.440e+02 1.400e+02 7.400e+01 5.800e+01 5.100e+01
 3.100e+01 1.700e+01 1.400e+01 1.600e+01 8.000e+00 9.000e+00 7.000e+00
 9.000e+00 7.000e+00 6.000e+00 6.000e+00 5.000e+00 4.000e+00 1.000e+00
 3.000e+00 4.000e+00 2.000e+00 2.000e+00 3.000e+00 0.000e+00 1.000e+00
 2.000e+00 0.000e+00 1.000e+00 1.000e+00 1.000e+00 3.000e+00 1.000e+00
 0.000e+00 0.000e+00 0.000e+00 0.000e+00 1.000e+00 2.000e+00 0.000e+00
 0.000e+00 0.000e+00 1.000e+00 0.000e+00 0.000e+00 0.000e+00]
705600 loops cons: [1.876e+03 5.930e+02 2.460e+02 1.420e+02 7.600e+01 5.800e+01 5.100e+01
 3.100e+01 1.700e+01 1.400e+01 1.600e+01 8.000e+00 9.000e+00 7.000e+00
 9.000e+00 7.000e+00 6.000e+00 6.000e+00 5.000e+00 4.000e+00 1.000e+00
 3.000e+00 4.000e+00 2.000e+00 2.000e+00 3.000e+00 0.000e+00 1.000e+00
 2.000e+00 0.000e+00 1.000e+00 1.000e+00 1.000e+00 3.000e+00 1.000e+00
 0.000e+00 0.000e+00 0.000e+00 0.000e+00 1.000e+00 2.000e+00 0.000e+00
 0.000e+00 0.000e+00 1.000e+00 0.000e+00 0.000e+00 0.000e+00]
710400 loops cons: [1.893e+03 5.970e+02 2.490e+02 1.430e+02 7.700e+01 5.800e+01 5.100e+01
 3.100e+01 1.800e+01 1.400e+01 1.600e+01 8.000e+00 9.000e+00 7.000e+00
 9.000e+00 7.000e+00 6.000e+00 6.000e+00 5.000e+00 4.000e+00 1.000e+00
 3.000e+00 4.000e+00 2.000e+00 2.000e+00 3.000e+00 0.000e+00 1.000e+00
 2.000e+00 0.000e+00 1.000e+00 1.000e+00 1.000e+00 3.000e+00 1.000e+00
 0.000e+00 0.000e+00 0.000e+00 0.000e+00 1.000e+00 2.000e+00 0.000e+00
 0.000e+00 0.000e+00 1.000e+00 0.000e+00 0.000e+00 0.000e+00]
715200 loops cons: [1.901e+03 6.010e+02 2.510e+02 1.430e+02 7.900e+01 5.800e+01 5.100e+01
 3.100e+01 1.800e+01 1.400e+01 1.600e+01 8.000e+00 9.000e+00 7.000e+00
 9.000e+00 7.000e+00 6.000e+00 6.000e+00 5.000e+00 4.000e+00 1.000e+00
 3.000e+00 4.000e+00 2.000e+00 2.000e+00 3.000e+00 0.000e+00 1.000e+00
 2.000e+00 0.000e+00 1.000e+00 1.000e+00 1.000e+00 3.000e+00 1.000e+00
 0.000e+00 0.000e+00 0.000e+00 0.000e+00 1.000e+00 2.000e+00 0.000e+00
 0.000e+00 0.000e+00 1.000e+00 0.000e+00 0.000e+00 0.000e+00]
720000 loops cons: [1.918e+03 6.060e+02 2.540e+02 1.440e+02 8.000e+01 5.800e+01 5.100e+01
 3.100e+01 1.800e+01 1.400e+01 1.600e+01 8.000e+00 9.000e+00 7.000e+00
 9.000e+00 7.000e+00 6.000e+00 6.000e+00 5.000e+00 4.000e+00 1.000e+00
 3.000e+00 4.000e+00 2.000e+00 2.000e+00 3.000e+00 0.000e+00 1.000e+00
 2.000e+00 0.000e+00 1.000e+00 1.000e+00 1.000e+00 3.000e+00 1.000e+00
 0.000e+00 0.000e+00 0.000e+00 0.000e+00 1.000e+00 2.000e+00 0.000e+00
 0.000e+00 0.000e+00 1.000e+00 0.000e+00 0.000e+00 0.000e+00]
724800 loops cons: [1.925e+03 6.130e+02 2.550e+02 1.440e+02 8.000e+01 5.800e+01 5.100e+01
 3.100e+01 1.900e+01 1.400e+01 1.600e+01 8.000e+00 9.000e+00 7.000e+00
 9.000e+00 7.000e+00 6.000e+00 6.000e+00 5.000e+00 4.000e+00 1.000e+00
 3.000e+00 4.000e+00 2.000e+00 2.000e+00 3.000e+00 0.000e+00 1.000e+00
 2.000e+00 0.000e+00 1.000e+00 1.000e+00 1.000e+00 3.000e+00 1.000e+00
 1.000e+00 0.000e+00 0.000e+00 0.000e+00 1.000e+00 2.000e+00 0.000e+00
 0.000e+00 0.000e+00 1.000e+00 0.000e+00 0.000e+00 0.000e+00]
729600 loops cons: [1.935e+03 6.170e+02 2.570e+02 1.440e+02 8.000e+01 5.800e+01 5.100e+01
 3.100e+01 1.900e+01 1.400e+01 1.600e+01 8.000e+00 9.000e+00 7.000e+00
 9.000e+00 7.000e+00 6.000e+00 6.000e+00 5.000e+00 4.000e+00 1.000e+00
 3.000e+00 4.000e+00 2.000e+00 2.000e+00 3.000e+00 0.000e+00 1.000e+00
 2.000e+00 0.000e+00 1.000e+00 1.000e+00 1.000e+00 3.000e+00 1.000e+00
 1.000e+00 0.000e+00 0.000e+00 0.000e+00 1.000e+00 2.000e+00 0.000e+00
 0.000e+00 0.000e+00 1.000e+00 0.000e+00 0.000e+00 0.000e+00]
734400 loops cons: [1.948e+03 6.190e+02 2.580e+02 1.440e+02 8.000e+01 5.900e+01 5.100e+01
 3.100e+01 1.900e+01 1.400e+01 1.600e+01 8.000e+00 9.000e+00 7.000e+00
 9.000e+00 7.000e+00 6.000e+00 6.000e+00 5.000e+00 4.000e+00 1.000e+00
 3.000e+00 4.000e+00 2.000e+00 2.000e+00 3.000e+00 0.000e+00 1.000e+00
 2.000e+00 0.000e+00 1.000e+00 1.000e+00 1.000e+00 3.000e+00 1.000e+00
 1.000e+00 0.000e+00 0.000e+00 0.000e+00 1.000e+00 2.000e+00 0.000e+00
 0.000e+00 0.000e+00 1.000e+00 0.000e+00 0.000e+00 0.000e+00]
739200 loops cons: [1.957e+03 6.210e+02 2.590e+02 1.450e+02 8.100e+01 5.900e+01 5.300e+01
 3.100e+01 1.900e+01 1.400e+01 1.600e+01 8.000e+00 9.000e+00 7.000e+00
 9.000e+00 7.000e+00 6.000e+00 6.000e+00 5.000e+00 4.000e+00 1.000e+00
 3.000e+00 4.000e+00 2.000e+00 2.000e+00 3.000e+00 0.000e+00 1.000e+00
 2.000e+00 0.000e+00 1.000e+00 1.000e+00 1.000e+00 3.000e+00 1.000e+00
 1.000e+00 0.000e+00 0.000e+00 0.000e+00 1.000e+00 2.000e+00 0.000e+00
 0.000e+00 0.000e+00 1.000e+00 0.000e+00 0.000e+00 0.000e+00]
744000 loops cons: [1.966e+03 6.250e+02 2.620e+02 1.460e+02 8.300e+01 6.000e+01 5.300e+01
 3.200e+01 1.900e+01 1.400e+01 1.600e+01 8.000e+00 9.000e+00 7.000e+00
 9.000e+00 7.000e+00 6.000e+00 6.000e+00 5.000e+00 4.000e+00 1.000e+00
 3.000e+00 4.000e+00 2.000e+00 2.000e+00 3.000e+00 0.000e+00 1.000e+00
 2.000e+00 0.000e+00 1.000e+00 1.000e+00 1.000e+00 3.000e+00 1.000e+00
 1.000e+00 0.000e+00 0.000e+00 0.000e+00 1.000e+00 2.000e+00 0.000e+00
 0.000e+00 0.000e+00 1.000e+00 0.000e+00 0.000e+00 0.000e+00]
748800 loops cons: [1.981e+03 6.290e+02 2.620e+02 1.480e+02 8.300e+01 6.000e+01 5.400e+01
 3.300e+01 1.900e+01 1.400e+01 1.600e+01 8.000e+00 9.000e+00 7.000e+00
 9.000e+00 7.000e+00 6.000e+00 6.000e+00 5.000e+00 4.000e+00 1.000e+00
 3.000e+00 4.000e+00 2.000e+00 2.000e+00 3.000e+00 0.000e+00 1.000e+00
 2.000e+00 0.000e+00 1.000e+00 1.000e+00 1.000e+00 3.000e+00 1.000e+00
 1.000e+00 0.000e+00 0.000e+00 0.000e+00 1.000e+00 2.000e+00 0.000e+00
 0.000e+00 0.000e+00 1.000e+00 0.000e+00 0.000e+00 0.000e+00]
753600 loops cons: [1.989e+03 6.310e+02 2.620e+02 1.480e+02 8.300e+01 6.000e+01 5.400e+01
 3.300e+01 1.900e+01 1.400e+01 1.600e+01 8.000e+00 9.000e+00 7.000e+00
 9.000e+00 7.000e+00 6.000e+00 6.000e+00 5.000e+00 4.000e+00 1.000e+00
 3.000e+00 4.000e+00 2.000e+00 2.000e+00 3.000e+00 0.000e+00 1.000e+00
 2.000e+00 0.000e+00 2.000e+00 1.000e+00 1.000e+00 3.000e+00 1.000e+00
 1.000e+00 0.000e+00 0.000e+00 0.000e+00 1.000e+00 2.000e+00 0.000e+00
 0.000e+00 0.000e+00 1.000e+00 0.000e+00 0.000e+00 0.000e+00]
758400 loops cons: [2.004e+03 6.340e+02 2.660e+02 1.490e+02 8.500e+01 6.000e+01 5.500e+01
 3.300e+01 1.900e+01 1.400e+01 1.600e+01 8.000e+00 9.000e+00 7.000e+00
 9.000e+00 7.000e+00 6.000e+00 6.000e+00 5.000e+00 4.000e+00 1.000e+00
 3.000e+00 4.000e+00 2.000e+00 2.000e+00 3.000e+00 0.000e+00 1.000e+00
 2.000e+00 0.000e+00 2.000e+00 1.000e+00 1.000e+00 3.000e+00 1.000e+00
 1.000e+00 0.000e+00 0.000e+00 0.000e+00 1.000e+00 2.000e+00 0.000e+00
 0.000e+00 0.000e+00 1.000e+00 0.000e+00 0.000e+00 0.000e+00]
763200 loops cons: [2.015e+03 6.380e+02 2.680e+02 1.500e+02 8.600e+01 6.000e+01 5.500e+01
 3.400e+01 1.900e+01 1.400e+01 1.600e+01 8.000e+00 9.000e+00 7.000e+00
 9.000e+00 7.000e+00 6.000e+00 6.000e+00 5.000e+00 4.000e+00 2.000e+00
 3.000e+00 4.000e+00 2.000e+00 2.000e+00 3.000e+00 0.000e+00 1.000e+00
 2.000e+00 0.000e+00 2.000e+00 1.000e+00 1.000e+00 3.000e+00 1.000e+00
 1.000e+00 0.000e+00 0.000e+00 0.000e+00 1.000e+00 2.000e+00 0.000e+00
 0.000e+00 0.000e+00 1.000e+00 0.000e+00 0.000e+00 0.000e+00]
768000 loops cons: [2.03e+03 6.41e+02 2.68e+02 1.50e+02 8.70e+01 6.00e+01 5.70e+01 3.40e+01
 1.90e+01 1.40e+01 1.60e+01 8.00e+00 9.00e+00 7.00e+00 9.00e+00 7.00e+00
 6.00e+00 6.00e+00 5.00e+00 4.00e+00 2.00e+00 3.00e+00 4.00e+00 2.00e+00
 2.00e+00 3.00e+00 0.00e+00 1.00e+00 2.00e+00 0.00e+00 2.00e+00 1.00e+00
 1.00e+00 3.00e+00 1.00e+00 1.00e+00 0.00e+00 0.00e+00 0.00e+00 1.00e+00
 2.00e+00 0.00e+00 0.00e+00 0.00e+00 1.00e+00 0.00e+00 0.00e+00 0.00e+00]
772800 loops cons: [2.041e+03 6.440e+02 2.710e+02 1.510e+02 8.800e+01 6.100e+01 5.700e+01
 3.400e+01 1.900e+01 1.500e+01 1.700e+01 8.000e+00 9.000e+00 7.000e+00
 9.000e+00 7.000e+00 6.000e+00 7.000e+00 6.000e+00 4.000e+00 2.000e+00
 3.000e+00 4.000e+00 2.000e+00 2.000e+00 3.000e+00 0.000e+00 1.000e+00
 2.000e+00 0.000e+00 2.000e+00 1.000e+00 1.000e+00 3.000e+00 1.000e+00
 2.000e+00 0.000e+00 0.000e+00 0.000e+00 1.000e+00 2.000e+00 0.000e+00
 0.000e+00 0.000e+00 1.000e+00 0.000e+00 0.000e+00 0.000e+00]
777600 loops cons: [2.054e+03 6.490e+02 2.740e+02 1.520e+02 8.900e+01 6.200e+01 5.800e+01
 3.400e+01 1.900e+01 1.500e+01 1.700e+01 8.000e+00 9.000e+00 7.000e+00
 9.000e+00 7.000e+00 6.000e+00 7.000e+00 6.000e+00 4.000e+00 2.000e+00
 3.000e+00 4.000e+00 2.000e+00 2.000e+00 3.000e+00 0.000e+00 1.000e+00
 2.000e+00 0.000e+00 2.000e+00 1.000e+00 1.000e+00 3.000e+00 1.000e+00
 2.000e+00 0.000e+00 0.000e+00 0.000e+00 1.000e+00 2.000e+00 0.000e+00
 0.000e+00 0.000e+00 1.000e+00 0.000e+00 0.000e+00 0.000e+00]
782400 loops cons: [2.071e+03 6.530e+02 2.740e+02 1.530e+02 8.900e+01 6.300e+01 5.900e+01
 3.400e+01 1.900e+01 1.500e+01 1.700e+01 8.000e+00 9.000e+00 7.000e+00
 9.000e+00 7.000e+00 6.000e+00 7.000e+00 6.000e+00 4.000e+00 2.000e+00
 3.000e+00 4.000e+00 2.000e+00 2.000e+00 3.000e+00 0.000e+00 1.000e+00
 2.000e+00 0.000e+00 2.000e+00 1.000e+00 1.000e+00 3.000e+00 1.000e+00
 2.000e+00 0.000e+00 0.000e+00 0.000e+00 1.000e+00 2.000e+00 0.000e+00
 0.000e+00 0.000e+00 1.000e+00 0.000e+00 0.000e+00 0.000e+00]
787200 loops cons: [2.082e+03 6.600e+02 2.750e+02 1.540e+02 8.900e+01 6.300e+01 5.900e+01
 3.400e+01 1.900e+01 1.600e+01 1.700e+01 8.000e+00 9.000e+00 7.000e+00
 9.000e+00 7.000e+00 6.000e+00 7.000e+00 6.000e+00 4.000e+00 2.000e+00
 3.000e+00 4.000e+00 2.000e+00 2.000e+00 3.000e+00 0.000e+00 1.000e+00
 2.000e+00 0.000e+00 2.000e+00 1.000e+00 1.000e+00 3.000e+00 1.000e+00
 2.000e+00 0.000e+00 0.000e+00 0.000e+00 1.000e+00 2.000e+00 0.000e+00
 0.000e+00 0.000e+00 1.000e+00 0.000e+00 0.000e+00 0.000e+00]
792000 loops cons: [2.095e+03 6.640e+02 2.760e+02 1.540e+02 8.900e+01 6.300e+01 6.000e+01
 3.500e+01 1.900e+01 1.600e+01 1.800e+01 8.000e+00 9.000e+00 7.000e+00
 9.000e+00 7.000e+00 6.000e+00 7.000e+00 6.000e+00 4.000e+00 2.000e+00
 3.000e+00 4.000e+00 2.000e+00 2.000e+00 3.000e+00 0.000e+00 1.000e+00
 2.000e+00 0.000e+00 2.000e+00 1.000e+00 1.000e+00 3.000e+00 1.000e+00
 2.000e+00 0.000e+00 0.000e+00 0.000e+00 1.000e+00 2.000e+00 0.000e+00
 0.000e+00 0.000e+00 1.000e+00 0.000e+00 0.000e+00 0.000e+00]
796800 loops cons: [2.108e+03 6.700e+02 2.790e+02 1.540e+02 8.900e+01 6.300e+01 6.100e+01
 3.500e+01 1.900e+01 1.600e+01 1.900e+01 8.000e+00 9.000e+00 7.000e+00
 9.000e+00 7.000e+00 6.000e+00 7.000e+00 6.000e+00 4.000e+00 2.000e+00
 3.000e+00 4.000e+00 2.000e+00 2.000e+00 3.000e+00 0.000e+00 1.000e+00
 2.000e+00 0.000e+00 2.000e+00 1.000e+00 1.000e+00 3.000e+00 1.000e+00
 2.000e+00 0.000e+00 0.000e+00 0.000e+00 1.000e+00 2.000e+00 0.000e+00
 0.000e+00 0.000e+00 1.000e+00 0.000e+00 0.000e+00 0.000e+00]
801600 loops cons: [2.122e+03 6.720e+02 2.810e+02 1.540e+02 9.000e+01 6.300e+01 6.200e+01
 3.500e+01 2.000e+01 1.600e+01 1.900e+01 8.000e+00 9.000e+00 7.000e+00
 1.000e+01 7.000e+00 6.000e+00 7.000e+00 6.000e+00 4.000e+00 2.000e+00
 3.000e+00 4.000e+00 2.000e+00 2.000e+00 3.000e+00 0.000e+00 1.000e+00
 2.000e+00 0.000e+00 2.000e+00 1.000e+00 1.000e+00 3.000e+00 1.000e+00
 2.000e+00 0.000e+00 0.000e+00 0.000e+00 1.000e+00 2.000e+00 0.000e+00
 0.000e+00 0.000e+00 1.000e+00 0.000e+00 0.000e+00 0.000e+00]
806400 loops cons: [2.127e+03 6.730e+02 2.810e+02 1.550e+02 9.000e+01 6.400e+01 6.200e+01
 3.500e+01 2.000e+01 1.600e+01 1.900e+01 8.000e+00 9.000e+00 7.000e+00
 1.000e+01 7.000e+00 6.000e+00 7.000e+00 6.000e+00 4.000e+00 2.000e+00
 3.000e+00 4.000e+00 2.000e+00 2.000e+00 3.000e+00 0.000e+00 1.000e+00
 2.000e+00 0.000e+00 2.000e+00 1.000e+00 1.000e+00 3.000e+00 1.000e+00
 2.000e+00 0.000e+00 0.000e+00 0.000e+00 1.000e+00 2.000e+00 0.000e+00
 0.000e+00 0.000e+00 1.000e+00 0.000e+00 0.000e+00 0.000e+00]
811200 loops cons: [2.136e+03 6.770e+02 2.850e+02 1.550e+02 9.100e+01 6.400e+01 6.300e+01
 3.500e+01 2.000e+01 1.600e+01 1.900e+01 8.000e+00 9.000e+00 7.000e+00
 1.000e+01 7.000e+00 6.000e+00 7.000e+00 6.000e+00 4.000e+00 2.000e+00
 3.000e+00 4.000e+00 2.000e+00 2.000e+00 3.000e+00 0.000e+00 1.000e+00
 2.000e+00 0.000e+00 2.000e+00 1.000e+00 1.000e+00 3.000e+00 1.000e+00
 2.000e+00 0.000e+00 0.000e+00 0.000e+00 1.000e+00 2.000e+00 0.000e+00
 0.000e+00 0.000e+00 1.000e+00 0.000e+00 0.000e+00 0.000e+00]
816000 loops cons: [2.151e+03 6.840e+02 2.880e+02 1.570e+02 9.100e+01 6.400e+01 6.500e+01
 3.500e+01 2.100e+01 1.600e+01 1.900e+01 8.000e+00 9.000e+00 7.000e+00
 1.000e+01 7.000e+00 6.000e+00 7.000e+00 6.000e+00 4.000e+00 2.000e+00
 3.000e+00 4.000e+00 2.000e+00 2.000e+00 3.000e+00 0.000e+00 1.000e+00
 2.000e+00 0.000e+00 2.000e+00 1.000e+00 1.000e+00 3.000e+00 1.000e+00
 2.000e+00 0.000e+00 0.000e+00 0.000e+00 1.000e+00 2.000e+00 0.000e+00
 0.000e+00 0.000e+00 1.000e+00 0.000e+00 0.000e+00 0.000e+00]
820800 loops cons: [2.171e+03 6.870e+02 2.900e+02 1.580e+02 9.100e+01 6.500e+01 6.500e+01
 3.500e+01 2.100e+01 1.600e+01 1.900e+01 8.000e+00 9.000e+00 7.000e+00
 1.000e+01 7.000e+00 6.000e+00 7.000e+00 6.000e+00 4.000e+00 2.000e+00
 3.000e+00 4.000e+00 2.000e+00 2.000e+00 3.000e+00 0.000e+00 1.000e+00
 2.000e+00 0.000e+00 2.000e+00 1.000e+00 1.000e+00 3.000e+00 1.000e+00
 2.000e+00 0.000e+00 0.000e+00 0.000e+00 1.000e+00 2.000e+00 0.000e+00
 0.000e+00 0.000e+00 1.000e+00 0.000e+00 0.000e+00 0.000e+00]
825600 loops cons: [2.183e+03 6.890e+02 2.910e+02 1.590e+02 9.200e+01 6.500e+01 6.500e+01
 3.500e+01 2.100e+01 1.600e+01 1.900e+01 8.000e+00 9.000e+00 7.000e+00
 1.000e+01 7.000e+00 7.000e+00 7.000e+00 6.000e+00 4.000e+00 2.000e+00
 3.000e+00 4.000e+00 2.000e+00 2.000e+00 3.000e+00 0.000e+00 1.000e+00
 2.000e+00 0.000e+00 2.000e+00 1.000e+00 1.000e+00 3.000e+00 1.000e+00
 2.000e+00 0.000e+00 0.000e+00 0.000e+00 1.000e+00 2.000e+00 0.000e+00
 0.000e+00 0.000e+00 1.000e+00 0.000e+00 0.000e+00 0.000e+00]
830400 loops cons: [2.198e+03 6.910e+02 2.920e+02 1.610e+02 9.400e+01 6.500e+01 6.500e+01
 3.500e+01 2.100e+01 1.600e+01 1.900e+01 8.000e+00 9.000e+00 7.000e+00
 1.000e+01 7.000e+00 7.000e+00 7.000e+00 7.000e+00 4.000e+00 2.000e+00
 3.000e+00 4.000e+00 2.000e+00 2.000e+00 3.000e+00 0.000e+00 1.000e+00
 2.000e+00 1.000e+00 2.000e+00 1.000e+00 1.000e+00 3.000e+00 1.000e+00
 2.000e+00 0.000e+00 0.000e+00 0.000e+00 1.000e+00 2.000e+00 0.000e+00
 0.000e+00 0.000e+00 1.000e+00 0.000e+00 0.000e+00 0.000e+00]
835200 loops cons: [2.22e+03 6.94e+02 2.92e+02 1.64e+02 9.60e+01 6.60e+01 6.60e+01 3.50e+01
 2.10e+01 1.60e+01 1.90e+01 8.00e+00 9.00e+00 7.00e+00 1.00e+01 7.00e+00
 7.00e+00 7.00e+00 7.00e+00 4.00e+00 2.00e+00 3.00e+00 4.00e+00 2.00e+00
 2.00e+00 3.00e+00 0.00e+00 1.00e+00 2.00e+00 1.00e+00 2.00e+00 1.00e+00
 1.00e+00 3.00e+00 1.00e+00 2.00e+00 0.00e+00 0.00e+00 0.00e+00 1.00e+00
 2.00e+00 0.00e+00 0.00e+00 0.00e+00 1.00e+00 0.00e+00 0.00e+00 0.00e+00]
840000 loops cons: [2.233e+03 7.000e+02 2.940e+02 1.640e+02 9.600e+01 6.600e+01 6.600e+01
 3.500e+01 2.100e+01 1.600e+01 1.900e+01 8.000e+00 9.000e+00 7.000e+00
 1.000e+01 7.000e+00 7.000e+00 7.000e+00 7.000e+00 4.000e+00 2.000e+00
 3.000e+00 4.000e+00 2.000e+00 2.000e+00 3.000e+00 0.000e+00 1.000e+00
 2.000e+00 1.000e+00 2.000e+00 1.000e+00 1.000e+00 3.000e+00 1.000e+00
 2.000e+00 0.000e+00 0.000e+00 0.000e+00 1.000e+00 2.000e+00 0.000e+00
 0.000e+00 0.000e+00 1.000e+00 0.000e+00 0.000e+00 0.000e+00]
844800 loops cons: [2.246e+03 7.030e+02 2.950e+02 1.650e+02 9.700e+01 6.600e+01 6.700e+01
 3.500e+01 2.100e+01 1.700e+01 1.900e+01 8.000e+00 9.000e+00 7.000e+00
 1.000e+01 7.000e+00 7.000e+00 7.000e+00 7.000e+00 4.000e+00 2.000e+00
 3.000e+00 4.000e+00 2.000e+00 2.000e+00 3.000e+00 0.000e+00 1.000e+00
 2.000e+00 1.000e+00 2.000e+00 1.000e+00 1.000e+00 3.000e+00 1.000e+00
 2.000e+00 0.000e+00 0.000e+00 0.000e+00 1.000e+00 2.000e+00 0.000e+00
 0.000e+00 0.000e+00 1.000e+00 0.000e+00 0.000e+00 0.000e+00]
849600 loops cons: [2.259e+03 7.070e+02 2.960e+02 1.650e+02 9.800e+01 6.700e+01 6.700e+01
 3.600e+01 2.200e+01 1.700e+01 1.900e+01 8.000e+00 9.000e+00 7.000e+00
 1.000e+01 7.000e+00 7.000e+00 7.000e+00 7.000e+00 4.000e+00 2.000e+00
 3.000e+00 4.000e+00 2.000e+00 2.000e+00 3.000e+00 0.000e+00 1.000e+00
 2.000e+00 1.000e+00 2.000e+00 1.000e+00 1.000e+00 3.000e+00 1.000e+00
 2.000e+00 0.000e+00 0.000e+00 0.000e+00 1.000e+00 2.000e+00 0.000e+00
 0.000e+00 0.000e+00 1.000e+00 0.000e+00 0.000e+00 0.000e+00]
854400 loops cons: [2.28e+03 7.08e+02 2.96e+02 1.67e+02 9.90e+01 6.80e+01 6.70e+01 3.60e+01
 2.20e+01 1.70e+01 1.90e+01 8.00e+00 9.00e+00 7.00e+00 1.00e+01 7.00e+00
 7.00e+00 7.00e+00 7.00e+00 4.00e+00 2.00e+00 3.00e+00 4.00e+00 2.00e+00
 2.00e+00 3.00e+00 0.00e+00 1.00e+00 2.00e+00 1.00e+00 2.00e+00 1.00e+00
 1.00e+00 3.00e+00 1.00e+00 2.00e+00 0.00e+00 0.00e+00 0.00e+00 1.00e+00
 2.00e+00 0.00e+00 0.00e+00 0.00e+00 1.00e+00 0.00e+00 0.00e+00 0.00e+00]
859200 loops cons: [2.293e+03 7.120e+02 2.960e+02 1.670e+02 9.900e+01 6.800e+01 6.700e+01
 3.600e+01 2.200e+01 1.700e+01 1.900e+01 8.000e+00 9.000e+00 7.000e+00
 1.000e+01 7.000e+00 7.000e+00 7.000e+00 7.000e+00 4.000e+00 2.000e+00
 3.000e+00 4.000e+00 2.000e+00 2.000e+00 3.000e+00 0.000e+00 1.000e+00
 2.000e+00 1.000e+00 2.000e+00 1.000e+00 1.000e+00 3.000e+00 1.000e+00
 2.000e+00 0.000e+00 0.000e+00 0.000e+00 1.000e+00 2.000e+00 0.000e+00
 0.000e+00 0.000e+00 1.000e+00 0.000e+00 0.000e+00 0.000e+00]
864000 loops cons: [2.303e+03 7.180e+02 2.970e+02 1.670e+02 9.900e+01 6.800e+01 6.800e+01
 3.600e+01 2.200e+01 1.700e+01 1.900e+01 8.000e+00 1.000e+01 7.000e+00
 1.000e+01 7.000e+00 7.000e+00 8.000e+00 7.000e+00 4.000e+00 2.000e+00
 3.000e+00 4.000e+00 2.000e+00 2.000e+00 3.000e+00 0.000e+00 1.000e+00
 2.000e+00 1.000e+00 2.000e+00 1.000e+00 1.000e+00 3.000e+00 1.000e+00
 2.000e+00 0.000e+00 0.000e+00 0.000e+00 1.000e+00 2.000e+00 0.000e+00
 0.000e+00 0.000e+00 1.000e+00 0.000e+00 0.000e+00 0.000e+00]
868800 loops cons: [2.319e+03 7.230e+02 2.990e+02 1.690e+02 9.900e+01 6.800e+01 6.800e+01
 3.600e+01 2.200e+01 1.700e+01 1.900e+01 8.000e+00 1.000e+01 7.000e+00
 1.000e+01 7.000e+00 7.000e+00 8.000e+00 7.000e+00 4.000e+00 2.000e+00
 3.000e+00 4.000e+00 2.000e+00 2.000e+00 3.000e+00 0.000e+00 1.000e+00
 2.000e+00 1.000e+00 2.000e+00 1.000e+00 1.000e+00 3.000e+00 1.000e+00
 2.000e+00 0.000e+00 0.000e+00 0.000e+00 1.000e+00 2.000e+00 0.000e+00
 0.000e+00 0.000e+00 1.000e+00 0.000e+00 0.000e+00 0.000e+00]
873600 loops cons: [2.326e+03 7.250e+02 3.000e+02 1.700e+02 1.000e+02 6.800e+01 6.800e+01
 3.600e+01 2.200e+01 1.700e+01 1.900e+01 8.000e+00 1.000e+01 7.000e+00
 1.000e+01 7.000e+00 7.000e+00 8.000e+00 7.000e+00 4.000e+00 2.000e+00
 3.000e+00 4.000e+00 2.000e+00 2.000e+00 3.000e+00 0.000e+00 1.000e+00
 2.000e+00 1.000e+00 2.000e+00 1.000e+00 1.000e+00 3.000e+00 1.000e+00
 2.000e+00 0.000e+00 0.000e+00 0.000e+00 1.000e+00 2.000e+00 0.000e+00
 0.000e+00 0.000e+00 1.000e+00 0.000e+00 0.000e+00 0.000e+00]
878400 loops cons: [2.338e+03 7.280e+02 3.030e+02 1.720e+02 1.000e+02 6.800e+01 6.800e+01
 3.600e+01 2.200e+01 1.700e+01 1.900e+01 8.000e+00 1.000e+01 7.000e+00
 1.000e+01 7.000e+00 7.000e+00 8.000e+00 7.000e+00 4.000e+00 2.000e+00
 3.000e+00 4.000e+00 2.000e+00 2.000e+00 3.000e+00 0.000e+00 1.000e+00
 2.000e+00 1.000e+00 2.000e+00 1.000e+00 1.000e+00 3.000e+00 1.000e+00
 2.000e+00 0.000e+00 0.000e+00 0.000e+00 1.000e+00 2.000e+00 0.000e+00
 0.000e+00 0.000e+00 1.000e+00 0.000e+00 0.000e+00 0.000e+00]
883200 loops cons: [2.346e+03 7.340e+02 3.030e+02 1.740e+02 1.020e+02 6.900e+01 6.800e+01
 3.700e+01 2.200e+01 1.700e+01 1.900e+01 8.000e+00 1.000e+01 7.000e+00
 1.000e+01 7.000e+00 7.000e+00 8.000e+00 7.000e+00 4.000e+00 2.000e+00
 3.000e+00 4.000e+00 2.000e+00 2.000e+00 3.000e+00 0.000e+00 1.000e+00
 2.000e+00 1.000e+00 2.000e+00 1.000e+00 1.000e+00 3.000e+00 1.000e+00
 2.000e+00 0.000e+00 0.000e+00 0.000e+00 1.000e+00 2.000e+00 0.000e+00
 0.000e+00 0.000e+00 1.000e+00 0.000e+00 0.000e+00 0.000e+00]
888000 loops cons: [2.359e+03 7.370e+02 3.050e+02 1.740e+02 1.030e+02 7.000e+01 6.800e+01
 3.700e+01 2.300e+01 1.700e+01 1.900e+01 8.000e+00 1.000e+01 7.000e+00
 1.000e+01 7.000e+00 7.000e+00 8.000e+00 7.000e+00 4.000e+00 2.000e+00
 3.000e+00 4.000e+00 2.000e+00 2.000e+00 3.000e+00 0.000e+00 1.000e+00
 2.000e+00 1.000e+00 2.000e+00 1.000e+00 1.000e+00 3.000e+00 1.000e+00
 2.000e+00 0.000e+00 0.000e+00 0.000e+00 1.000e+00 2.000e+00 0.000e+00
 0.000e+00 0.000e+00 1.000e+00 0.000e+00 0.000e+00 0.000e+00]
892800 loops cons: [2.37e+03 7.39e+02 3.07e+02 1.74e+02 1.03e+02 7.10e+01 6.80e+01 3.70e+01
 2.30e+01 1.70e+01 2.00e+01 8.00e+00 1.00e+01 7.00e+00 1.00e+01 7.00e+00
 7.00e+00 8.00e+00 7.00e+00 4.00e+00 3.00e+00 3.00e+00 4.00e+00 2.00e+00
 2.00e+00 3.00e+00 0.00e+00 1.00e+00 2.00e+00 1.00e+00 2.00e+00 1.00e+00
 1.00e+00 3.00e+00 1.00e+00 2.00e+00 0.00e+00 0.00e+00 0.00e+00 1.00e+00
 2.00e+00 0.00e+00 0.00e+00 1.00e+00 1.00e+00 0.00e+00 0.00e+00 0.00e+00]
897600 loops cons: [2.384e+03 7.440e+02 3.090e+02 1.770e+02 1.030e+02 7.200e+01 6.800e+01
 3.700e+01 2.300e+01 1.700e+01 2.000e+01 8.000e+00 1.000e+01 7.000e+00
 1.000e+01 7.000e+00 7.000e+00 8.000e+00 7.000e+00 4.000e+00 3.000e+00
 3.000e+00 4.000e+00 2.000e+00 2.000e+00 3.000e+00 0.000e+00 1.000e+00
 2.000e+00 1.000e+00 2.000e+00 1.000e+00 1.000e+00 3.000e+00 1.000e+00
 2.000e+00 0.000e+00 0.000e+00 0.000e+00 1.000e+00 2.000e+00 0.000e+00
 0.000e+00 2.000e+00 1.000e+00 0.000e+00 0.000e+00 0.000e+00]
902400 loops cons: [2.394e+03 7.510e+02 3.160e+02 1.770e+02 1.030e+02 7.200e+01 6.800e+01
 3.800e+01 2.300e+01 1.700e+01 2.000e+01 8.000e+00 1.000e+01 7.000e+00
 1.000e+01 7.000e+00 7.000e+00 8.000e+00 7.000e+00 4.000e+00 3.000e+00
 3.000e+00 4.000e+00 2.000e+00 2.000e+00 3.000e+00 0.000e+00 1.000e+00
 2.000e+00 1.000e+00 2.000e+00 1.000e+00 1.000e+00 3.000e+00 1.000e+00
 2.000e+00 0.000e+00 1.000e+00 0.000e+00 1.000e+00 2.000e+00 0.000e+00
 0.000e+00 2.000e+00 1.000e+00 0.000e+00 0.000e+00 0.000e+00]
907200 loops cons: [2.403e+03 7.550e+02 3.160e+02 1.770e+02 1.040e+02 7.300e+01 6.900e+01
 3.900e+01 2.300e+01 1.700e+01 2.000e+01 8.000e+00 1.000e+01 7.000e+00
 1.000e+01 7.000e+00 7.000e+00 8.000e+00 7.000e+00 4.000e+00 3.000e+00
 3.000e+00 4.000e+00 2.000e+00 2.000e+00 3.000e+00 0.000e+00 1.000e+00
 2.000e+00 1.000e+00 2.000e+00 1.000e+00 1.000e+00 3.000e+00 1.000e+00
 2.000e+00 0.000e+00 1.000e+00 0.000e+00 1.000e+00 2.000e+00 0.000e+00
 0.000e+00 2.000e+00 1.000e+00 0.000e+00 0.000e+00 0.000e+00]
912000 loops cons: [2.419e+03 7.570e+02 3.180e+02 1.780e+02 1.050e+02 7.300e+01 6.900e+01
 3.900e+01 2.300e+01 1.700e+01 2.000e+01 8.000e+00 1.000e+01 7.000e+00
 1.000e+01 7.000e+00 7.000e+00 8.000e+00 7.000e+00 4.000e+00 3.000e+00
 3.000e+00 4.000e+00 2.000e+00 2.000e+00 3.000e+00 0.000e+00 1.000e+00
 2.000e+00 1.000e+00 2.000e+00 1.000e+00 1.000e+00 3.000e+00 1.000e+00
 2.000e+00 0.000e+00 1.000e+00 0.000e+00 1.000e+00 2.000e+00 0.000e+00
 0.000e+00 2.000e+00 1.000e+00 0.000e+00 0.000e+00 0.000e+00]
916800 loops cons: [2.43e+03 7.60e+02 3.22e+02 1.78e+02 1.05e+02 7.40e+01 6.90e+01 3.90e+01
 2.30e+01 1.70e+01 2.00e+01 8.00e+00 1.00e+01 7.00e+00 1.00e+01 7.00e+00
 7.00e+00 8.00e+00 7.00e+00 4.00e+00 3.00e+00 3.00e+00 4.00e+00 2.00e+00
 2.00e+00 3.00e+00 0.00e+00 1.00e+00 2.00e+00 1.00e+00 2.00e+00 1.00e+00
 1.00e+00 3.00e+00 1.00e+00 2.00e+00 0.00e+00 1.00e+00 0.00e+00 1.00e+00
 2.00e+00 0.00e+00 0.00e+00 2.00e+00 1.00e+00 0.00e+00 0.00e+00 0.00e+00]
921600 loops cons: [2.44e+03 7.63e+02 3.23e+02 1.78e+02 1.06e+02 7.40e+01 7.00e+01 3.90e+01
 2.30e+01 1.70e+01 2.00e+01 8.00e+00 1.00e+01 8.00e+00 1.00e+01 7.00e+00
 7.00e+00 8.00e+00 7.00e+00 4.00e+00 3.00e+00 3.00e+00 4.00e+00 2.00e+00
 2.00e+00 3.00e+00 0.00e+00 1.00e+00 2.00e+00 1.00e+00 2.00e+00 1.00e+00
 1.00e+00 3.00e+00 1.00e+00 2.00e+00 0.00e+00 1.00e+00 0.00e+00 1.00e+00
 2.00e+00 0.00e+00 0.00e+00 2.00e+00 1.00e+00 0.00e+00 0.00e+00 0.00e+00]
926400 loops cons: [2.45e+03 7.70e+02 3.23e+02 1.78e+02 1.06e+02 7.40e+01 7.10e+01 3.90e+01
 2.30e+01 1.70e+01 2.00e+01 8.00e+00 1.10e+01 8.00e+00 1.00e+01 7.00e+00
 7.00e+00 8.00e+00 8.00e+00 4.00e+00 3.00e+00 3.00e+00 4.00e+00 2.00e+00
 2.00e+00 3.00e+00 0.00e+00 1.00e+00 2.00e+00 1.00e+00 2.00e+00 1.00e+00
 1.00e+00 3.00e+00 1.00e+00 2.00e+00 0.00e+00 1.00e+00 0.00e+00 1.00e+00
 2.00e+00 0.00e+00 0.00e+00 2.00e+00 1.00e+00 0.00e+00 0.00e+00 0.00e+00]
931200 loops cons: [2.459e+03 7.730e+02 3.240e+02 1.780e+02 1.080e+02 7.400e+01 7.100e+01
 3.900e+01 2.300e+01 1.700e+01 2.000e+01 8.000e+00 1.100e+01 8.000e+00
 1.000e+01 7.000e+00 7.000e+00 8.000e+00 1.000e+01 4.000e+00 3.000e+00
 3.000e+00 4.000e+00 2.000e+00 2.000e+00 3.000e+00 0.000e+00 1.000e+00
 2.000e+00 1.000e+00 2.000e+00 1.000e+00 1.000e+00 3.000e+00 1.000e+00
 2.000e+00 0.000e+00 1.000e+00 0.000e+00 1.000e+00 2.000e+00 0.000e+00
 0.000e+00 2.000e+00 1.000e+00 0.000e+00 0.000e+00 0.000e+00]
936000 loops cons: [2.472e+03 7.770e+02 3.260e+02 1.780e+02 1.090e+02 7.400e+01 7.100e+01
 3.900e+01 2.300e+01 1.700e+01 2.000e+01 8.000e+00 1.100e+01 8.000e+00
 1.000e+01 7.000e+00 7.000e+00 8.000e+00 1.000e+01 4.000e+00 3.000e+00
 3.000e+00 4.000e+00 2.000e+00 2.000e+00 3.000e+00 0.000e+00 1.000e+00
 2.000e+00 1.000e+00 2.000e+00 1.000e+00 1.000e+00 3.000e+00 1.000e+00
 2.000e+00 0.000e+00 1.000e+00 0.000e+00 1.000e+00 2.000e+00 0.000e+00
 0.000e+00 2.000e+00 1.000e+00 0.000e+00 0.000e+00 0.000e+00]
940800 loops cons: [2.482e+03 7.800e+02 3.290e+02 1.790e+02 1.090e+02 7.400e+01 7.100e+01
 4.000e+01 2.400e+01 1.700e+01 2.000e+01 8.000e+00 1.100e+01 8.000e+00
 1.000e+01 7.000e+00 7.000e+00 8.000e+00 1.000e+01 4.000e+00 3.000e+00
 3.000e+00 4.000e+00 2.000e+00 2.000e+00 3.000e+00 0.000e+00 1.000e+00
 2.000e+00 1.000e+00 2.000e+00 1.000e+00 1.000e+00 3.000e+00 1.000e+00
 2.000e+00 0.000e+00 1.000e+00 0.000e+00 1.000e+00 2.000e+00 0.000e+00
 0.000e+00 2.000e+00 1.000e+00 0.000e+00 0.000e+00 0.000e+00]
945600 loops cons: [2.496e+03 7.810e+02 3.290e+02 1.830e+02 1.090e+02 7.400e+01 7.100e+01
 4.000e+01 2.400e+01 1.700e+01 2.000e+01 8.000e+00 1.100e+01 8.000e+00
 1.000e+01 7.000e+00 7.000e+00 8.000e+00 1.000e+01 4.000e+00 3.000e+00
 3.000e+00 4.000e+00 2.000e+00 2.000e+00 3.000e+00 0.000e+00 1.000e+00
 2.000e+00 1.000e+00 2.000e+00 1.000e+00 1.000e+00 3.000e+00 1.000e+00
 2.000e+00 0.000e+00 1.000e+00 0.000e+00 1.000e+00 2.000e+00 0.000e+00
 0.000e+00 2.000e+00 1.000e+00 0.000e+00 0.000e+00 0.000e+00]
950400 loops cons: [2.508e+03 7.850e+02 3.300e+02 1.860e+02 1.090e+02 7.400e+01 7.100e+01
 4.000e+01 2.400e+01 1.700e+01 2.000e+01 8.000e+00 1.100e+01 9.000e+00
 1.000e+01 7.000e+00 7.000e+00 8.000e+00 1.000e+01 4.000e+00 3.000e+00
 3.000e+00 4.000e+00 2.000e+00 2.000e+00 3.000e+00 0.000e+00 1.000e+00
 2.000e+00 1.000e+00 2.000e+00 1.000e+00 1.000e+00 3.000e+00 1.000e+00
 2.000e+00 0.000e+00 1.000e+00 0.000e+00 1.000e+00 2.000e+00 0.000e+00
 0.000e+00 2.000e+00 1.000e+00 0.000e+00 0.000e+00 0.000e+00]
955200 loops cons: [2.518e+03 7.870e+02 3.310e+02 1.860e+02 1.100e+02 7.400e+01 7.200e+01
 4.100e+01 2.400e+01 1.700e+01 2.000e+01 8.000e+00 1.100e+01 9.000e+00
 1.000e+01 7.000e+00 8.000e+00 8.000e+00 1.000e+01 4.000e+00 3.000e+00
 3.000e+00 4.000e+00 2.000e+00 2.000e+00 3.000e+00 0.000e+00 1.000e+00
 3.000e+00 1.000e+00 2.000e+00 1.000e+00 1.000e+00 3.000e+00 1.000e+00
 2.000e+00 0.000e+00 1.000e+00 0.000e+00 1.000e+00 2.000e+00 0.000e+00
 0.000e+00 2.000e+00 1.000e+00 0.000e+00 0.000e+00 0.000e+00]
960000 loops cons: [2.532e+03 7.900e+02 3.320e+02 1.870e+02 1.100e+02 7.400e+01 7.200e+01
 4.100e+01 2.400e+01 1.700e+01 2.000e+01 8.000e+00 1.100e+01 9.000e+00
 1.000e+01 7.000e+00 8.000e+00 8.000e+00 1.000e+01 4.000e+00 3.000e+00
 3.000e+00 4.000e+00 2.000e+00 2.000e+00 3.000e+00 0.000e+00 1.000e+00
 3.000e+00 1.000e+00 2.000e+00 1.000e+00 1.000e+00 3.000e+00 1.000e+00
 2.000e+00 0.000e+00 1.000e+00 0.000e+00 1.000e+00 2.000e+00 0.000e+00
 0.000e+00 2.000e+00 1.000e+00 0.000e+00 0.000e+00 0.000e+00]
964800 loops cons: [2.541e+03 7.920e+02 3.340e+02 1.880e+02 1.110e+02 7.500e+01 7.200e+01
 4.100e+01 2.400e+01 1.700e+01 2.000e+01 8.000e+00 1.100e+01 9.000e+00
 1.000e+01 7.000e+00 8.000e+00 8.000e+00 1.000e+01 4.000e+00 3.000e+00
 3.000e+00 4.000e+00 2.000e+00 2.000e+00 3.000e+00 0.000e+00 1.000e+00
 3.000e+00 1.000e+00 2.000e+00 1.000e+00 1.000e+00 3.000e+00 1.000e+00
 2.000e+00 0.000e+00 1.000e+00 0.000e+00 1.000e+00 2.000e+00 0.000e+00
 0.000e+00 2.000e+00 1.000e+00 0.000e+00 0.000e+00 0.000e+00]
969600 loops cons: [2.551e+03 7.960e+02 3.340e+02 1.880e+02 1.130e+02 7.500e+01 7.200e+01
 4.100e+01 2.400e+01 1.700e+01 2.000e+01 8.000e+00 1.100e+01 9.000e+00
 1.000e+01 7.000e+00 8.000e+00 8.000e+00 1.000e+01 4.000e+00 3.000e+00
 3.000e+00 4.000e+00 2.000e+00 2.000e+00 3.000e+00 0.000e+00 1.000e+00
 3.000e+00 1.000e+00 2.000e+00 1.000e+00 1.000e+00 3.000e+00 1.000e+00
 2.000e+00 0.000e+00 1.000e+00 0.000e+00 1.000e+00 2.000e+00 0.000e+00
 0.000e+00 2.000e+00 1.000e+00 0.000e+00 0.000e+00 0.000e+00]
974400 loops cons: [2.568e+03 7.960e+02 3.350e+02 1.890e+02 1.160e+02 7.700e+01 7.200e+01
 4.100e+01 2.400e+01 1.700e+01 2.000e+01 9.000e+00 1.100e+01 9.000e+00
 1.000e+01 7.000e+00 8.000e+00 8.000e+00 1.000e+01 4.000e+00 3.000e+00
 3.000e+00 4.000e+00 2.000e+00 2.000e+00 3.000e+00 0.000e+00 1.000e+00
 3.000e+00 1.000e+00 2.000e+00 1.000e+00 1.000e+00 3.000e+00 1.000e+00
 2.000e+00 0.000e+00 1.000e+00 0.000e+00 1.000e+00 2.000e+00 0.000e+00
 0.000e+00 2.000e+00 1.000e+00 0.000e+00 0.000e+00 0.000e+00]
979200 loops cons: [2.576e+03 8.000e+02 3.360e+02 1.900e+02 1.160e+02 7.700e+01 7.200e+01
 4.100e+01 2.400e+01 1.700e+01 2.000e+01 9.000e+00 1.100e+01 9.000e+00
 1.000e+01 7.000e+00 8.000e+00 8.000e+00 1.000e+01 4.000e+00 4.000e+00
 3.000e+00 4.000e+00 2.000e+00 2.000e+00 3.000e+00 0.000e+00 1.000e+00
 3.000e+00 1.000e+00 2.000e+00 1.000e+00 1.000e+00 3.000e+00 1.000e+00
 2.000e+00 0.000e+00 1.000e+00 0.000e+00 1.000e+00 2.000e+00 0.000e+00
 0.000e+00 2.000e+00 1.000e+00 0.000e+00 0.000e+00 0.000e+00]
984000 loops cons: [2.588e+03 8.050e+02 3.380e+02 1.900e+02 1.160e+02 7.700e+01 7.200e+01
 4.100e+01 2.400e+01 1.700e+01 2.000e+01 9.000e+00 1.100e+01 9.000e+00
 1.000e+01 7.000e+00 8.000e+00 8.000e+00 1.000e+01 4.000e+00 4.000e+00
 3.000e+00 4.000e+00 2.000e+00 2.000e+00 3.000e+00 0.000e+00 1.000e+00
 3.000e+00 1.000e+00 2.000e+00 1.000e+00 1.000e+00 3.000e+00 1.000e+00
 2.000e+00 0.000e+00 1.000e+00 0.000e+00 1.000e+00 2.000e+00 0.000e+00
 0.000e+00 2.000e+00 1.000e+00 0.000e+00 0.000e+00 0.000e+00]
988800 loops cons: [2.604e+03 8.060e+02 3.400e+02 1.910e+02 1.160e+02 7.800e+01 7.200e+01
 4.100e+01 2.400e+01 1.700e+01 2.000e+01 9.000e+00 1.100e+01 9.000e+00
 1.000e+01 7.000e+00 8.000e+00 8.000e+00 1.000e+01 4.000e+00 4.000e+00
 3.000e+00 4.000e+00 2.000e+00 2.000e+00 3.000e+00 0.000e+00 1.000e+00
 3.000e+00 1.000e+00 2.000e+00 1.000e+00 1.000e+00 3.000e+00 1.000e+00
 2.000e+00 0.000e+00 1.000e+00 0.000e+00 1.000e+00 2.000e+00 0.000e+00
 0.000e+00 2.000e+00 1.000e+00 0.000e+00 0.000e+00 0.000e+00]
993600 loops cons: [2.617e+03 8.070e+02 3.410e+02 1.910e+02 1.170e+02 7.800e+01 7.200e+01
 4.200e+01 2.400e+01 1.700e+01 2.000e+01 9.000e+00 1.100e+01 9.000e+00
 1.000e+01 7.000e+00 8.000e+00 8.000e+00 1.000e+01 4.000e+00 4.000e+00
 3.000e+00 4.000e+00 2.000e+00 2.000e+00 3.000e+00 0.000e+00 1.000e+00
 3.000e+00 1.000e+00 2.000e+00 1.000e+00 1.000e+00 3.000e+00 1.000e+00
 2.000e+00 0.000e+00 1.000e+00 0.000e+00 1.000e+00 2.000e+00 0.000e+00
 0.000e+00 2.000e+00 1.000e+00 0.000e+00 0.000e+00 0.000e+00]
998400 loops cons: [2.629e+03 8.110e+02 3.430e+02 1.910e+02 1.170e+02 7.900e+01 7.200e+01
 4.300e+01 2.400e+01 1.700e+01 2.000e+01 9.000e+00 1.100e+01 9.000e+00
 1.000e+01 7.000e+00 8.000e+00 8.000e+00 1.000e+01 4.000e+00 4.000e+00
 3.000e+00 4.000e+00 2.000e+00 2.000e+00 3.000e+00 0.000e+00 1.000e+00
 3.000e+00 1.000e+00 2.000e+00 1.000e+00 1.000e+00 3.000e+00 1.000e+00
 2.000e+00 0.000e+00 1.000e+00 0.000e+00 1.000e+00 2.000e+00 0.000e+00
 0.000e+00 2.000e+00 1.000e+00 1.000e+00 0.000e+00 0.000e+00]
1003200 loops cons: [2.641e+03 8.160e+02 3.440e+02 1.910e+02 1.170e+02 8.000e+01 7.200e+01
 4.300e+01 2.400e+01 1.700e+01 2.000e+01 9.000e+00 1.100e+01 9.000e+00
 1.000e+01 7.000e+00 8.000e+00 8.000e+00 1.000e+01 4.000e+00 4.000e+00
 3.000e+00 4.000e+00 2.000e+00 2.000e+00 3.000e+00 0.000e+00 1.000e+00
 3.000e+00 1.000e+00 2.000e+00 1.000e+00 1.000e+00 3.000e+00 1.000e+00
 2.000e+00 0.000e+00 1.000e+00 0.000e+00 1.000e+00 2.000e+00 0.000e+00
 0.000e+00 2.000e+00 1.000e+00 1.000e+00 0.000e+00 0.000e+00]
