Starting new run concatemerization
concentration: 2
0 loops cons: [0. 0. 0. 0. 0. 0. 0. 0. 0. 0. 0. 0. 0. 0. 0. 0. 0. 0. 0. 0. 0. 0. 0. 0.
 0. 0. 0. 0. 0. 0. 0. 0. 0. 0. 0. 0. 0. 0. 0. 0. 0. 0. 0. 0. 0. 0. 0. 0.]
4800 loops cons: [12.  2.  0.  0.  0.  0.  0.  0.  0.  0.  0.  0.  0.  0.  0.  0.  0.  0.
  0.  0.  0.  0.  0.  0.  0.  0.  0.  0.  0.  0.  0.  0.  0.  0.  0.  0.
  0.  0.  0.  0.  0.  0.  0.  0.  0.  0.  0.  0.]
9600 loops cons: [23.  5.  3.  1.  1.  0.  0.  0.  0.  0.  0.  0.  0.  0.  0.  0.  0.  0.
  0.  0.  0.  0.  0.  0.  0.  0.  0.  0.  0.  0.  0.  0.  0.  0.  0.  0.
  0.  0.  0.  0.  0.  0.  0.  0.  0.  0.  0.  0.]
14400 loops cons: [36. 10.  5.  2.  2.  0.  0.  0.  0.  0.  0.  0.  0.  1.  1.  0.  0.  0.
  0.  0.  0.  0.  0.  0.  0.  0.  0.  0.  0.  0.  0.  0.  0.  0.  0.  0.
  0.  0.  0.  0.  0.  0.  0.  0.  0.  0.  0.  0.]
19200 loops cons: [51. 16.  7.  3.  2.  0.  0.  1.  1.  0.  1.  0.  0.  1.  1.  0.  0.  0.
  0.  0.  0.  0.  0.  0.  0.  0.  1.  0.  0.  0.  0.  0.  0.  0.  0.  0.
  0.  0.  0.  0.  0.  0.  0.  0.  0.  0.  0.  0.]
24000 loops cons: [58. 25.  7.  4.  3.  0.  0.  1.  1.  0.  1.  0.  0.  1.  2.  1.  0.  0.
  0.  1.  0.  0.  0.  0.  0.  0.  1.  0.  0.  0.  0.  0.  0.  0.  0.  0.
  0.  0.  0.  0.  0.  0.  0.  0.  0.  0.  0.  0.]
28800 loops cons: [72. 29. 10.  4.  3.  0.  1.  1.  1.  0.  1.  1.  0.  1.  2.  1.  0.  0.
  0.  1.  0.  0.  0.  0.  0.  0.  1.  0.  0.  0.  0.  0.  0.  0.  0.  0.
  0.  0.  0.  0.  0.  0.  0.  0.  0.  0.  0.  0.]
33600 loops cons: [86. 36. 11.  6.  4.  0.  1.  1.  1.  1.  1.  2.  0.  1.  2.  1.  0.  0.
  0.  1.  0.  0.  0.  0.  0.  0.  1.  0.  0.  0.  0.  0.  0.  0.  0.  0.
  0.  0.  0.  0.  0.  0.  0.  0.  0.  0.  0.  0.]
38400 loops cons: [102.  41.  15.   6.   6.   0.   1.   2.   1.   1.   1.   2.   0.   1.
   2.   1.   0.   0.   0.   1.   0.   0.   0.   0.   0.   0.   1.   0.
   0.   0.   0.   0.   0.   0.   0.   0.   0.   0.   0.   0.   0.   0.
   0.   0.   0.   0.   0.   0.]
43200 loops cons: [114.  42.  15.   6.   6.   1.   1.   2.   1.   1.   3.   2.   0.   1.
   2.   2.   0.   0.   0.   2.   0.   0.   0.   0.   0.   0.   1.   0.
   0.   0.   0.   0.   0.   0.   0.   0.   0.   0.   0.   0.   0.   0.
   0.   0.   0.   0.   0.   0.]
48000 loops cons: [127.  47.  17.  10.   7.   2.   1.   2.   1.   1.   3.   2.   0.   1.
   2.   2.   0.   0.   0.   2.   0.   0.   0.   0.   0.   0.   1.   0.
   0.   0.   0.   0.   0.   0.   0.   0.   0.   0.   0.   0.   0.   0.
   0.   0.   0.   0.   0.   0.]
52800 loops cons: [139.  56.  20.  10.   8.   2.   1.   2.   1.   1.   3.   2.   0.   2.
   2.   2.   0.   0.   0.   2.   0.   0.   0.   0.   0.   0.   1.   0.
   0.   0.   0.   0.   0.   0.   0.   0.   0.   0.   0.   0.   0.   0.
   0.   0.   0.   0.   0.   0.]
57600 loops cons: [161.  64.  23.  10.   8.   2.   1.   2.   1.   1.   3.   2.   0.   2.
   2.   2.   0.   1.   0.   2.   0.   0.   0.   0.   0.   0.   1.   0.
   0.   0.   0.   0.   0.   0.   0.   0.   0.   0.   0.   0.   0.   0.
   0.   0.   0.   0.   0.   0.]
62400 loops cons: [170.  70.  26.  10.   8.   2.   1.   2.   1.   1.   3.   2.   1.   2.
   2.   2.   0.   1.   0.   2.   0.   0.   0.   0.   0.   0.   1.   0.
   0.   0.   0.   0.   0.   0.   0.   0.   0.   0.   0.   0.   0.   0.
   0.   0.   0.   0.   0.   0.]
67200 loops cons: [184.  73.  28.  12.   8.   2.   1.   3.   1.   1.   3.   2.   1.   2.
   2.   2.   0.   1.   0.   2.   0.   0.   0.   0.   0.   0.   1.   0.
   0.   0.   0.   0.   0.   0.   0.   0.   0.   0.   0.   0.   0.   0.
   0.   0.   0.   0.   0.   0.]
72000 loops cons: [199.  76.  32.  13.   8.   3.   1.   3.   1.   1.   3.   2.   1.   2.
   2.   2.   0.   1.   0.   2.   0.   0.   0.   0.   0.   0.   1.   0.
   0.   0.   0.   0.   0.   0.   0.   0.   0.   0.   0.   0.   0.   0.
   0.   0.   0.   0.   0.   0.]
76800 loops cons: [220.  81.  34.  14.   9.   4.   1.   3.   1.   1.   3.   2.   1.   2.
   2.   2.   0.   1.   0.   2.   0.   0.   0.   0.   0.   0.   1.   0.
   0.   0.   0.   0.   0.   0.   0.   0.   0.   0.   0.   0.   0.   0.
   0.   0.   0.   0.   0.   0.]
81600 loops cons: [231.  90.  36.  14.   9.   5.   1.   4.   1.   2.   3.   2.   1.   2.
   2.   2.   0.   1.   0.   2.   0.   0.   0.   0.   0.   0.   1.   0.
   0.   0.   0.   0.   0.   0.   0.   0.   0.   0.   0.   0.   0.   0.
   0.   0.   0.   0.   0.   0.]
86400 loops cons: [240.  92.  40.  16.  11.   5.   1.   4.   2.   3.   3.   2.   1.   2.
   2.   2.   0.   1.   0.   2.   0.   0.   0.   0.   0.   0.   1.   0.
   0.   0.   0.   0.   0.   0.   0.   0.   0.   0.   0.   0.   0.   0.
   0.   0.   0.   0.   0.   0.]
91200 loops cons: [260.  96.  44.  17.  11.   5.   1.   4.   2.   4.   3.   2.   1.   2.
   2.   2.   0.   1.   0.   2.   0.   0.   0.   0.   0.   0.   1.   0.
   0.   0.   0.   0.   0.   0.   0.   0.   0.   0.   0.   0.   0.   0.
   0.   0.   0.   0.   0.   0.]
96000 loops cons: [277. 101.  46.  17.  11.   5.   1.   5.   2.   4.   4.   2.   1.   2.
   2.   2.   0.   1.   0.   2.   0.   0.   0.   0.   0.   0.   1.   0.
   0.   0.   0.   0.   0.   0.   0.   0.   0.   0.   0.   0.   0.   0.
   0.   0.   0.   0.   0.   0.]
100800 loops cons: [291. 110.  49.  18.  11.   5.   1.   5.   2.   4.   4.   2.   1.   2.
   2.   2.   0.   1.   0.   2.   0.   0.   0.   0.   0.   0.   1.   0.
   0.   0.   0.   0.   0.   0.   0.   0.   0.   0.   0.   0.   0.   0.
   0.   0.   0.   0.   0.   0.]
105600 loops cons: [309. 114.  52.  19.  11.   7.   1.   6.   2.   4.   4.   2.   1.   2.
   2.   2.   0.   1.   0.   2.   0.   0.   0.   0.   0.   0.   1.   0.
   0.   0.   0.   0.   0.   0.   0.   0.   0.   0.   0.   0.   0.   0.
   1.   0.   0.   0.   0.   0.]
110400 loops cons: [319. 118.  54.  19.  14.   7.   1.   6.   2.   4.   4.   2.   1.   2.
   2.   2.   0.   1.   0.   2.   0.   0.   0.   0.   0.   0.   1.   0.
   0.   0.   0.   0.   0.   0.   0.   0.   0.   0.   0.   0.   0.   0.
   1.   0.   0.   0.   0.   0.]
115200 loops cons: [336. 124.  58.  21.  14.   7.   1.   6.   2.   4.   4.   2.   1.   2.
   2.   2.   0.   1.   1.   2.   0.   0.   0.   0.   0.   0.   1.   0.
   0.   0.   0.   0.   0.   0.   0.   0.   0.   0.   0.   0.   0.   0.
   1.   0.   0.   0.   0.   0.]
120000 loops cons: [347. 127.  60.  24.  14.   9.   1.   6.   2.   4.   4.   2.   1.   2.
   2.   2.   0.   1.   1.   2.   0.   0.   0.   0.   0.   0.   1.   0.
   0.   0.   0.   0.   0.   0.   0.   0.   0.   0.   0.   0.   0.   0.
   1.   0.   0.   0.   0.   0.]
124800 loops cons: [356. 132.  61.  24.  16.   9.   1.   6.   2.   4.   4.   2.   2.   2.
   2.   2.   0.   1.   1.   2.   0.   0.   0.   0.   0.   0.   1.   0.
   0.   0.   0.   0.   0.   0.   0.   0.   0.   0.   0.   0.   0.   0.
   1.   0.   0.   0.   0.   0.]
129600 loops cons: [363. 133.  61.  24.  16.   9.   1.   6.   2.   5.   4.   2.   2.   2.
   2.   2.   0.   1.   1.   2.   0.   0.   0.   0.   0.   0.   1.   0.
   0.   0.   0.   0.   0.   0.   0.   0.   0.   0.   0.   0.   0.   0.
   1.   0.   0.   0.   0.   0.]
134400 loops cons: [379. 135.  61.  24.  16.   9.   1.   6.   2.   5.   4.   2.   2.   2.
   2.   2.   0.   1.   1.   2.   0.   0.   0.   0.   0.   0.   1.   0.
   0.   0.   0.   0.   0.   0.   0.   0.   0.   0.   0.   0.   0.   0.
   1.   0.   0.   0.   0.   0.]
139200 loops cons: [396. 140.  63.  25.  17.  10.   1.   8.   2.   5.   4.   3.   2.   2.
   2.   2.   0.   1.   1.   2.   0.   0.   0.   0.   0.   0.   1.   0.
   0.   0.   0.   0.   0.   0.   0.   0.   0.   0.   0.   0.   0.   0.
   1.   0.   0.   0.   0.   0.]
144000 loops cons: [405. 144.  63.  27.  17.  10.   1.   9.   2.   5.   4.   3.   2.   2.
   2.   2.   0.   1.   1.   2.   0.   0.   0.   0.   0.   0.   1.   0.
   0.   0.   0.   0.   0.   0.   0.   0.   0.   0.   0.   0.   0.   0.
   1.   0.   0.   0.   0.   0.]
148800 loops cons: [427. 148.  65.  28.  18.  11.   1.   9.   2.   5.   5.   3.   2.   2.
   2.   2.   0.   2.   2.   2.   0.   0.   0.   0.   0.   0.   1.   0.
   0.   0.   0.   0.   0.   0.   0.   0.   0.   0.   0.   0.   0.   0.
   1.   0.   0.   0.   0.   0.]
153600 loops cons: [438. 150.  65.  29.  18.  11.   2.  10.   2.   5.   6.   3.   2.   3.
   3.   2.   0.   2.   2.   2.   0.   0.   0.   0.   0.   1.   1.   0.
   0.   0.   0.   0.   0.   0.   0.   0.   0.   0.   0.   0.   0.   0.
   1.   0.   0.   0.   0.   0.]
158400 loops cons: [449. 151.  66.  29.  18.  11.   2.  10.   2.   5.   6.   3.   2.   3.
   4.   2.   0.   2.   2.   2.   0.   0.   0.   0.   0.   1.   1.   0.
   0.   0.   0.   0.   0.   0.   0.   0.   0.   0.   0.   0.   0.   0.
   1.   0.   0.   0.   0.   0.]
163200 loops cons: [460. 156.  67.  29.  18.  12.   2.  11.   2.   5.   7.   3.   2.   3.
   4.   2.   0.   2.   2.   2.   0.   0.   0.   0.   0.   1.   1.   0.
   0.   0.   0.   0.   0.   0.   0.   0.   0.   0.   0.   0.   0.   0.
   1.   0.   0.   0.   0.   0.]
168000 loops cons: [474. 161.  68.  33.  19.  13.   2.  11.   3.   5.   7.   3.   2.   3.
   4.   2.   0.   2.   2.   2.   0.   0.   0.   0.   0.   1.   1.   0.
   0.   0.   0.   0.   0.   0.   0.   0.   0.   0.   0.   0.   0.   0.
   1.   0.   0.   0.   0.   0.]
172800 loops cons: [482. 165.  70.  34.  19.  13.   2.  11.   3.   5.   7.   3.   3.   3.
   4.   2.   0.   2.   2.   2.   0.   0.   0.   0.   0.   1.   1.   0.
   0.   0.   0.   0.   0.   0.   0.   0.   0.   0.   0.   0.   0.   0.
   1.   0.   0.   0.   0.   0.]
177600 loops cons: [494. 169.  71.  35.  19.  14.   2.  11.   3.   5.   7.   3.   3.   3.
   4.   2.   0.   2.   2.   2.   0.   0.   0.   0.   0.   1.   1.   0.
   0.   0.   0.   0.   0.   0.   0.   0.   0.   0.   0.   0.   0.   0.
   1.   0.   0.   0.   0.   0.]
182400 loops cons: [506. 175.  74.  35.  19.  15.   2.  11.   3.   5.   8.   3.   3.   3.
   4.   2.   0.   2.   2.   2.   0.   0.   0.   0.   0.   1.   1.   0.
   0.   0.   0.   0.   0.   0.   0.   0.   0.   0.   0.   0.   0.   0.
   1.   0.   0.   0.   0.   0.]
187200 loops cons: [520. 177.  75.  36.  19.  16.   3.  11.   3.   5.   8.   3.   3.   3.
   4.   2.   0.   2.   2.   2.   0.   0.   0.   0.   0.   1.   1.   0.
   0.   0.   0.   0.   0.   0.   0.   0.   0.   0.   0.   0.   0.   0.
   1.   0.   0.   0.   0.   0.]
192000 loops cons: [530. 182.  79.  36.  19.  17.   4.  11.   3.   5.   8.   3.   3.   3.
   4.   2.   0.   2.   2.   2.   0.   0.   0.   0.   0.   1.   1.   0.
   0.   0.   1.   0.   0.   0.   0.   0.   0.   0.   0.   0.   0.   0.
   1.   0.   0.   0.   0.   0.]
196800 loops cons: [544. 182.  81.  36.  19.  17.   4.  11.   3.   5.   8.   4.   3.   3.
   4.   2.   0.   2.   2.   2.   0.   0.   0.   0.   0.   1.   1.   0.
   0.   0.   1.   0.   0.   0.   0.   0.   0.   0.   0.   0.   0.   0.
   1.   0.   0.   0.   0.   0.]
201600 loops cons: [555. 186.  83.  36.  19.  18.   4.  11.   3.   5.   8.   4.   3.   3.
   4.   2.   0.   2.   2.   2.   0.   0.   0.   0.   0.   1.   1.   0.
   0.   0.   1.   0.   0.   0.   0.   0.   0.   0.   0.   0.   0.   0.
   1.   0.   0.   0.   0.   0.]
206400 loops cons: [566. 189.  85.  37.  19.  18.   4.  12.   3.   5.   8.   4.   3.   3.
   5.   2.   0.   2.   2.   2.   0.   0.   0.   0.   0.   1.   1.   0.
   0.   0.   1.   0.   0.   0.   0.   0.   0.   0.   0.   0.   0.   0.
   1.   0.   0.   0.   0.   0.]
211200 loops cons: [577. 191.  85.  37.  19.  20.   5.  12.   3.   5.   8.   4.   3.   3.
   5.   2.   0.   2.   2.   2.   0.   0.   0.   0.   0.   1.   1.   0.
   0.   0.   1.   0.   0.   0.   0.   0.   0.   0.   0.   0.   0.   0.
   1.   0.   0.   0.   0.   0.]
216000 loops cons: [590. 197.  89.  38.  19.  20.   5.  12.   3.   5.   9.   5.   3.   3.
   5.   2.   0.   2.   2.   2.   0.   0.   0.   0.   0.   1.   1.   0.
   0.   0.   1.   1.   0.   0.   0.   0.   0.   0.   0.   0.   0.   0.
   1.   0.   0.   0.   0.   0.]
220800 loops cons: [597. 204.  90.  39.  19.  21.   5.  12.   3.   5.   9.   5.   3.   3.
   5.   2.   0.   2.   2.   2.   0.   0.   0.   0.   0.   1.   1.   0.
   0.   0.   1.   1.   0.   0.   0.   0.   0.   0.   0.   0.   0.   0.
   1.   0.   0.   0.   0.   0.]
225600 loops cons: [610. 207.  90.  41.  20.  21.   6.  12.   3.   5.   9.   5.   3.   3.
   6.   2.   0.   2.   2.   2.   0.   0.   0.   0.   0.   1.   1.   0.
   0.   0.   1.   1.   0.   0.   0.   0.   0.   0.   0.   0.   0.   0.
   1.   0.   0.   0.   0.   0.]
230400 loops cons: [627. 211.  94.  43.  21.  23.   6.  12.   3.   5.   9.   5.   3.   3.
   6.   2.   0.   2.   2.   2.   0.   0.   0.   0.   0.   2.   1.   0.
   0.   0.   1.   1.   0.   0.   0.   0.   0.   0.   0.   0.   0.   0.
   1.   0.   0.   0.   0.   0.]
235200 loops cons: [637. 216.  95.  43.  21.  24.   7.  12.   3.   6.   9.   5.   3.   4.
   6.   2.   0.   2.   2.   2.   0.   0.   0.   0.   0.   2.   1.   0.
   0.   0.   1.   1.   0.   0.   0.   0.   0.   0.   0.   0.   0.   0.
   1.   0.   0.   0.   0.   0.]
240000 loops cons: [652. 218.  97.  45.  22.  24.   7.  12.   3.   6.   9.   5.   3.   4.
   6.   2.   0.   2.   2.   2.   0.   0.   0.   0.   0.   2.   1.   0.
   0.   0.   1.   1.   0.   0.   0.   0.   0.   0.   0.   0.   0.   0.
   1.   0.   0.   0.   0.   0.]
244800 loops cons: [670. 220.  98.  47.  24.  24.   7.  12.   3.   6.   9.   5.   3.   4.
   6.   2.   0.   2.   2.   2.   0.   0.   0.   0.   0.   2.   1.   0.
   0.   0.   1.   1.   0.   0.   0.   0.   0.   0.   0.   0.   0.   0.
   1.   0.   0.   0.   0.   0.]
249600 loops cons: [690. 227. 100.  49.  24.  24.   7.  12.   4.   6.   9.   5.   3.   4.
   6.   2.   0.   2.   2.   2.   0.   0.   0.   0.   0.   2.   1.   0.
   0.   0.   1.   1.   0.   0.   0.   0.   0.   0.   0.   0.   0.   0.
   1.   0.   0.   0.   0.   0.]
254400 loops cons: [704. 229. 101.  49.  26.  24.   7.  13.   4.   6.   9.   5.   3.   4.
   6.   2.   0.   2.   2.   2.   1.   0.   0.   0.   0.   2.   1.   0.
   0.   0.   1.   1.   0.   0.   0.   0.   0.   0.   0.   0.   0.   0.
   1.   0.   0.   0.   0.   0.]
259200 loops cons: [711. 231. 104.  50.  26.  24.   7.  13.   4.   6.   9.   5.   3.   4.
   6.   2.   0.   2.   2.   2.   1.   0.   0.   0.   0.   2.   1.   0.
   0.   0.   1.   1.   0.   0.   0.   0.   0.   0.   0.   0.   0.   0.
   1.   0.   0.   0.   0.   0.]
264000 loops cons: [730. 234. 105.  51.  26.  25.   8.  13.   4.   6.   9.   5.   3.   4.
   6.   2.   0.   2.   2.   2.   1.   0.   0.   0.   0.   2.   1.   0.
   0.   0.   1.   1.   0.   0.   0.   0.   0.   0.   0.   0.   0.   0.
   1.   0.   0.   0.   0.   0.]
268800 loops cons: [741. 238. 108.  52.  30.  25.   8.  13.   4.   6.  10.   5.   3.   4.
   6.   2.   0.   2.   2.   2.   1.   0.   0.   0.   0.   2.   1.   0.
   0.   0.   1.   1.   0.   0.   0.   0.   0.   0.   0.   0.   0.   0.
   1.   0.   0.   0.   0.   0.]
273600 loops cons: [752. 241. 109.  53.  31.  26.   8.  13.   4.   6.  10.   5.   3.   4.
   6.   2.   0.   2.   2.   2.   1.   0.   0.   0.   0.   2.   1.   0.
   0.   0.   1.   1.   0.   0.   0.   0.   0.   0.   0.   0.   0.   0.
   1.   0.   0.   0.   0.   0.]
278400 loops cons: [772. 248. 111.  55.  33.  27.   8.  13.   4.   7.  10.   5.   3.   4.
   6.   2.   0.   2.   2.   2.   1.   0.   0.   0.   0.   2.   1.   0.
   0.   0.   1.   1.   0.   0.   0.   0.   0.   0.   0.   0.   0.   0.
   1.   0.   0.   0.   0.   0.]
283200 loops cons: [785. 254. 113.  56.  33.  28.   8.  13.   4.   7.  10.   5.   3.   4.
   6.   2.   0.   2.   2.   2.   1.   0.   0.   0.   0.   2.   1.   0.
   0.   0.   1.   1.   0.   0.   0.   0.   0.   0.   0.   0.   0.   0.
   1.   0.   0.   0.   0.   0.]
288000 loops cons: [798. 256. 113.  56.  33.  28.   8.  14.   4.   7.  10.   5.   3.   4.
   6.   2.   0.   3.   2.   2.   1.   0.   0.   0.   0.   2.   1.   0.
   0.   0.   1.   1.   0.   0.   0.   0.   0.   0.   0.   0.   0.   0.
   1.   0.   0.   0.   0.   0.]
292800 loops cons: [807. 262. 115.  57.  34.  28.   8.  14.   5.   7.  10.   5.   3.   4.
   6.   2.   0.   3.   2.   2.   1.   0.   0.   0.   0.   2.   1.   0.
   0.   0.   1.   1.   0.   0.   0.   0.   0.   0.   0.   0.   0.   0.
   1.   0.   0.   0.   0.   0.]
297600 loops cons: [817. 269. 115.  57.  35.  28.   8.  15.   6.   7.  10.   5.   3.   4.
   7.   2.   0.   3.   2.   2.   1.   0.   0.   0.   0.   2.   1.   0.
   0.   0.   1.   1.   0.   0.   0.   0.   0.   0.   0.   0.   0.   0.
   1.   0.   0.   0.   0.   0.]
302400 loops cons: [832. 271. 119.  59.  37.  29.   8.  15.   6.   7.  10.   5.   3.   4.
   7.   2.   0.   3.   2.   2.   1.   0.   0.   0.   0.   2.   1.   0.
   0.   0.   1.   1.   1.   0.   0.   0.   0.   0.   0.   0.   0.   0.
   1.   0.   0.   0.   0.   0.]
307200 loops cons: [846. 277. 120.  60.  38.  30.   8.  15.   6.   7.  10.   5.   3.   4.
   7.   2.   0.   3.   2.   2.   1.   0.   0.   0.   0.   2.   1.   0.
   1.   0.   1.   1.   1.   0.   0.   0.   0.   0.   0.   0.   0.   0.
   1.   0.   0.   0.   0.   0.]
312000 loops cons: [865. 279. 123.  60.  38.  30.   8.  15.   6.   7.  10.   5.   3.   4.
   7.   2.   0.   3.   2.   2.   1.   0.   0.   0.   0.   2.   1.   0.
   1.   0.   1.   1.   1.   0.   0.   0.   0.   0.   0.   0.   0.   0.
   1.   0.   0.   0.   0.   0.]
316800 loops cons: [873. 283. 124.  61.  39.  30.   9.  15.   6.   8.  10.   5.   3.   4.
   7.   2.   0.   3.   2.   2.   1.   0.   0.   0.   0.   2.   1.   0.
   1.   0.   1.   1.   1.   0.   0.   0.   0.   0.   0.   0.   0.   0.
   1.   0.   0.   0.   0.   0.]
321600 loops cons: [887. 284. 127.  62.  40.  30.   9.  15.   6.   8.  10.   5.   3.   4.
   7.   2.   0.   3.   2.   2.   1.   0.   0.   0.   0.   2.   1.   0.
   1.   0.   1.   1.   1.   0.   0.   0.   0.   0.   0.   0.   0.   0.
   1.   0.   0.   0.   0.   0.]
326400 loops cons: [897. 288. 130.  62.  40.  30.   9.  15.   7.   8.  10.   5.   3.   4.
   7.   2.   0.   3.   2.   2.   1.   0.   0.   0.   0.   2.   1.   0.
   1.   0.   1.   1.   1.   0.   0.   0.   0.   0.   0.   0.   0.   0.
   1.   0.   0.   0.   0.   0.]
331200 loops cons: [913. 294. 131.  65.  41.  30.   9.  16.   7.   8.  10.   5.   3.   4.
   8.   2.   0.   3.   2.   2.   1.   0.   0.   0.   0.   2.   1.   0.
   1.   0.   1.   1.   1.   0.   0.   0.   0.   0.   0.   0.   0.   0.
   1.   0.   0.   0.   0.   0.]
336000 loops cons: [920. 297. 132.  66.  41.  31.  10.  16.   8.   8.  10.   5.   3.   4.
   8.   2.   1.   3.   2.   2.   1.   0.   0.   0.   0.   2.   1.   0.
   1.   0.   1.   1.   1.   0.   0.   0.   0.   0.   0.   0.   0.   0.
   1.   0.   0.   0.   0.   0.]
340800 loops cons: [933. 301. 134.  66.  42.  31.  10.  16.   8.   8.  10.   5.   3.   4.
   8.   2.   1.   3.   2.   3.   1.   0.   0.   0.   0.   2.   1.   0.
   1.   0.   1.   1.   1.   0.   0.   0.   0.   0.   0.   0.   0.   0.
   1.   0.   0.   0.   0.   0.]
345600 loops cons: [945. 302. 134.  66.  43.  31.  10.  16.   9.   9.  10.   5.   3.   4.
   8.   2.   1.   3.   2.   3.   1.   0.   0.   0.   0.   2.   1.   0.
   1.   0.   1.   1.   1.   0.   0.   0.   0.   0.   0.   0.   0.   0.
   1.   0.   0.   0.   0.   0.]
350400 loops cons: [954. 307. 135.  66.  44.  31.  10.  16.   9.   9.  11.   5.   3.   4.
   8.   2.   1.   3.   2.   3.   1.   0.   0.   0.   0.   2.   1.   0.
   1.   0.   1.   1.   1.   0.   0.   0.   0.   0.   0.   0.   0.   0.
   1.   0.   0.   0.   0.   0.]
355200 loops cons: [970. 309. 135.  66.  44.  31.  10.  16.  10.   9.  12.   5.   3.   4.
   8.   2.   1.   3.   2.   3.   1.   0.   0.   0.   0.   2.   1.   0.
   1.   0.   1.   1.   1.   0.   0.   0.   0.   0.   0.   0.   0.   0.
   1.   0.   0.   0.   0.   0.]
360000 loops cons: [989. 315. 135.  67.  44.  31.  10.  16.  10.   9.  12.   5.   3.   4.
   8.   2.   1.   3.   2.   3.   1.   0.   0.   0.   0.   2.   1.   0.
   1.   0.   1.   1.   1.   0.   0.   0.   0.   0.   0.   0.   0.   0.
   1.   0.   0.   0.   0.   0.]
364800 loops cons: [1.007e+03 3.230e+02 1.380e+02 6.800e+01 4.500e+01 3.100e+01 1.000e+01
 1.600e+01 1.000e+01 9.000e+00 1.200e+01 5.000e+00 3.000e+00 4.000e+00
 8.000e+00 2.000e+00 1.000e+00 3.000e+00 2.000e+00 3.000e+00 1.000e+00
 0.000e+00 0.000e+00 0.000e+00 0.000e+00 2.000e+00 1.000e+00 0.000e+00
 1.000e+00 0.000e+00 1.000e+00 1.000e+00 1.000e+00 0.000e+00 0.000e+00
 0.000e+00 0.000e+00 0.000e+00 0.000e+00 0.000e+00 0.000e+00 0.000e+00
 1.000e+00 0.000e+00 0.000e+00 0.000e+00 0.000e+00 0.000e+00]
369600 loops cons: [1.022e+03 3.240e+02 1.380e+02 6.800e+01 4.500e+01 3.200e+01 1.000e+01
 1.700e+01 1.000e+01 9.000e+00 1.200e+01 7.000e+00 3.000e+00 4.000e+00
 8.000e+00 2.000e+00 1.000e+00 3.000e+00 2.000e+00 3.000e+00 1.000e+00
 0.000e+00 0.000e+00 0.000e+00 0.000e+00 2.000e+00 1.000e+00 0.000e+00
 1.000e+00 0.000e+00 1.000e+00 1.000e+00 1.000e+00 0.000e+00 0.000e+00
 0.000e+00 0.000e+00 0.000e+00 0.000e+00 0.000e+00 0.000e+00 0.000e+00
 1.000e+00 0.000e+00 0.000e+00 0.000e+00 0.000e+00 0.000e+00]
374400 loops cons: [1.029e+03 3.270e+02 1.400e+02 6.800e+01 4.500e+01 3.400e+01 1.000e+01
 2.100e+01 1.000e+01 9.000e+00 1.200e+01 7.000e+00 3.000e+00 4.000e+00
 8.000e+00 2.000e+00 1.000e+00 3.000e+00 2.000e+00 4.000e+00 1.000e+00
 0.000e+00 0.000e+00 0.000e+00 0.000e+00 2.000e+00 1.000e+00 0.000e+00
 1.000e+00 0.000e+00 1.000e+00 1.000e+00 1.000e+00 0.000e+00 0.000e+00
 0.000e+00 0.000e+00 0.000e+00 0.000e+00 0.000e+00 0.000e+00 0.000e+00
 1.000e+00 0.000e+00 0.000e+00 0.000e+00 0.000e+00 0.000e+00]
379200 loops cons: [1.048e+03 3.290e+02 1.430e+02 6.800e+01 4.500e+01 3.400e+01 1.000e+01
 2.100e+01 1.000e+01 9.000e+00 1.200e+01 7.000e+00 3.000e+00 4.000e+00
 9.000e+00 2.000e+00 1.000e+00 3.000e+00 2.000e+00 4.000e+00 1.000e+00
 0.000e+00 0.000e+00 0.000e+00 0.000e+00 2.000e+00 1.000e+00 0.000e+00
 1.000e+00 0.000e+00 1.000e+00 1.000e+00 1.000e+00 0.000e+00 0.000e+00
 0.000e+00 0.000e+00 0.000e+00 0.000e+00 0.000e+00 0.000e+00 0.000e+00
 1.000e+00 0.000e+00 0.000e+00 0.000e+00 0.000e+00 0.000e+00]
384000 loops cons: [1.058e+03 3.310e+02 1.440e+02 6.900e+01 4.600e+01 3.400e+01 1.000e+01
 2.100e+01 1.000e+01 9.000e+00 1.200e+01 7.000e+00 3.000e+00 4.000e+00
 9.000e+00 2.000e+00 1.000e+00 3.000e+00 2.000e+00 4.000e+00 1.000e+00
 0.000e+00 0.000e+00 0.000e+00 0.000e+00 2.000e+00 1.000e+00 0.000e+00
 1.000e+00 0.000e+00 1.000e+00 1.000e+00 1.000e+00 0.000e+00 0.000e+00
 0.000e+00 0.000e+00 0.000e+00 0.000e+00 0.000e+00 0.000e+00 0.000e+00
 1.000e+00 0.000e+00 0.000e+00 0.000e+00 0.000e+00 0.000e+00]
388800 loops cons: [1.07e+03 3.38e+02 1.44e+02 6.90e+01 4.60e+01 3.40e+01 1.00e+01 2.10e+01
 1.00e+01 9.00e+00 1.20e+01 7.00e+00 3.00e+00 4.00e+00 9.00e+00 3.00e+00
 1.00e+00 4.00e+00 2.00e+00 4.00e+00 1.00e+00 0.00e+00 0.00e+00 0.00e+00
 0.00e+00 2.00e+00 1.00e+00 0.00e+00 1.00e+00 0.00e+00 1.00e+00 1.00e+00
 1.00e+00 0.00e+00 0.00e+00 0.00e+00 0.00e+00 0.00e+00 0.00e+00 0.00e+00
 0.00e+00 0.00e+00 1.00e+00 0.00e+00 0.00e+00 0.00e+00 0.00e+00 0.00e+00]
393600 loops cons: [1.082e+03 3.420e+02 1.460e+02 6.900e+01 4.700e+01 3.400e+01 1.000e+01
 2.100e+01 1.000e+01 1.000e+01 1.200e+01 7.000e+00 3.000e+00 4.000e+00
 9.000e+00 3.000e+00 1.000e+00 4.000e+00 2.000e+00 4.000e+00 1.000e+00
 0.000e+00 0.000e+00 0.000e+00 0.000e+00 2.000e+00 1.000e+00 0.000e+00
 1.000e+00 0.000e+00 1.000e+00 1.000e+00 1.000e+00 0.000e+00 0.000e+00
 0.000e+00 0.000e+00 0.000e+00 0.000e+00 0.000e+00 0.000e+00 0.000e+00
 1.000e+00 0.000e+00 0.000e+00 0.000e+00 0.000e+00 0.000e+00]
398400 loops cons: [1.093e+03 3.500e+02 1.490e+02 7.200e+01 4.700e+01 3.400e+01 1.000e+01
 2.200e+01 1.000e+01 1.000e+01 1.200e+01 7.000e+00 3.000e+00 4.000e+00
 9.000e+00 3.000e+00 1.000e+00 4.000e+00 2.000e+00 4.000e+00 1.000e+00
 0.000e+00 0.000e+00 0.000e+00 0.000e+00 3.000e+00 1.000e+00 0.000e+00
 1.000e+00 0.000e+00 1.000e+00 1.000e+00 1.000e+00 0.000e+00 0.000e+00
 0.000e+00 0.000e+00 0.000e+00 0.000e+00 0.000e+00 0.000e+00 0.000e+00
 1.000e+00 0.000e+00 0.000e+00 0.000e+00 0.000e+00 0.000e+00]
403200 loops cons: [1.108e+03 3.530e+02 1.510e+02 7.500e+01 4.800e+01 3.500e+01 1.000e+01
 2.300e+01 1.000e+01 1.000e+01 1.200e+01 7.000e+00 3.000e+00 4.000e+00
 9.000e+00 3.000e+00 1.000e+00 4.000e+00 2.000e+00 5.000e+00 1.000e+00
 0.000e+00 0.000e+00 0.000e+00 0.000e+00 3.000e+00 1.000e+00 0.000e+00
 1.000e+00 0.000e+00 1.000e+00 1.000e+00 1.000e+00 0.000e+00 0.000e+00
 0.000e+00 0.000e+00 0.000e+00 0.000e+00 0.000e+00 0.000e+00 0.000e+00
 1.000e+00 0.000e+00 0.000e+00 0.000e+00 0.000e+00 0.000e+00]
408000 loops cons: [1.121e+03 3.560e+02 1.510e+02 7.800e+01 4.900e+01 3.600e+01 1.000e+01
 2.300e+01 1.000e+01 1.000e+01 1.200e+01 7.000e+00 3.000e+00 4.000e+00
 9.000e+00 3.000e+00 1.000e+00 4.000e+00 2.000e+00 5.000e+00 1.000e+00
 0.000e+00 0.000e+00 0.000e+00 0.000e+00 3.000e+00 1.000e+00 0.000e+00
 1.000e+00 0.000e+00 1.000e+00 1.000e+00 1.000e+00 0.000e+00 0.000e+00
 0.000e+00 0.000e+00 0.000e+00 0.000e+00 0.000e+00 0.000e+00 0.000e+00
 1.000e+00 0.000e+00 0.000e+00 0.000e+00 0.000e+00 0.000e+00]
412800 loops cons: [1.136e+03 3.600e+02 1.540e+02 7.900e+01 5.000e+01 3.700e+01 1.100e+01
 2.300e+01 1.000e+01 1.000e+01 1.200e+01 7.000e+00 3.000e+00 4.000e+00
 9.000e+00 4.000e+00 1.000e+00 4.000e+00 2.000e+00 5.000e+00 1.000e+00
 0.000e+00 0.000e+00 0.000e+00 0.000e+00 3.000e+00 1.000e+00 0.000e+00
 1.000e+00 0.000e+00 1.000e+00 1.000e+00 1.000e+00 0.000e+00 0.000e+00
 0.000e+00 0.000e+00 0.000e+00 0.000e+00 0.000e+00 0.000e+00 0.000e+00
 1.000e+00 0.000e+00 0.000e+00 0.000e+00 0.000e+00 0.000e+00]
417600 loops cons: [1.147e+03 3.620e+02 1.600e+02 8.000e+01 5.000e+01 3.700e+01 1.300e+01
 2.300e+01 1.000e+01 1.000e+01 1.200e+01 7.000e+00 3.000e+00 4.000e+00
 9.000e+00 4.000e+00 1.000e+00 4.000e+00 2.000e+00 5.000e+00 1.000e+00
 0.000e+00 0.000e+00 0.000e+00 0.000e+00 3.000e+00 1.000e+00 0.000e+00
 1.000e+00 0.000e+00 1.000e+00 1.000e+00 1.000e+00 0.000e+00 0.000e+00
 0.000e+00 0.000e+00 0.000e+00 0.000e+00 0.000e+00 0.000e+00 0.000e+00
 1.000e+00 0.000e+00 0.000e+00 0.000e+00 0.000e+00 0.000e+00]
422400 loops cons: [1.166e+03 3.640e+02 1.610e+02 8.000e+01 5.000e+01 3.800e+01 1.300e+01
 2.300e+01 1.000e+01 1.000e+01 1.200e+01 8.000e+00 3.000e+00 4.000e+00
 1.000e+01 4.000e+00 1.000e+00 4.000e+00 2.000e+00 5.000e+00 1.000e+00
 0.000e+00 0.000e+00 0.000e+00 0.000e+00 3.000e+00 1.000e+00 0.000e+00
 1.000e+00 0.000e+00 1.000e+00 1.000e+00 1.000e+00 0.000e+00 0.000e+00
 0.000e+00 0.000e+00 0.000e+00 0.000e+00 0.000e+00 0.000e+00 0.000e+00
 1.000e+00 0.000e+00 0.000e+00 0.000e+00 0.000e+00 0.000e+00]
427200 loops cons: [1.185e+03 3.720e+02 1.640e+02 8.000e+01 5.100e+01 3.800e+01 1.300e+01
 2.300e+01 1.000e+01 1.000e+01 1.200e+01 8.000e+00 3.000e+00 4.000e+00
 1.000e+01 4.000e+00 1.000e+00 4.000e+00 2.000e+00 5.000e+00 1.000e+00
 0.000e+00 0.000e+00 0.000e+00 0.000e+00 3.000e+00 1.000e+00 0.000e+00
 1.000e+00 0.000e+00 1.000e+00 1.000e+00 1.000e+00 0.000e+00 0.000e+00
 0.000e+00 0.000e+00 0.000e+00 0.000e+00 0.000e+00 0.000e+00 0.000e+00
 1.000e+00 0.000e+00 0.000e+00 0.000e+00 0.000e+00 0.000e+00]
432000 loops cons: [1.197e+03 3.740e+02 1.670e+02 8.000e+01 5.200e+01 3.800e+01 1.300e+01
 2.300e+01 1.000e+01 1.000e+01 1.200e+01 8.000e+00 3.000e+00 4.000e+00
 1.000e+01 4.000e+00 1.000e+00 4.000e+00 2.000e+00 5.000e+00 1.000e+00
 0.000e+00 0.000e+00 1.000e+00 0.000e+00 3.000e+00 1.000e+00 0.000e+00
 1.000e+00 0.000e+00 1.000e+00 1.000e+00 1.000e+00 0.000e+00 0.000e+00
 0.000e+00 0.000e+00 0.000e+00 0.000e+00 0.000e+00 0.000e+00 1.000e+00
 1.000e+00 0.000e+00 0.000e+00 0.000e+00 0.000e+00 0.000e+00]
436800 loops cons: [1.212e+03 3.760e+02 1.700e+02 8.300e+01 5.300e+01 3.800e+01 1.300e+01
 2.400e+01 1.000e+01 1.000e+01 1.200e+01 8.000e+00 3.000e+00 4.000e+00
 1.000e+01 4.000e+00 1.000e+00 4.000e+00 2.000e+00 5.000e+00 1.000e+00
 0.000e+00 0.000e+00 1.000e+00 0.000e+00 3.000e+00 1.000e+00 0.000e+00
 1.000e+00 0.000e+00 1.000e+00 1.000e+00 1.000e+00 0.000e+00 0.000e+00
 0.000e+00 0.000e+00 0.000e+00 0.000e+00 0.000e+00 0.000e+00 1.000e+00
 1.000e+00 0.000e+00 0.000e+00 0.000e+00 0.000e+00 0.000e+00]
441600 loops cons: [1.22e+03 3.79e+02 1.71e+02 8.40e+01 5.50e+01 3.90e+01 1.40e+01 2.40e+01
 1.10e+01 1.00e+01 1.20e+01 8.00e+00 3.00e+00 4.00e+00 1.00e+01 4.00e+00
 1.00e+00 5.00e+00 2.00e+00 5.00e+00 2.00e+00 1.00e+00 0.00e+00 1.00e+00
 0.00e+00 3.00e+00 1.00e+00 0.00e+00 1.00e+00 0.00e+00 1.00e+00 1.00e+00
 1.00e+00 0.00e+00 0.00e+00 0.00e+00 0.00e+00 0.00e+00 0.00e+00 0.00e+00
 0.00e+00 1.00e+00 1.00e+00 0.00e+00 0.00e+00 0.00e+00 0.00e+00 0.00e+00]
446400 loops cons: [1.235e+03 3.810e+02 1.710e+02 8.400e+01 5.500e+01 3.900e+01 1.400e+01
 2.400e+01 1.100e+01 1.100e+01 1.200e+01 8.000e+00 3.000e+00 4.000e+00
 1.000e+01 4.000e+00 1.000e+00 5.000e+00 2.000e+00 5.000e+00 2.000e+00
 1.000e+00 0.000e+00 1.000e+00 0.000e+00 3.000e+00 1.000e+00 0.000e+00
 1.000e+00 0.000e+00 1.000e+00 1.000e+00 1.000e+00 0.000e+00 0.000e+00
 0.000e+00 0.000e+00 0.000e+00 0.000e+00 0.000e+00 0.000e+00 1.000e+00
 1.000e+00 0.000e+00 0.000e+00 0.000e+00 0.000e+00 0.000e+00]
451200 loops cons: [1.242e+03 3.830e+02 1.740e+02 8.500e+01 5.600e+01 3.900e+01 1.400e+01
 2.400e+01 1.100e+01 1.100e+01 1.200e+01 8.000e+00 3.000e+00 4.000e+00
 1.000e+01 4.000e+00 1.000e+00 5.000e+00 2.000e+00 5.000e+00 2.000e+00
 2.000e+00 0.000e+00 1.000e+00 0.000e+00 3.000e+00 1.000e+00 0.000e+00
 1.000e+00 0.000e+00 1.000e+00 1.000e+00 1.000e+00 0.000e+00 0.000e+00
 0.000e+00 0.000e+00 0.000e+00 0.000e+00 0.000e+00 0.000e+00 1.000e+00
 1.000e+00 0.000e+00 0.000e+00 0.000e+00 0.000e+00 0.000e+00]
456000 loops cons: [1.253e+03 3.880e+02 1.740e+02 8.700e+01 5.700e+01 3.900e+01 1.500e+01
 2.400e+01 1.100e+01 1.100e+01 1.200e+01 8.000e+00 3.000e+00 4.000e+00
 1.000e+01 4.000e+00 1.000e+00 5.000e+00 2.000e+00 5.000e+00 2.000e+00
 2.000e+00 0.000e+00 1.000e+00 0.000e+00 3.000e+00 1.000e+00 0.000e+00
 1.000e+00 0.000e+00 1.000e+00 1.000e+00 1.000e+00 0.000e+00 0.000e+00
 0.000e+00 0.000e+00 0.000e+00 0.000e+00 0.000e+00 0.000e+00 1.000e+00
 1.000e+00 0.000e+00 0.000e+00 0.000e+00 0.000e+00 0.000e+00]
460800 loops cons: [1.27e+03 3.91e+02 1.76e+02 8.80e+01 5.70e+01 4.00e+01 1.50e+01 2.40e+01
 1.10e+01 1.10e+01 1.20e+01 8.00e+00 3.00e+00 4.00e+00 1.00e+01 4.00e+00
 2.00e+00 5.00e+00 2.00e+00 6.00e+00 2.00e+00 2.00e+00 0.00e+00 1.00e+00
 0.00e+00 3.00e+00 1.00e+00 0.00e+00 1.00e+00 0.00e+00 1.00e+00 1.00e+00
 1.00e+00 0.00e+00 0.00e+00 0.00e+00 0.00e+00 0.00e+00 0.00e+00 0.00e+00
 0.00e+00 1.00e+00 1.00e+00 0.00e+00 0.00e+00 0.00e+00 0.00e+00 0.00e+00]
465600 loops cons: [1.281e+03 3.940e+02 1.780e+02 9.000e+01 5.900e+01 4.000e+01 1.500e+01
 2.500e+01 1.100e+01 1.100e+01 1.200e+01 8.000e+00 3.000e+00 4.000e+00
 1.000e+01 4.000e+00 2.000e+00 5.000e+00 2.000e+00 6.000e+00 2.000e+00
 2.000e+00 0.000e+00 1.000e+00 0.000e+00 3.000e+00 1.000e+00 0.000e+00
 1.000e+00 0.000e+00 1.000e+00 1.000e+00 1.000e+00 0.000e+00 0.000e+00
 0.000e+00 0.000e+00 0.000e+00 0.000e+00 0.000e+00 0.000e+00 1.000e+00
 1.000e+00 0.000e+00 0.000e+00 0.000e+00 0.000e+00 0.000e+00]
470400 loops cons: [1.303e+03 3.980e+02 1.780e+02 9.200e+01 5.900e+01 4.100e+01 1.500e+01
 2.500e+01 1.100e+01 1.100e+01 1.200e+01 8.000e+00 3.000e+00 4.000e+00
 1.000e+01 4.000e+00 2.000e+00 5.000e+00 2.000e+00 6.000e+00 2.000e+00
 2.000e+00 0.000e+00 2.000e+00 0.000e+00 3.000e+00 1.000e+00 0.000e+00
 1.000e+00 0.000e+00 1.000e+00 1.000e+00 1.000e+00 0.000e+00 0.000e+00
 0.000e+00 0.000e+00 0.000e+00 0.000e+00 0.000e+00 0.000e+00 1.000e+00
 1.000e+00 0.000e+00 0.000e+00 0.000e+00 0.000e+00 0.000e+00]
475200 loops cons: [1.317e+03 4.010e+02 1.800e+02 9.200e+01 6.100e+01 4.100e+01 1.500e+01
 2.500e+01 1.100e+01 1.200e+01 1.200e+01 8.000e+00 3.000e+00 4.000e+00
 1.000e+01 4.000e+00 2.000e+00 5.000e+00 2.000e+00 6.000e+00 2.000e+00
 2.000e+00 0.000e+00 2.000e+00 0.000e+00 3.000e+00 1.000e+00 0.000e+00
 1.000e+00 0.000e+00 1.000e+00 1.000e+00 1.000e+00 0.000e+00 0.000e+00
 0.000e+00 0.000e+00 0.000e+00 0.000e+00 0.000e+00 0.000e+00 1.000e+00
 1.000e+00 0.000e+00 0.000e+00 0.000e+00 0.000e+00 0.000e+00]
480000 loops cons: [1.328e+03 4.090e+02 1.830e+02 9.200e+01 6.100e+01 4.100e+01 1.500e+01
 2.500e+01 1.100e+01 1.200e+01 1.200e+01 8.000e+00 3.000e+00 4.000e+00
 1.000e+01 4.000e+00 2.000e+00 5.000e+00 2.000e+00 6.000e+00 2.000e+00
 2.000e+00 1.000e+00 2.000e+00 0.000e+00 3.000e+00 1.000e+00 0.000e+00
 1.000e+00 0.000e+00 1.000e+00 1.000e+00 1.000e+00 0.000e+00 0.000e+00
 0.000e+00 0.000e+00 0.000e+00 0.000e+00 0.000e+00 0.000e+00 1.000e+00
 1.000e+00 0.000e+00 0.000e+00 0.000e+00 0.000e+00 0.000e+00]
484800 loops cons: [1.337e+03 4.160e+02 1.830e+02 9.200e+01 6.400e+01 4.100e+01 1.500e+01
 2.500e+01 1.200e+01 1.300e+01 1.200e+01 9.000e+00 3.000e+00 4.000e+00
 1.000e+01 4.000e+00 2.000e+00 5.000e+00 2.000e+00 6.000e+00 2.000e+00
 2.000e+00 1.000e+00 2.000e+00 0.000e+00 3.000e+00 1.000e+00 0.000e+00
 1.000e+00 0.000e+00 1.000e+00 1.000e+00 1.000e+00 0.000e+00 0.000e+00
 0.000e+00 0.000e+00 0.000e+00 0.000e+00 0.000e+00 0.000e+00 1.000e+00
 1.000e+00 0.000e+00 0.000e+00 0.000e+00 0.000e+00 0.000e+00]
489600 loops cons: [1.347e+03 4.190e+02 1.850e+02 9.200e+01 6.500e+01 4.100e+01 1.500e+01
 2.500e+01 1.200e+01 1.300e+01 1.200e+01 9.000e+00 3.000e+00 4.000e+00
 1.000e+01 4.000e+00 2.000e+00 5.000e+00 2.000e+00 6.000e+00 2.000e+00
 2.000e+00 1.000e+00 2.000e+00 0.000e+00 3.000e+00 1.000e+00 0.000e+00
 1.000e+00 0.000e+00 1.000e+00 1.000e+00 1.000e+00 0.000e+00 0.000e+00
 0.000e+00 0.000e+00 0.000e+00 0.000e+00 0.000e+00 0.000e+00 1.000e+00
 1.000e+00 0.000e+00 0.000e+00 0.000e+00 0.000e+00 0.000e+00]
494400 loops cons: [1.359e+03 4.240e+02 1.880e+02 9.200e+01 6.600e+01 4.200e+01 1.500e+01
 2.500e+01 1.200e+01 1.300e+01 1.200e+01 9.000e+00 3.000e+00 4.000e+00
 1.000e+01 4.000e+00 2.000e+00 5.000e+00 2.000e+00 6.000e+00 2.000e+00
 2.000e+00 1.000e+00 2.000e+00 0.000e+00 3.000e+00 1.000e+00 0.000e+00
 1.000e+00 0.000e+00 1.000e+00 1.000e+00 1.000e+00 0.000e+00 0.000e+00
 0.000e+00 0.000e+00 0.000e+00 0.000e+00 0.000e+00 0.000e+00 1.000e+00
 1.000e+00 0.000e+00 0.000e+00 0.000e+00 0.000e+00 0.000e+00]
499200 loops cons: [1.371e+03 4.300e+02 1.890e+02 9.200e+01 6.800e+01 4.200e+01 1.500e+01
 2.500e+01 1.200e+01 1.300e+01 1.200e+01 9.000e+00 3.000e+00 4.000e+00
 1.000e+01 4.000e+00 2.000e+00 6.000e+00 2.000e+00 6.000e+00 2.000e+00
 2.000e+00 1.000e+00 2.000e+00 0.000e+00 3.000e+00 1.000e+00 0.000e+00
 1.000e+00 0.000e+00 2.000e+00 1.000e+00 1.000e+00 0.000e+00 0.000e+00
 0.000e+00 0.000e+00 0.000e+00 0.000e+00 0.000e+00 0.000e+00 1.000e+00
 1.000e+00 0.000e+00 0.000e+00 0.000e+00 0.000e+00 0.000e+00]
504000 loops cons: [1.387e+03 4.350e+02 1.890e+02 9.400e+01 6.900e+01 4.200e+01 1.600e+01
 2.500e+01 1.200e+01 1.300e+01 1.200e+01 9.000e+00 3.000e+00 4.000e+00
 1.000e+01 4.000e+00 2.000e+00 6.000e+00 2.000e+00 7.000e+00 2.000e+00
 2.000e+00 1.000e+00 2.000e+00 0.000e+00 3.000e+00 1.000e+00 0.000e+00
 1.000e+00 0.000e+00 2.000e+00 1.000e+00 1.000e+00 0.000e+00 0.000e+00
 0.000e+00 0.000e+00 0.000e+00 0.000e+00 0.000e+00 0.000e+00 1.000e+00
 1.000e+00 0.000e+00 0.000e+00 0.000e+00 0.000e+00 0.000e+00]
508800 loops cons: [1.399e+03 4.410e+02 1.910e+02 9.400e+01 6.900e+01 4.200e+01 1.600e+01
 2.500e+01 1.200e+01 1.300e+01 1.200e+01 9.000e+00 3.000e+00 4.000e+00
 1.000e+01 4.000e+00 2.000e+00 6.000e+00 2.000e+00 7.000e+00 2.000e+00
 2.000e+00 1.000e+00 2.000e+00 0.000e+00 3.000e+00 1.000e+00 0.000e+00
 1.000e+00 0.000e+00 2.000e+00 1.000e+00 1.000e+00 0.000e+00 0.000e+00
 0.000e+00 0.000e+00 0.000e+00 0.000e+00 0.000e+00 0.000e+00 1.000e+00
 1.000e+00 0.000e+00 0.000e+00 0.000e+00 0.000e+00 0.000e+00]
513600 loops cons: [1.411e+03 4.420e+02 1.920e+02 9.700e+01 6.900e+01 4.200e+01 1.600e+01
 2.500e+01 1.200e+01 1.300e+01 1.200e+01 9.000e+00 3.000e+00 4.000e+00
 1.000e+01 4.000e+00 2.000e+00 6.000e+00 2.000e+00 7.000e+00 2.000e+00
 2.000e+00 1.000e+00 2.000e+00 0.000e+00 3.000e+00 1.000e+00 0.000e+00
 1.000e+00 0.000e+00 2.000e+00 1.000e+00 1.000e+00 0.000e+00 0.000e+00
 0.000e+00 0.000e+00 0.000e+00 0.000e+00 0.000e+00 0.000e+00 1.000e+00
 1.000e+00 0.000e+00 0.000e+00 0.000e+00 0.000e+00 0.000e+00]
518400 loops cons: [1.427e+03 4.460e+02 1.940e+02 9.800e+01 6.900e+01 4.200e+01 1.700e+01
 2.500e+01 1.200e+01 1.300e+01 1.200e+01 9.000e+00 3.000e+00 4.000e+00
 1.000e+01 4.000e+00 2.000e+00 6.000e+00 2.000e+00 7.000e+00 2.000e+00
 2.000e+00 1.000e+00 2.000e+00 0.000e+00 3.000e+00 1.000e+00 0.000e+00
 1.000e+00 0.000e+00 2.000e+00 1.000e+00 1.000e+00 0.000e+00 0.000e+00
 0.000e+00 0.000e+00 0.000e+00 0.000e+00 0.000e+00 0.000e+00 1.000e+00
 1.000e+00 0.000e+00 0.000e+00 0.000e+00 0.000e+00 0.000e+00]
523200 loops cons: [1.442e+03 4.500e+02 1.970e+02 9.800e+01 6.900e+01 4.200e+01 1.700e+01
 2.600e+01 1.200e+01 1.300e+01 1.200e+01 9.000e+00 3.000e+00 4.000e+00
 1.000e+01 4.000e+00 2.000e+00 6.000e+00 2.000e+00 7.000e+00 2.000e+00
 2.000e+00 1.000e+00 2.000e+00 0.000e+00 3.000e+00 1.000e+00 0.000e+00
 1.000e+00 0.000e+00 2.000e+00 1.000e+00 1.000e+00 0.000e+00 0.000e+00
 0.000e+00 0.000e+00 0.000e+00 0.000e+00 0.000e+00 0.000e+00 1.000e+00
 1.000e+00 0.000e+00 0.000e+00 0.000e+00 0.000e+00 0.000e+00]
528000 loops cons: [1.452e+03 4.540e+02 2.020e+02 9.900e+01 6.900e+01 4.300e+01 1.800e+01
 2.600e+01 1.300e+01 1.300e+01 1.200e+01 9.000e+00 3.000e+00 5.000e+00
 1.000e+01 4.000e+00 2.000e+00 6.000e+00 2.000e+00 7.000e+00 2.000e+00
 2.000e+00 1.000e+00 2.000e+00 0.000e+00 3.000e+00 1.000e+00 0.000e+00
 1.000e+00 0.000e+00 2.000e+00 1.000e+00 1.000e+00 0.000e+00 0.000e+00
 0.000e+00 0.000e+00 0.000e+00 0.000e+00 0.000e+00 0.000e+00 1.000e+00
 1.000e+00 0.000e+00 0.000e+00 0.000e+00 0.000e+00 0.000e+00]
532800 loops cons: [1.463e+03 4.570e+02 2.040e+02 1.000e+02 7.000e+01 4.300e+01 1.800e+01
 2.600e+01 1.300e+01 1.300e+01 1.200e+01 9.000e+00 3.000e+00 5.000e+00
 1.000e+01 4.000e+00 2.000e+00 6.000e+00 2.000e+00 7.000e+00 2.000e+00
 2.000e+00 1.000e+00 2.000e+00 0.000e+00 3.000e+00 1.000e+00 0.000e+00
 1.000e+00 0.000e+00 2.000e+00 1.000e+00 1.000e+00 0.000e+00 0.000e+00
 0.000e+00 0.000e+00 0.000e+00 0.000e+00 0.000e+00 0.000e+00 1.000e+00
 1.000e+00 0.000e+00 0.000e+00 0.000e+00 0.000e+00 0.000e+00]
537600 loops cons: [1.48e+03 4.59e+02 2.05e+02 1.00e+02 7.00e+01 4.30e+01 2.00e+01 2.60e+01
 1.30e+01 1.30e+01 1.20e+01 9.00e+00 3.00e+00 5.00e+00 1.00e+01 4.00e+00
 2.00e+00 6.00e+00 2.00e+00 7.00e+00 2.00e+00 2.00e+00 1.00e+00 2.00e+00
 0.00e+00 3.00e+00 1.00e+00 0.00e+00 1.00e+00 0.00e+00 2.00e+00 1.00e+00
 1.00e+00 0.00e+00 0.00e+00 0.00e+00 0.00e+00 0.00e+00 0.00e+00 0.00e+00
 0.00e+00 1.00e+00 1.00e+00 0.00e+00 0.00e+00 0.00e+00 0.00e+00 0.00e+00]
542400 loops cons: [1.491e+03 4.630e+02 2.070e+02 1.010e+02 7.100e+01 4.400e+01 2.100e+01
 2.600e+01 1.400e+01 1.300e+01 1.200e+01 9.000e+00 3.000e+00 5.000e+00
 1.000e+01 4.000e+00 2.000e+00 6.000e+00 2.000e+00 7.000e+00 2.000e+00
 2.000e+00 1.000e+00 2.000e+00 0.000e+00 3.000e+00 1.000e+00 0.000e+00
 1.000e+00 0.000e+00 2.000e+00 1.000e+00 1.000e+00 0.000e+00 0.000e+00
 0.000e+00 0.000e+00 0.000e+00 0.000e+00 0.000e+00 0.000e+00 1.000e+00
 1.000e+00 0.000e+00 0.000e+00 0.000e+00 0.000e+00 0.000e+00]
547200 loops cons: [1.504e+03 4.700e+02 2.070e+02 1.030e+02 7.100e+01 4.400e+01 2.200e+01
 2.700e+01 1.500e+01 1.300e+01 1.200e+01 9.000e+00 4.000e+00 5.000e+00
 1.000e+01 4.000e+00 2.000e+00 6.000e+00 2.000e+00 7.000e+00 2.000e+00
 2.000e+00 1.000e+00 2.000e+00 0.000e+00 3.000e+00 1.000e+00 0.000e+00
 1.000e+00 0.000e+00 2.000e+00 1.000e+00 1.000e+00 0.000e+00 0.000e+00
 0.000e+00 0.000e+00 0.000e+00 0.000e+00 0.000e+00 0.000e+00 1.000e+00
 1.000e+00 0.000e+00 0.000e+00 0.000e+00 0.000e+00 0.000e+00]
552000 loops cons: [1.519e+03 4.720e+02 2.090e+02 1.030e+02 7.200e+01 4.400e+01 2.200e+01
 2.700e+01 1.500e+01 1.400e+01 1.200e+01 9.000e+00 4.000e+00 5.000e+00
 1.000e+01 4.000e+00 2.000e+00 6.000e+00 2.000e+00 7.000e+00 2.000e+00
 2.000e+00 1.000e+00 2.000e+00 0.000e+00 3.000e+00 1.000e+00 0.000e+00
 1.000e+00 0.000e+00 2.000e+00 1.000e+00 1.000e+00 0.000e+00 0.000e+00
 0.000e+00 0.000e+00 0.000e+00 0.000e+00 0.000e+00 0.000e+00 1.000e+00
 1.000e+00 0.000e+00 0.000e+00 0.000e+00 0.000e+00 0.000e+00]
556800 loops cons: [1.538e+03 4.750e+02 2.100e+02 1.050e+02 7.200e+01 4.400e+01 2.200e+01
 2.800e+01 1.500e+01 1.400e+01 1.200e+01 1.000e+01 4.000e+00 5.000e+00
 1.000e+01 4.000e+00 2.000e+00 6.000e+00 2.000e+00 7.000e+00 2.000e+00
 2.000e+00 1.000e+00 2.000e+00 0.000e+00 3.000e+00 1.000e+00 0.000e+00
 1.000e+00 0.000e+00 2.000e+00 1.000e+00 1.000e+00 0.000e+00 0.000e+00
 0.000e+00 0.000e+00 0.000e+00 0.000e+00 0.000e+00 0.000e+00 1.000e+00
 1.000e+00 0.000e+00 0.000e+00 0.000e+00 0.000e+00 0.000e+00]
561600 loops cons: [1.552e+03 4.800e+02 2.120e+02 1.060e+02 7.200e+01 4.400e+01 2.300e+01
 2.800e+01 1.500e+01 1.400e+01 1.200e+01 1.000e+01 4.000e+00 5.000e+00
 1.000e+01 4.000e+00 2.000e+00 6.000e+00 2.000e+00 7.000e+00 2.000e+00
 2.000e+00 1.000e+00 2.000e+00 0.000e+00 3.000e+00 1.000e+00 0.000e+00
 1.000e+00 0.000e+00 2.000e+00 1.000e+00 1.000e+00 0.000e+00 0.000e+00
 0.000e+00 0.000e+00 0.000e+00 0.000e+00 0.000e+00 0.000e+00 1.000e+00
 1.000e+00 0.000e+00 0.000e+00 0.000e+00 0.000e+00 0.000e+00]
566400 loops cons: [1.56e+03 4.84e+02 2.13e+02 1.06e+02 7.40e+01 4.70e+01 2.30e+01 2.80e+01
 1.50e+01 1.40e+01 1.20e+01 1.00e+01 4.00e+00 5.00e+00 1.00e+01 4.00e+00
 2.00e+00 6.00e+00 3.00e+00 7.00e+00 2.00e+00 2.00e+00 1.00e+00 2.00e+00
 0.00e+00 4.00e+00 1.00e+00 0.00e+00 1.00e+00 0.00e+00 2.00e+00 1.00e+00
 1.00e+00 0.00e+00 0.00e+00 0.00e+00 0.00e+00 0.00e+00 0.00e+00 0.00e+00
 0.00e+00 1.00e+00 1.00e+00 0.00e+00 0.00e+00 0.00e+00 0.00e+00 0.00e+00]
571200 loops cons: [1.574e+03 4.900e+02 2.160e+02 1.070e+02 7.600e+01 4.700e+01 2.300e+01
 2.800e+01 1.500e+01 1.400e+01 1.200e+01 1.000e+01 4.000e+00 5.000e+00
 1.000e+01 4.000e+00 2.000e+00 6.000e+00 3.000e+00 7.000e+00 2.000e+00
 2.000e+00 1.000e+00 2.000e+00 0.000e+00 4.000e+00 1.000e+00 1.000e+00
 1.000e+00 0.000e+00 2.000e+00 1.000e+00 1.000e+00 0.000e+00 0.000e+00
 0.000e+00 0.000e+00 0.000e+00 0.000e+00 0.000e+00 0.000e+00 1.000e+00
 1.000e+00 0.000e+00 0.000e+00 0.000e+00 0.000e+00 0.000e+00]
576000 loops cons: [1.583e+03 4.940e+02 2.200e+02 1.080e+02 7.600e+01 4.700e+01 2.300e+01
 2.900e+01 1.500e+01 1.400e+01 1.200e+01 1.000e+01 4.000e+00 5.000e+00
 1.000e+01 4.000e+00 2.000e+00 6.000e+00 3.000e+00 7.000e+00 2.000e+00
 2.000e+00 1.000e+00 2.000e+00 0.000e+00 4.000e+00 1.000e+00 1.000e+00
 1.000e+00 0.000e+00 2.000e+00 1.000e+00 1.000e+00 0.000e+00 0.000e+00
 0.000e+00 0.000e+00 0.000e+00 0.000e+00 0.000e+00 0.000e+00 1.000e+00
 1.000e+00 0.000e+00 0.000e+00 0.000e+00 0.000e+00 0.000e+00]
580800 loops cons: [1.601e+03 5.000e+02 2.210e+02 1.090e+02 7.600e+01 4.700e+01 2.400e+01
 2.900e+01 1.500e+01 1.400e+01 1.200e+01 1.000e+01 4.000e+00 5.000e+00
 1.000e+01 4.000e+00 2.000e+00 6.000e+00 3.000e+00 7.000e+00 2.000e+00
 2.000e+00 1.000e+00 2.000e+00 0.000e+00 4.000e+00 1.000e+00 1.000e+00
 1.000e+00 0.000e+00 2.000e+00 1.000e+00 1.000e+00 0.000e+00 0.000e+00
 0.000e+00 0.000e+00 0.000e+00 0.000e+00 0.000e+00 0.000e+00 1.000e+00
 1.000e+00 0.000e+00 0.000e+00 0.000e+00 0.000e+00 0.000e+00]
585600 loops cons: [1.615e+03 5.030e+02 2.230e+02 1.100e+02 7.700e+01 4.700e+01 2.400e+01
 2.900e+01 1.500e+01 1.400e+01 1.200e+01 1.000e+01 4.000e+00 5.000e+00
 1.000e+01 4.000e+00 2.000e+00 6.000e+00 3.000e+00 7.000e+00 2.000e+00
 2.000e+00 1.000e+00 2.000e+00 0.000e+00 4.000e+00 1.000e+00 1.000e+00
 1.000e+00 0.000e+00 2.000e+00 1.000e+00 1.000e+00 0.000e+00 0.000e+00
 0.000e+00 0.000e+00 0.000e+00 0.000e+00 0.000e+00 0.000e+00 1.000e+00
 1.000e+00 0.000e+00 0.000e+00 0.000e+00 0.000e+00 0.000e+00]
590400 loops cons: [1.626e+03 5.050e+02 2.270e+02 1.100e+02 7.800e+01 4.700e+01 2.500e+01
 2.900e+01 1.500e+01 1.400e+01 1.200e+01 1.000e+01 4.000e+00 5.000e+00
 1.000e+01 4.000e+00 2.000e+00 6.000e+00 3.000e+00 7.000e+00 2.000e+00
 2.000e+00 1.000e+00 2.000e+00 0.000e+00 4.000e+00 1.000e+00 1.000e+00
 1.000e+00 0.000e+00 2.000e+00 1.000e+00 1.000e+00 0.000e+00 0.000e+00
 0.000e+00 0.000e+00 0.000e+00 0.000e+00 0.000e+00 0.000e+00 1.000e+00
 1.000e+00 0.000e+00 0.000e+00 0.000e+00 0.000e+00 0.000e+00]
595200 loops cons: [1.637e+03 5.090e+02 2.280e+02 1.100e+02 7.900e+01 4.700e+01 2.500e+01
 3.000e+01 1.500e+01 1.500e+01 1.200e+01 1.000e+01 4.000e+00 5.000e+00
 1.000e+01 4.000e+00 2.000e+00 6.000e+00 3.000e+00 7.000e+00 2.000e+00
 2.000e+00 1.000e+00 2.000e+00 0.000e+00 4.000e+00 1.000e+00 1.000e+00
 1.000e+00 0.000e+00 2.000e+00 1.000e+00 1.000e+00 0.000e+00 0.000e+00
 0.000e+00 0.000e+00 0.000e+00 0.000e+00 0.000e+00 0.000e+00 1.000e+00
 1.000e+00 0.000e+00 0.000e+00 0.000e+00 0.000e+00 0.000e+00]
600000 loops cons: [1.648e+03 5.130e+02 2.310e+02 1.100e+02 8.100e+01 4.900e+01 2.500e+01
 3.000e+01 1.500e+01 1.500e+01 1.200e+01 1.000e+01 4.000e+00 5.000e+00
 1.100e+01 4.000e+00 2.000e+00 6.000e+00 3.000e+00 7.000e+00 2.000e+00
 2.000e+00 1.000e+00 2.000e+00 0.000e+00 4.000e+00 1.000e+00 1.000e+00
 1.000e+00 0.000e+00 2.000e+00 1.000e+00 1.000e+00 0.000e+00 0.000e+00
 0.000e+00 0.000e+00 0.000e+00 0.000e+00 0.000e+00 0.000e+00 1.000e+00
 1.000e+00 0.000e+00 0.000e+00 0.000e+00 0.000e+00 0.000e+00]
604800 loops cons: [1.659e+03 5.200e+02 2.350e+02 1.120e+02 8.200e+01 4.900e+01 2.500e+01
 3.000e+01 1.500e+01 1.500e+01 1.200e+01 1.000e+01 4.000e+00 5.000e+00
 1.100e+01 4.000e+00 2.000e+00 6.000e+00 3.000e+00 7.000e+00 2.000e+00
 2.000e+00 1.000e+00 2.000e+00 0.000e+00 4.000e+00 1.000e+00 1.000e+00
 1.000e+00 0.000e+00 2.000e+00 1.000e+00 1.000e+00 0.000e+00 0.000e+00
 0.000e+00 0.000e+00 0.000e+00 0.000e+00 0.000e+00 0.000e+00 1.000e+00
 1.000e+00 0.000e+00 0.000e+00 0.000e+00 0.000e+00 0.000e+00]
609600 loops cons: [1.675e+03 5.230e+02 2.370e+02 1.130e+02 8.300e+01 4.900e+01 2.500e+01
 3.000e+01 1.600e+01 1.500e+01 1.200e+01 1.000e+01 4.000e+00 5.000e+00
 1.100e+01 4.000e+00 2.000e+00 6.000e+00 3.000e+00 7.000e+00 2.000e+00
 2.000e+00 1.000e+00 2.000e+00 0.000e+00 4.000e+00 1.000e+00 1.000e+00
 1.000e+00 0.000e+00 2.000e+00 1.000e+00 1.000e+00 0.000e+00 0.000e+00
 0.000e+00 0.000e+00 0.000e+00 0.000e+00 0.000e+00 0.000e+00 1.000e+00
 1.000e+00 0.000e+00 0.000e+00 0.000e+00 0.000e+00 0.000e+00]
614400 loops cons: [1.692e+03 5.290e+02 2.380e+02 1.140e+02 8.300e+01 4.900e+01 2.600e+01
 3.000e+01 1.600e+01 1.500e+01 1.200e+01 1.000e+01 4.000e+00 5.000e+00
 1.100e+01 4.000e+00 2.000e+00 6.000e+00 3.000e+00 7.000e+00 2.000e+00
 2.000e+00 1.000e+00 2.000e+00 0.000e+00 4.000e+00 1.000e+00 2.000e+00
 1.000e+00 0.000e+00 2.000e+00 1.000e+00 1.000e+00 0.000e+00 0.000e+00
 1.000e+00 0.000e+00 0.000e+00 0.000e+00 0.000e+00 0.000e+00 1.000e+00
 1.000e+00 0.000e+00 0.000e+00 0.000e+00 0.000e+00 0.000e+00]
619200 loops cons: [1.703e+03 5.360e+02 2.400e+02 1.150e+02 8.400e+01 4.900e+01 2.600e+01
 3.100e+01 1.600e+01 1.500e+01 1.200e+01 1.000e+01 4.000e+00 5.000e+00
 1.100e+01 4.000e+00 2.000e+00 6.000e+00 3.000e+00 7.000e+00 2.000e+00
 2.000e+00 1.000e+00 2.000e+00 0.000e+00 4.000e+00 1.000e+00 2.000e+00
 1.000e+00 0.000e+00 2.000e+00 1.000e+00 1.000e+00 0.000e+00 0.000e+00
 1.000e+00 0.000e+00 0.000e+00 0.000e+00 0.000e+00 0.000e+00 1.000e+00
 1.000e+00 0.000e+00 0.000e+00 0.000e+00 0.000e+00 0.000e+00]
624000 loops cons: [1.712e+03 5.400e+02 2.400e+02 1.150e+02 8.600e+01 5.100e+01 2.700e+01
 3.100e+01 1.600e+01 1.500e+01 1.200e+01 1.100e+01 4.000e+00 5.000e+00
 1.100e+01 4.000e+00 2.000e+00 6.000e+00 3.000e+00 7.000e+00 2.000e+00
 2.000e+00 1.000e+00 2.000e+00 0.000e+00 4.000e+00 1.000e+00 2.000e+00
 1.000e+00 0.000e+00 2.000e+00 1.000e+00 1.000e+00 0.000e+00 0.000e+00
 1.000e+00 0.000e+00 0.000e+00 0.000e+00 0.000e+00 0.000e+00 1.000e+00
 1.000e+00 0.000e+00 0.000e+00 0.000e+00 0.000e+00 0.000e+00]
628800 loops cons: [1.726e+03 5.430e+02 2.400e+02 1.160e+02 8.700e+01 5.100e+01 2.800e+01
 3.100e+01 1.600e+01 1.500e+01 1.200e+01 1.100e+01 4.000e+00 5.000e+00
 1.100e+01 4.000e+00 2.000e+00 6.000e+00 3.000e+00 7.000e+00 2.000e+00
 2.000e+00 1.000e+00 2.000e+00 0.000e+00 4.000e+00 1.000e+00 2.000e+00
 1.000e+00 0.000e+00 2.000e+00 1.000e+00 1.000e+00 0.000e+00 0.000e+00
 1.000e+00 0.000e+00 0.000e+00 0.000e+00 0.000e+00 0.000e+00 1.000e+00
 1.000e+00 0.000e+00 0.000e+00 0.000e+00 0.000e+00 0.000e+00]
633600 loops cons: [1.741e+03 5.480e+02 2.460e+02 1.170e+02 8.700e+01 5.200e+01 2.800e+01
 3.200e+01 1.600e+01 1.500e+01 1.200e+01 1.100e+01 4.000e+00 5.000e+00
 1.100e+01 4.000e+00 2.000e+00 6.000e+00 3.000e+00 7.000e+00 2.000e+00
 2.000e+00 1.000e+00 2.000e+00 0.000e+00 4.000e+00 1.000e+00 2.000e+00
 1.000e+00 0.000e+00 2.000e+00 1.000e+00 1.000e+00 0.000e+00 0.000e+00
 1.000e+00 0.000e+00 0.000e+00 0.000e+00 0.000e+00 0.000e+00 1.000e+00
 1.000e+00 0.000e+00 0.000e+00 0.000e+00 0.000e+00 0.000e+00]
638400 loops cons: [1.749e+03 5.520e+02 2.460e+02 1.180e+02 8.800e+01 5.200e+01 2.800e+01
 3.200e+01 1.600e+01 1.500e+01 1.200e+01 1.100e+01 4.000e+00 5.000e+00
 1.100e+01 4.000e+00 2.000e+00 6.000e+00 3.000e+00 7.000e+00 2.000e+00
 2.000e+00 1.000e+00 2.000e+00 0.000e+00 4.000e+00 1.000e+00 2.000e+00
 1.000e+00 0.000e+00 2.000e+00 1.000e+00 1.000e+00 0.000e+00 0.000e+00
 1.000e+00 0.000e+00 0.000e+00 0.000e+00 0.000e+00 0.000e+00 1.000e+00
 1.000e+00 0.000e+00 0.000e+00 0.000e+00 0.000e+00 0.000e+00]
643200 loops cons: [1.759e+03 5.580e+02 2.470e+02 1.190e+02 8.900e+01 5.200e+01 2.800e+01
 3.300e+01 1.600e+01 1.500e+01 1.200e+01 1.100e+01 4.000e+00 5.000e+00
 1.100e+01 4.000e+00 2.000e+00 6.000e+00 3.000e+00 7.000e+00 2.000e+00
 2.000e+00 1.000e+00 2.000e+00 0.000e+00 4.000e+00 1.000e+00 2.000e+00
 1.000e+00 0.000e+00 2.000e+00 1.000e+00 1.000e+00 0.000e+00 0.000e+00
 1.000e+00 0.000e+00 0.000e+00 0.000e+00 0.000e+00 0.000e+00 1.000e+00
 1.000e+00 0.000e+00 0.000e+00 0.000e+00 0.000e+00 0.000e+00]
648000 loops cons: [1.777e+03 5.610e+02 2.500e+02 1.200e+02 8.900e+01 5.200e+01 2.800e+01
 3.300e+01 1.600e+01 1.500e+01 1.200e+01 1.100e+01 4.000e+00 5.000e+00
 1.100e+01 4.000e+00 2.000e+00 6.000e+00 4.000e+00 8.000e+00 2.000e+00
 2.000e+00 1.000e+00 2.000e+00 0.000e+00 4.000e+00 1.000e+00 2.000e+00
 1.000e+00 0.000e+00 2.000e+00 1.000e+00 1.000e+00 0.000e+00 0.000e+00
 1.000e+00 0.000e+00 0.000e+00 0.000e+00 0.000e+00 0.000e+00 1.000e+00
 1.000e+00 0.000e+00 0.000e+00 0.000e+00 0.000e+00 0.000e+00]
652800 loops cons: [1.793e+03 5.650e+02 2.500e+02 1.210e+02 9.100e+01 5.300e+01 2.900e+01
 3.300e+01 1.600e+01 1.500e+01 1.200e+01 1.100e+01 4.000e+00 5.000e+00
 1.100e+01 4.000e+00 2.000e+00 6.000e+00 4.000e+00 8.000e+00 2.000e+00
 2.000e+00 1.000e+00 2.000e+00 0.000e+00 4.000e+00 1.000e+00 2.000e+00
 1.000e+00 0.000e+00 2.000e+00 1.000e+00 1.000e+00 0.000e+00 0.000e+00
 1.000e+00 0.000e+00 0.000e+00 0.000e+00 0.000e+00 0.000e+00 1.000e+00
 1.000e+00 0.000e+00 0.000e+00 0.000e+00 0.000e+00 0.000e+00]
657600 loops cons: [1.808e+03 5.680e+02 2.500e+02 1.210e+02 9.100e+01 5.300e+01 2.900e+01
 3.300e+01 1.600e+01 1.500e+01 1.200e+01 1.100e+01 4.000e+00 5.000e+00
 1.100e+01 4.000e+00 2.000e+00 6.000e+00 4.000e+00 8.000e+00 2.000e+00
 2.000e+00 1.000e+00 2.000e+00 0.000e+00 4.000e+00 1.000e+00 2.000e+00
 1.000e+00 0.000e+00 2.000e+00 1.000e+00 1.000e+00 0.000e+00 0.000e+00
 1.000e+00 0.000e+00 0.000e+00 0.000e+00 0.000e+00 0.000e+00 1.000e+00
 1.000e+00 0.000e+00 0.000e+00 0.000e+00 0.000e+00 0.000e+00]
662400 loops cons: [1.827e+03 5.710e+02 2.540e+02 1.210e+02 9.100e+01 5.300e+01 2.900e+01
 3.400e+01 1.600e+01 1.500e+01 1.200e+01 1.100e+01 5.000e+00 5.000e+00
 1.100e+01 4.000e+00 2.000e+00 6.000e+00 4.000e+00 8.000e+00 2.000e+00
 2.000e+00 1.000e+00 2.000e+00 0.000e+00 4.000e+00 1.000e+00 2.000e+00
 1.000e+00 0.000e+00 2.000e+00 1.000e+00 1.000e+00 0.000e+00 0.000e+00
 1.000e+00 0.000e+00 0.000e+00 0.000e+00 0.000e+00 0.000e+00 1.000e+00
 1.000e+00 0.000e+00 0.000e+00 0.000e+00 0.000e+00 0.000e+00]
667200 loops cons: [1.841e+03 5.750e+02 2.560e+02 1.220e+02 9.100e+01 5.300e+01 2.900e+01
 3.400e+01 1.600e+01 1.500e+01 1.300e+01 1.200e+01 5.000e+00 5.000e+00
 1.100e+01 4.000e+00 2.000e+00 6.000e+00 4.000e+00 8.000e+00 2.000e+00
 2.000e+00 1.000e+00 2.000e+00 0.000e+00 4.000e+00 1.000e+00 2.000e+00
 1.000e+00 0.000e+00 2.000e+00 1.000e+00 1.000e+00 0.000e+00 0.000e+00
 1.000e+00 0.000e+00 0.000e+00 0.000e+00 0.000e+00 0.000e+00 1.000e+00
 1.000e+00 0.000e+00 0.000e+00 0.000e+00 0.000e+00 0.000e+00]
672000 loops cons: [1.861e+03 5.790e+02 2.580e+02 1.220e+02 9.100e+01 5.400e+01 2.900e+01
 3.400e+01 1.600e+01 1.500e+01 1.300e+01 1.200e+01 5.000e+00 5.000e+00
 1.100e+01 4.000e+00 2.000e+00 6.000e+00 4.000e+00 8.000e+00 2.000e+00
 2.000e+00 1.000e+00 2.000e+00 0.000e+00 4.000e+00 1.000e+00 2.000e+00
 1.000e+00 0.000e+00 2.000e+00 1.000e+00 1.000e+00 0.000e+00 0.000e+00
 1.000e+00 0.000e+00 0.000e+00 0.000e+00 0.000e+00 0.000e+00 1.000e+00
 1.000e+00 0.000e+00 0.000e+00 0.000e+00 0.000e+00 0.000e+00]
676800 loops cons: [1.873e+03 5.840e+02 2.610e+02 1.230e+02 9.100e+01 5.500e+01 2.900e+01
 3.400e+01 1.600e+01 1.500e+01 1.300e+01 1.200e+01 5.000e+00 5.000e+00
 1.100e+01 4.000e+00 2.000e+00 6.000e+00 4.000e+00 8.000e+00 2.000e+00
 2.000e+00 1.000e+00 2.000e+00 0.000e+00 4.000e+00 1.000e+00 2.000e+00
 1.000e+00 0.000e+00 2.000e+00 1.000e+00 1.000e+00 0.000e+00 0.000e+00
 1.000e+00 0.000e+00 0.000e+00 0.000e+00 0.000e+00 0.000e+00 1.000e+00
 1.000e+00 0.000e+00 0.000e+00 0.000e+00 0.000e+00 0.000e+00]
681600 loops cons: [1.884e+03 5.890e+02 2.640e+02 1.230e+02 9.100e+01 5.500e+01 2.900e+01
 3.500e+01 1.700e+01 1.500e+01 1.300e+01 1.200e+01 5.000e+00 5.000e+00
 1.100e+01 4.000e+00 2.000e+00 6.000e+00 4.000e+00 8.000e+00 2.000e+00
 2.000e+00 1.000e+00 2.000e+00 0.000e+00 4.000e+00 1.000e+00 2.000e+00
 1.000e+00 0.000e+00 2.000e+00 1.000e+00 1.000e+00 0.000e+00 0.000e+00
 1.000e+00 0.000e+00 0.000e+00 0.000e+00 0.000e+00 0.000e+00 1.000e+00
 1.000e+00 0.000e+00 0.000e+00 0.000e+00 0.000e+00 0.000e+00]
686400 loops cons: [1.896e+03 5.950e+02 2.640e+02 1.250e+02 9.100e+01 5.500e+01 3.000e+01
 3.600e+01 1.700e+01 1.500e+01 1.300e+01 1.200e+01 5.000e+00 6.000e+00
 1.100e+01 4.000e+00 2.000e+00 6.000e+00 4.000e+00 8.000e+00 2.000e+00
 2.000e+00 1.000e+00 2.000e+00 0.000e+00 4.000e+00 1.000e+00 2.000e+00
 1.000e+00 0.000e+00 2.000e+00 1.000e+00 1.000e+00 0.000e+00 0.000e+00
 1.000e+00 0.000e+00 0.000e+00 0.000e+00 0.000e+00 0.000e+00 1.000e+00
 1.000e+00 0.000e+00 0.000e+00 0.000e+00 0.000e+00 0.000e+00]
691200 loops cons: [1.911e+03 5.970e+02 2.670e+02 1.260e+02 9.100e+01 5.500e+01 3.000e+01
 3.600e+01 1.800e+01 1.600e+01 1.300e+01 1.200e+01 5.000e+00 6.000e+00
 1.100e+01 4.000e+00 2.000e+00 6.000e+00 4.000e+00 8.000e+00 2.000e+00
 2.000e+00 1.000e+00 2.000e+00 0.000e+00 4.000e+00 1.000e+00 2.000e+00
 1.000e+00 0.000e+00 2.000e+00 1.000e+00 1.000e+00 0.000e+00 0.000e+00
 1.000e+00 0.000e+00 0.000e+00 0.000e+00 0.000e+00 0.000e+00 1.000e+00
 1.000e+00 0.000e+00 0.000e+00 0.000e+00 0.000e+00 0.000e+00]
696000 loops cons: [1.928e+03 5.970e+02 2.680e+02 1.280e+02 9.100e+01 5.500e+01 3.000e+01
 3.600e+01 1.800e+01 1.600e+01 1.300e+01 1.300e+01 5.000e+00 6.000e+00
 1.100e+01 4.000e+00 2.000e+00 6.000e+00 4.000e+00 8.000e+00 2.000e+00
 2.000e+00 1.000e+00 2.000e+00 1.000e+00 4.000e+00 1.000e+00 2.000e+00
 1.000e+00 0.000e+00 2.000e+00 1.000e+00 1.000e+00 0.000e+00 0.000e+00
 1.000e+00 0.000e+00 0.000e+00 0.000e+00 0.000e+00 0.000e+00 1.000e+00
 1.000e+00 0.000e+00 0.000e+00 0.000e+00 0.000e+00 0.000e+00]
700800 loops cons: [1.941e+03 6.030e+02 2.700e+02 1.290e+02 9.300e+01 5.500e+01 3.100e+01
 3.600e+01 1.800e+01 1.600e+01 1.300e+01 1.300e+01 5.000e+00 6.000e+00
 1.100e+01 5.000e+00 2.000e+00 6.000e+00 4.000e+00 8.000e+00 2.000e+00
 2.000e+00 1.000e+00 2.000e+00 1.000e+00 4.000e+00 1.000e+00 2.000e+00
 1.000e+00 0.000e+00 2.000e+00 1.000e+00 1.000e+00 0.000e+00 0.000e+00
 1.000e+00 0.000e+00 0.000e+00 0.000e+00 0.000e+00 0.000e+00 1.000e+00
 1.000e+00 0.000e+00 0.000e+00 0.000e+00 0.000e+00 0.000e+00]
705600 loops cons: [1.947e+03 6.050e+02 2.740e+02 1.300e+02 9.300e+01 5.500e+01 3.100e+01
 3.600e+01 1.800e+01 1.600e+01 1.300e+01 1.300e+01 5.000e+00 6.000e+00
 1.100e+01 5.000e+00 3.000e+00 6.000e+00 4.000e+00 8.000e+00 2.000e+00
 2.000e+00 1.000e+00 2.000e+00 1.000e+00 4.000e+00 1.000e+00 2.000e+00
 1.000e+00 0.000e+00 2.000e+00 1.000e+00 1.000e+00 0.000e+00 0.000e+00
 1.000e+00 0.000e+00 0.000e+00 0.000e+00 0.000e+00 0.000e+00 1.000e+00
 1.000e+00 0.000e+00 0.000e+00 0.000e+00 0.000e+00 0.000e+00]
710400 loops cons: [1.958e+03 6.080e+02 2.760e+02 1.310e+02 9.300e+01 5.500e+01 3.300e+01
 3.700e+01 1.800e+01 1.600e+01 1.300e+01 1.300e+01 5.000e+00 6.000e+00
 1.100e+01 5.000e+00 3.000e+00 6.000e+00 4.000e+00 8.000e+00 2.000e+00
 2.000e+00 1.000e+00 2.000e+00 1.000e+00 4.000e+00 1.000e+00 2.000e+00
 1.000e+00 0.000e+00 2.000e+00 1.000e+00 1.000e+00 0.000e+00 0.000e+00
 1.000e+00 0.000e+00 0.000e+00 0.000e+00 0.000e+00 0.000e+00 1.000e+00
 1.000e+00 0.000e+00 0.000e+00 0.000e+00 0.000e+00 0.000e+00]
715200 loops cons: [1.974e+03 6.100e+02 2.770e+02 1.330e+02 9.300e+01 5.600e+01 3.300e+01
 3.700e+01 1.800e+01 1.600e+01 1.400e+01 1.300e+01 5.000e+00 6.000e+00
 1.100e+01 5.000e+00 3.000e+00 6.000e+00 4.000e+00 8.000e+00 2.000e+00
 2.000e+00 1.000e+00 2.000e+00 1.000e+00 4.000e+00 1.000e+00 2.000e+00
 1.000e+00 0.000e+00 2.000e+00 1.000e+00 1.000e+00 0.000e+00 0.000e+00
 1.000e+00 0.000e+00 0.000e+00 0.000e+00 0.000e+00 0.000e+00 1.000e+00
 1.000e+00 0.000e+00 0.000e+00 0.000e+00 0.000e+00 0.000e+00]
720000 loops cons: [1.986e+03 6.110e+02 2.780e+02 1.340e+02 9.300e+01 5.600e+01 3.300e+01
 3.700e+01 1.800e+01 1.600e+01 1.400e+01 1.300e+01 5.000e+00 6.000e+00
 1.100e+01 5.000e+00 3.000e+00 6.000e+00 4.000e+00 8.000e+00 2.000e+00
 2.000e+00 1.000e+00 2.000e+00 1.000e+00 4.000e+00 1.000e+00 2.000e+00
 1.000e+00 0.000e+00 2.000e+00 1.000e+00 1.000e+00 0.000e+00 0.000e+00
 1.000e+00 0.000e+00 0.000e+00 0.000e+00 0.000e+00 0.000e+00 1.000e+00
 1.000e+00 0.000e+00 0.000e+00 0.000e+00 0.000e+00 0.000e+00]
724800 loops cons: [2.003e+03 6.140e+02 2.800e+02 1.350e+02 9.600e+01 5.600e+01 3.300e+01
 3.800e+01 1.800e+01 1.600e+01 1.400e+01 1.300e+01 5.000e+00 6.000e+00
 1.100e+01 5.000e+00 3.000e+00 6.000e+00 4.000e+00 8.000e+00 2.000e+00
 2.000e+00 1.000e+00 2.000e+00 1.000e+00 4.000e+00 1.000e+00 2.000e+00
 1.000e+00 0.000e+00 2.000e+00 1.000e+00 1.000e+00 0.000e+00 0.000e+00
 1.000e+00 0.000e+00 0.000e+00 0.000e+00 0.000e+00 0.000e+00 1.000e+00
 1.000e+00 0.000e+00 0.000e+00 0.000e+00 0.000e+00 0.000e+00]
729600 loops cons: [2.011e+03 6.190e+02 2.820e+02 1.350e+02 9.700e+01 5.600e+01 3.300e+01
 3.800e+01 1.800e+01 1.600e+01 1.400e+01 1.300e+01 5.000e+00 6.000e+00
 1.100e+01 5.000e+00 3.000e+00 6.000e+00 4.000e+00 8.000e+00 2.000e+00
 2.000e+00 1.000e+00 2.000e+00 1.000e+00 4.000e+00 1.000e+00 2.000e+00
 1.000e+00 1.000e+00 2.000e+00 1.000e+00 1.000e+00 0.000e+00 0.000e+00
 2.000e+00 0.000e+00 0.000e+00 0.000e+00 0.000e+00 0.000e+00 1.000e+00
 1.000e+00 0.000e+00 0.000e+00 0.000e+00 0.000e+00 0.000e+00]
734400 loops cons: [2.033e+03 6.220e+02 2.850e+02 1.370e+02 9.900e+01 5.600e+01 3.400e+01
 3.800e+01 1.800e+01 1.600e+01 1.500e+01 1.300e+01 5.000e+00 6.000e+00
 1.100e+01 5.000e+00 3.000e+00 6.000e+00 4.000e+00 8.000e+00 2.000e+00
 2.000e+00 1.000e+00 2.000e+00 1.000e+00 4.000e+00 1.000e+00 2.000e+00
 1.000e+00 1.000e+00 2.000e+00 1.000e+00 1.000e+00 0.000e+00 0.000e+00
 2.000e+00 0.000e+00 0.000e+00 0.000e+00 0.000e+00 0.000e+00 1.000e+00
 1.000e+00 0.000e+00 0.000e+00 0.000e+00 0.000e+00 0.000e+00]
739200 loops cons: [2.043e+03 6.280e+02 2.870e+02 1.380e+02 1.000e+02 5.600e+01 3.400e+01
 3.800e+01 1.900e+01 1.700e+01 1.500e+01 1.300e+01 5.000e+00 6.000e+00
 1.100e+01 5.000e+00 3.000e+00 6.000e+00 4.000e+00 8.000e+00 2.000e+00
 2.000e+00 1.000e+00 2.000e+00 1.000e+00 4.000e+00 1.000e+00 2.000e+00
 1.000e+00 1.000e+00 2.000e+00 1.000e+00 1.000e+00 0.000e+00 0.000e+00
 2.000e+00 0.000e+00 0.000e+00 0.000e+00 0.000e+00 0.000e+00 1.000e+00
 1.000e+00 0.000e+00 0.000e+00 0.000e+00 0.000e+00 0.000e+00]
744000 loops cons: [2.053e+03 6.360e+02 2.890e+02 1.390e+02 1.000e+02 5.700e+01 3.400e+01
 3.800e+01 1.900e+01 1.700e+01 1.500e+01 1.300e+01 5.000e+00 6.000e+00
 1.100e+01 5.000e+00 3.000e+00 6.000e+00 4.000e+00 8.000e+00 2.000e+00
 2.000e+00 1.000e+00 2.000e+00 1.000e+00 4.000e+00 1.000e+00 2.000e+00
 1.000e+00 1.000e+00 2.000e+00 1.000e+00 1.000e+00 0.000e+00 0.000e+00
 2.000e+00 0.000e+00 0.000e+00 0.000e+00 0.000e+00 0.000e+00 1.000e+00
 1.000e+00 0.000e+00 0.000e+00 0.000e+00 0.000e+00 0.000e+00]
748800 loops cons: [2.067e+03 6.390e+02 2.900e+02 1.390e+02 1.000e+02 6.000e+01 3.500e+01
 3.800e+01 1.900e+01 1.900e+01 1.500e+01 1.300e+01 5.000e+00 6.000e+00
 1.100e+01 5.000e+00 3.000e+00 6.000e+00 4.000e+00 8.000e+00 2.000e+00
 2.000e+00 1.000e+00 2.000e+00 1.000e+00 4.000e+00 1.000e+00 2.000e+00
 1.000e+00 1.000e+00 2.000e+00 1.000e+00 1.000e+00 0.000e+00 0.000e+00
 2.000e+00 0.000e+00 0.000e+00 0.000e+00 0.000e+00 0.000e+00 1.000e+00
 1.000e+00 0.000e+00 0.000e+00 0.000e+00 0.000e+00 0.000e+00]
753600 loops cons: [2.078e+03 6.420e+02 2.920e+02 1.400e+02 1.000e+02 6.100e+01 3.600e+01
 3.800e+01 1.900e+01 1.900e+01 1.500e+01 1.300e+01 5.000e+00 6.000e+00
 1.100e+01 5.000e+00 3.000e+00 6.000e+00 4.000e+00 8.000e+00 2.000e+00
 2.000e+00 1.000e+00 2.000e+00 1.000e+00 4.000e+00 1.000e+00 2.000e+00
 1.000e+00 1.000e+00 2.000e+00 1.000e+00 1.000e+00 0.000e+00 0.000e+00
 2.000e+00 0.000e+00 0.000e+00 0.000e+00 0.000e+00 0.000e+00 1.000e+00
 1.000e+00 0.000e+00 0.000e+00 0.000e+00 0.000e+00 0.000e+00]
758400 loops cons: [2.099e+03 6.470e+02 2.950e+02 1.420e+02 1.000e+02 6.100e+01 3.600e+01
 3.800e+01 2.000e+01 1.900e+01 1.600e+01 1.300e+01 5.000e+00 6.000e+00
 1.100e+01 5.000e+00 3.000e+00 6.000e+00 4.000e+00 8.000e+00 2.000e+00
 2.000e+00 1.000e+00 2.000e+00 1.000e+00 4.000e+00 1.000e+00 2.000e+00
 1.000e+00 1.000e+00 2.000e+00 1.000e+00 1.000e+00 0.000e+00 0.000e+00
 2.000e+00 0.000e+00 0.000e+00 0.000e+00 0.000e+00 0.000e+00 1.000e+00
 1.000e+00 0.000e+00 0.000e+00 0.000e+00 0.000e+00 0.000e+00]
763200 loops cons: [2.11e+03 6.52e+02 2.99e+02 1.43e+02 1.00e+02 6.10e+01 3.60e+01 3.80e+01
 2.20e+01 1.90e+01 1.60e+01 1.30e+01 5.00e+00 6.00e+00 1.10e+01 5.00e+00
 3.00e+00 6.00e+00 4.00e+00 8.00e+00 2.00e+00 2.00e+00 1.00e+00 2.00e+00
 1.00e+00 4.00e+00 1.00e+00 2.00e+00 1.00e+00 1.00e+00 2.00e+00 1.00e+00
 1.00e+00 0.00e+00 0.00e+00 2.00e+00 0.00e+00 0.00e+00 0.00e+00 0.00e+00
 0.00e+00 1.00e+00 1.00e+00 0.00e+00 0.00e+00 0.00e+00 0.00e+00 0.00e+00]
768000 loops cons: [2.131e+03 6.560e+02 2.990e+02 1.470e+02 1.000e+02 6.100e+01 3.600e+01
 3.800e+01 2.200e+01 1.900e+01 1.600e+01 1.300e+01 5.000e+00 6.000e+00
 1.100e+01 5.000e+00 3.000e+00 6.000e+00 4.000e+00 8.000e+00 2.000e+00
 2.000e+00 1.000e+00 2.000e+00 1.000e+00 4.000e+00 1.000e+00 2.000e+00
 1.000e+00 1.000e+00 2.000e+00 1.000e+00 1.000e+00 0.000e+00 0.000e+00
 2.000e+00 0.000e+00 0.000e+00 0.000e+00 0.000e+00 0.000e+00 1.000e+00
 1.000e+00 0.000e+00 0.000e+00 0.000e+00 0.000e+00 0.000e+00]
772800 loops cons: [2.144e+03 6.580e+02 2.990e+02 1.480e+02 1.000e+02 6.100e+01 3.600e+01
 3.800e+01 2.200e+01 1.900e+01 1.600e+01 1.300e+01 5.000e+00 6.000e+00
 1.100e+01 6.000e+00 3.000e+00 6.000e+00 4.000e+00 8.000e+00 2.000e+00
 2.000e+00 1.000e+00 2.000e+00 1.000e+00 4.000e+00 1.000e+00 2.000e+00
 1.000e+00 1.000e+00 2.000e+00 1.000e+00 1.000e+00 0.000e+00 0.000e+00
 2.000e+00 0.000e+00 0.000e+00 0.000e+00 0.000e+00 0.000e+00 1.000e+00
 1.000e+00 0.000e+00 0.000e+00 0.000e+00 0.000e+00 0.000e+00]
777600 loops cons: [2.155e+03 6.630e+02 3.000e+02 1.490e+02 1.010e+02 6.100e+01 3.600e+01
 3.800e+01 2.200e+01 1.900e+01 1.600e+01 1.300e+01 5.000e+00 6.000e+00
 1.100e+01 6.000e+00 3.000e+00 6.000e+00 4.000e+00 8.000e+00 2.000e+00
 2.000e+00 1.000e+00 2.000e+00 1.000e+00 4.000e+00 1.000e+00 2.000e+00
 1.000e+00 1.000e+00 2.000e+00 1.000e+00 1.000e+00 0.000e+00 0.000e+00
 2.000e+00 0.000e+00 0.000e+00 0.000e+00 0.000e+00 0.000e+00 1.000e+00
 1.000e+00 0.000e+00 0.000e+00 0.000e+00 0.000e+00 0.000e+00]
782400 loops cons: [2.165e+03 6.660e+02 3.020e+02 1.490e+02 1.020e+02 6.100e+01 3.600e+01
 3.900e+01 2.200e+01 1.900e+01 1.600e+01 1.300e+01 5.000e+00 6.000e+00
 1.100e+01 6.000e+00 4.000e+00 6.000e+00 4.000e+00 8.000e+00 2.000e+00
 2.000e+00 1.000e+00 2.000e+00 1.000e+00 4.000e+00 1.000e+00 2.000e+00
 1.000e+00 1.000e+00 2.000e+00 1.000e+00 1.000e+00 0.000e+00 0.000e+00
 2.000e+00 0.000e+00 0.000e+00 0.000e+00 0.000e+00 0.000e+00 1.000e+00
 1.000e+00 0.000e+00 0.000e+00 0.000e+00 0.000e+00 0.000e+00]
787200 loops cons: [2.179e+03 6.670e+02 3.020e+02 1.510e+02 1.030e+02 6.200e+01 3.600e+01
 4.000e+01 2.200e+01 1.900e+01 1.600e+01 1.300e+01 5.000e+00 6.000e+00
 1.100e+01 6.000e+00 4.000e+00 6.000e+00 4.000e+00 8.000e+00 2.000e+00
 2.000e+00 1.000e+00 2.000e+00 1.000e+00 4.000e+00 1.000e+00 2.000e+00
 1.000e+00 1.000e+00 2.000e+00 1.000e+00 1.000e+00 0.000e+00 0.000e+00
 3.000e+00 0.000e+00 0.000e+00 0.000e+00 0.000e+00 0.000e+00 1.000e+00
 1.000e+00 0.000e+00 0.000e+00 0.000e+00 0.000e+00 0.000e+00]
792000 loops cons: [2.192e+03 6.700e+02 3.030e+02 1.510e+02 1.040e+02 6.300e+01 3.600e+01
 4.000e+01 2.200e+01 1.900e+01 1.600e+01 1.300e+01 5.000e+00 6.000e+00
 1.100e+01 6.000e+00 4.000e+00 6.000e+00 4.000e+00 8.000e+00 2.000e+00
 2.000e+00 1.000e+00 2.000e+00 1.000e+00 4.000e+00 1.000e+00 2.000e+00
 1.000e+00 1.000e+00 2.000e+00 1.000e+00 1.000e+00 0.000e+00 0.000e+00
 3.000e+00 0.000e+00 0.000e+00 0.000e+00 0.000e+00 0.000e+00 1.000e+00
 1.000e+00 0.000e+00 0.000e+00 0.000e+00 0.000e+00 0.000e+00]
796800 loops cons: [2.205e+03 6.750e+02 3.040e+02 1.520e+02 1.050e+02 6.300e+01 3.600e+01
 4.000e+01 2.200e+01 1.900e+01 1.600e+01 1.300e+01 5.000e+00 6.000e+00
 1.100e+01 6.000e+00 4.000e+00 6.000e+00 4.000e+00 8.000e+00 2.000e+00
 2.000e+00 1.000e+00 2.000e+00 1.000e+00 4.000e+00 1.000e+00 2.000e+00
 1.000e+00 1.000e+00 2.000e+00 1.000e+00 1.000e+00 0.000e+00 0.000e+00
 3.000e+00 0.000e+00 0.000e+00 0.000e+00 0.000e+00 0.000e+00 1.000e+00
 1.000e+00 0.000e+00 0.000e+00 0.000e+00 0.000e+00 0.000e+00]
801600 loops cons: [2.214e+03 6.840e+02 3.050e+02 1.530e+02 1.050e+02 6.300e+01 3.600e+01
 4.000e+01 2.200e+01 1.900e+01 1.600e+01 1.300e+01 5.000e+00 6.000e+00
 1.100e+01 6.000e+00 4.000e+00 6.000e+00 4.000e+00 8.000e+00 2.000e+00
 2.000e+00 1.000e+00 2.000e+00 1.000e+00 4.000e+00 1.000e+00 2.000e+00
 1.000e+00 1.000e+00 2.000e+00 1.000e+00 1.000e+00 0.000e+00 0.000e+00
 3.000e+00 0.000e+00 0.000e+00 0.000e+00 0.000e+00 0.000e+00 1.000e+00
 1.000e+00 0.000e+00 0.000e+00 0.000e+00 0.000e+00 0.000e+00]
806400 loops cons: [2.228e+03 6.850e+02 3.070e+02 1.550e+02 1.050e+02 6.300e+01 3.700e+01
 4.000e+01 2.200e+01 2.000e+01 1.600e+01 1.300e+01 5.000e+00 6.000e+00
 1.100e+01 6.000e+00 4.000e+00 6.000e+00 4.000e+00 8.000e+00 2.000e+00
 2.000e+00 1.000e+00 2.000e+00 1.000e+00 4.000e+00 1.000e+00 2.000e+00
 1.000e+00 1.000e+00 2.000e+00 1.000e+00 1.000e+00 0.000e+00 0.000e+00
 3.000e+00 0.000e+00 0.000e+00 0.000e+00 0.000e+00 0.000e+00 1.000e+00
 1.000e+00 0.000e+00 0.000e+00 0.000e+00 0.000e+00 0.000e+00]
811200 loops cons: [2.248e+03 6.860e+02 3.110e+02 1.550e+02 1.050e+02 6.300e+01 3.700e+01
 4.000e+01 2.200e+01 2.000e+01 1.600e+01 1.300e+01 5.000e+00 6.000e+00
 1.100e+01 6.000e+00 4.000e+00 6.000e+00 4.000e+00 8.000e+00 2.000e+00
 2.000e+00 1.000e+00 2.000e+00 1.000e+00 4.000e+00 1.000e+00 2.000e+00
 1.000e+00 1.000e+00 2.000e+00 1.000e+00 1.000e+00 0.000e+00 0.000e+00
 3.000e+00 0.000e+00 0.000e+00 0.000e+00 0.000e+00 0.000e+00 1.000e+00
 1.000e+00 0.000e+00 0.000e+00 0.000e+00 0.000e+00 0.000e+00]
816000 loops cons: [2.259e+03 6.900e+02 3.120e+02 1.570e+02 1.050e+02 6.300e+01 3.800e+01
 4.000e+01 2.200e+01 2.000e+01 1.600e+01 1.300e+01 5.000e+00 6.000e+00
 1.100e+01 6.000e+00 4.000e+00 6.000e+00 4.000e+00 8.000e+00 3.000e+00
 2.000e+00 1.000e+00 2.000e+00 1.000e+00 4.000e+00 1.000e+00 2.000e+00
 1.000e+00 1.000e+00 2.000e+00 1.000e+00 1.000e+00 0.000e+00 0.000e+00
 3.000e+00 0.000e+00 0.000e+00 0.000e+00 0.000e+00 0.000e+00 1.000e+00
 1.000e+00 0.000e+00 0.000e+00 0.000e+00 0.000e+00 0.000e+00]
820800 loops cons: [2.275e+03 6.930e+02 3.130e+02 1.570e+02 1.070e+02 6.300e+01 3.800e+01
 4.000e+01 2.200e+01 2.000e+01 1.600e+01 1.300e+01 5.000e+00 6.000e+00
 1.100e+01 6.000e+00 4.000e+00 6.000e+00 4.000e+00 8.000e+00 3.000e+00
 2.000e+00 2.000e+00 2.000e+00 1.000e+00 4.000e+00 1.000e+00 2.000e+00
 1.000e+00 1.000e+00 2.000e+00 1.000e+00 1.000e+00 0.000e+00 0.000e+00
 3.000e+00 0.000e+00 0.000e+00 0.000e+00 0.000e+00 0.000e+00 1.000e+00
 1.000e+00 0.000e+00 0.000e+00 0.000e+00 0.000e+00 0.000e+00]
825600 loops cons: [2.284e+03 7.030e+02 3.140e+02 1.580e+02 1.070e+02 6.300e+01 3.800e+01
 4.000e+01 2.200e+01 2.000e+01 1.600e+01 1.300e+01 5.000e+00 6.000e+00
 1.100e+01 6.000e+00 4.000e+00 6.000e+00 4.000e+00 8.000e+00 3.000e+00
 2.000e+00 2.000e+00 2.000e+00 1.000e+00 4.000e+00 1.000e+00 2.000e+00
 1.000e+00 1.000e+00 2.000e+00 1.000e+00 1.000e+00 0.000e+00 0.000e+00
 3.000e+00 0.000e+00 0.000e+00 0.000e+00 0.000e+00 0.000e+00 1.000e+00
 1.000e+00 0.000e+00 0.000e+00 0.000e+00 0.000e+00 0.000e+00]
830400 loops cons: [2.294e+03 7.060e+02 3.160e+02 1.600e+02 1.070e+02 6.400e+01 3.900e+01
 4.000e+01 2.200e+01 2.000e+01 1.600e+01 1.300e+01 5.000e+00 6.000e+00
 1.100e+01 6.000e+00 4.000e+00 6.000e+00 4.000e+00 8.000e+00 3.000e+00
 2.000e+00 2.000e+00 2.000e+00 1.000e+00 4.000e+00 1.000e+00 2.000e+00
 1.000e+00 1.000e+00 2.000e+00 1.000e+00 1.000e+00 0.000e+00 0.000e+00
 3.000e+00 0.000e+00 0.000e+00 0.000e+00 0.000e+00 0.000e+00 1.000e+00
 1.000e+00 0.000e+00 0.000e+00 0.000e+00 0.000e+00 0.000e+00]
835200 loops cons: [2.314e+03 7.070e+02 3.190e+02 1.600e+02 1.080e+02 6.400e+01 3.900e+01
 4.000e+01 2.200e+01 2.000e+01 1.600e+01 1.300e+01 5.000e+00 6.000e+00
 1.100e+01 6.000e+00 4.000e+00 6.000e+00 4.000e+00 8.000e+00 3.000e+00
 2.000e+00 2.000e+00 2.000e+00 1.000e+00 4.000e+00 1.000e+00 2.000e+00
 1.000e+00 1.000e+00 2.000e+00 1.000e+00 1.000e+00 0.000e+00 0.000e+00
 3.000e+00 0.000e+00 0.000e+00 0.000e+00 0.000e+00 0.000e+00 1.000e+00
 1.000e+00 0.000e+00 0.000e+00 0.000e+00 0.000e+00 0.000e+00]
840000 loops cons: [2.324e+03 7.080e+02 3.200e+02 1.600e+02 1.080e+02 6.400e+01 3.900e+01
 4.100e+01 2.200e+01 2.000e+01 1.600e+01 1.300e+01 5.000e+00 6.000e+00
 1.100e+01 6.000e+00 4.000e+00 6.000e+00 4.000e+00 8.000e+00 3.000e+00
 2.000e+00 2.000e+00 2.000e+00 1.000e+00 4.000e+00 1.000e+00 2.000e+00
 1.000e+00 1.000e+00 2.000e+00 1.000e+00 1.000e+00 0.000e+00 0.000e+00
 3.000e+00 0.000e+00 0.000e+00 0.000e+00 0.000e+00 0.000e+00 1.000e+00
 1.000e+00 0.000e+00 0.000e+00 0.000e+00 0.000e+00 0.000e+00]
844800 loops cons: [2.33e+03 7.10e+02 3.20e+02 1.60e+02 1.08e+02 6.40e+01 4.00e+01 4.10e+01
 2.20e+01 2.00e+01 1.60e+01 1.30e+01 5.00e+00 6.00e+00 1.10e+01 6.00e+00
 4.00e+00 6.00e+00 4.00e+00 9.00e+00 3.00e+00 2.00e+00 2.00e+00 2.00e+00
 1.00e+00 4.00e+00 1.00e+00 2.00e+00 1.00e+00 1.00e+00 2.00e+00 1.00e+00
 1.00e+00 0.00e+00 0.00e+00 3.00e+00 0.00e+00 0.00e+00 0.00e+00 0.00e+00
 0.00e+00 1.00e+00 1.00e+00 0.00e+00 0.00e+00 0.00e+00 0.00e+00 0.00e+00]
849600 loops cons: [2.342e+03 7.140e+02 3.210e+02 1.600e+02 1.080e+02 6.400e+01 4.100e+01
 4.200e+01 2.200e+01 2.000e+01 1.600e+01 1.300e+01 5.000e+00 6.000e+00
 1.100e+01 6.000e+00 4.000e+00 6.000e+00 5.000e+00 9.000e+00 3.000e+00
 2.000e+00 2.000e+00 2.000e+00 1.000e+00 4.000e+00 1.000e+00 2.000e+00
 1.000e+00 1.000e+00 2.000e+00 1.000e+00 1.000e+00 0.000e+00 0.000e+00
 3.000e+00 0.000e+00 0.000e+00 0.000e+00 0.000e+00 0.000e+00 1.000e+00
 1.000e+00 0.000e+00 0.000e+00 0.000e+00 0.000e+00 0.000e+00]
854400 loops cons: [2.347e+03 7.230e+02 3.220e+02 1.620e+02 1.090e+02 6.500e+01 4.100e+01
 4.200e+01 2.300e+01 2.000e+01 1.600e+01 1.300e+01 5.000e+00 6.000e+00
 1.100e+01 6.000e+00 4.000e+00 6.000e+00 5.000e+00 9.000e+00 3.000e+00
 2.000e+00 2.000e+00 3.000e+00 1.000e+00 4.000e+00 1.000e+00 2.000e+00
 1.000e+00 1.000e+00 2.000e+00 1.000e+00 1.000e+00 0.000e+00 0.000e+00
 3.000e+00 0.000e+00 0.000e+00 0.000e+00 0.000e+00 0.000e+00 1.000e+00
 1.000e+00 0.000e+00 0.000e+00 0.000e+00 0.000e+00 0.000e+00]
859200 loops cons: [2.361e+03 7.290e+02 3.260e+02 1.640e+02 1.100e+02 6.600e+01 4.100e+01
 4.200e+01 2.400e+01 2.000e+01 1.600e+01 1.400e+01 6.000e+00 6.000e+00
 1.100e+01 6.000e+00 5.000e+00 6.000e+00 5.000e+00 9.000e+00 3.000e+00
 2.000e+00 2.000e+00 3.000e+00 1.000e+00 4.000e+00 1.000e+00 2.000e+00
 1.000e+00 1.000e+00 2.000e+00 1.000e+00 1.000e+00 0.000e+00 0.000e+00
 3.000e+00 0.000e+00 0.000e+00 0.000e+00 0.000e+00 0.000e+00 1.000e+00
 1.000e+00 0.000e+00 0.000e+00 0.000e+00 0.000e+00 0.000e+00]
864000 loops cons: [2.377e+03 7.310e+02 3.290e+02 1.640e+02 1.110e+02 6.600e+01 4.200e+01
 4.200e+01 2.400e+01 2.000e+01 1.600e+01 1.400e+01 6.000e+00 6.000e+00
 1.100e+01 6.000e+00 5.000e+00 6.000e+00 5.000e+00 9.000e+00 3.000e+00
 2.000e+00 2.000e+00 3.000e+00 1.000e+00 4.000e+00 1.000e+00 2.000e+00
 1.000e+00 1.000e+00 2.000e+00 1.000e+00 1.000e+00 0.000e+00 0.000e+00
 3.000e+00 0.000e+00 0.000e+00 0.000e+00 0.000e+00 0.000e+00 1.000e+00
 1.000e+00 0.000e+00 0.000e+00 0.000e+00 0.000e+00 0.000e+00]
868800 loops cons: [2.392e+03 7.340e+02 3.310e+02 1.650e+02 1.110e+02 6.600e+01 4.200e+01
 4.200e+01 2.400e+01 2.000e+01 1.600e+01 1.400e+01 6.000e+00 6.000e+00
 1.100e+01 6.000e+00 5.000e+00 6.000e+00 5.000e+00 9.000e+00 3.000e+00
 2.000e+00 2.000e+00 3.000e+00 1.000e+00 4.000e+00 1.000e+00 2.000e+00
 1.000e+00 1.000e+00 2.000e+00 1.000e+00 1.000e+00 0.000e+00 0.000e+00
 3.000e+00 0.000e+00 0.000e+00 0.000e+00 0.000e+00 0.000e+00 1.000e+00
 1.000e+00 0.000e+00 0.000e+00 0.000e+00 0.000e+00 0.000e+00]
873600 loops cons: [2.405e+03 7.360e+02 3.310e+02 1.670e+02 1.130e+02 6.600e+01 4.200e+01
 4.200e+01 2.400e+01 2.000e+01 1.600e+01 1.400e+01 6.000e+00 6.000e+00
 1.100e+01 6.000e+00 6.000e+00 6.000e+00 5.000e+00 9.000e+00 3.000e+00
 2.000e+00 2.000e+00 3.000e+00 1.000e+00 4.000e+00 1.000e+00 2.000e+00
 1.000e+00 1.000e+00 2.000e+00 1.000e+00 1.000e+00 0.000e+00 0.000e+00
 3.000e+00 0.000e+00 0.000e+00 0.000e+00 0.000e+00 0.000e+00 1.000e+00
 1.000e+00 0.000e+00 0.000e+00 0.000e+00 0.000e+00 0.000e+00]
878400 loops cons: [2.411e+03 7.370e+02 3.340e+02 1.670e+02 1.130e+02 6.600e+01 4.200e+01
 4.200e+01 2.600e+01 2.000e+01 1.600e+01 1.400e+01 7.000e+00 6.000e+00
 1.100e+01 6.000e+00 6.000e+00 6.000e+00 5.000e+00 9.000e+00 3.000e+00
 2.000e+00 2.000e+00 3.000e+00 1.000e+00 4.000e+00 1.000e+00 2.000e+00
 1.000e+00 1.000e+00 2.000e+00 1.000e+00 1.000e+00 1.000e+00 0.000e+00
 3.000e+00 0.000e+00 0.000e+00 0.000e+00 0.000e+00 0.000e+00 1.000e+00
 1.000e+00 0.000e+00 0.000e+00 0.000e+00 0.000e+00 0.000e+00]
883200 loops cons: [2.426e+03 7.420e+02 3.370e+02 1.680e+02 1.140e+02 6.700e+01 4.200e+01
 4.200e+01 2.600e+01 2.000e+01 1.600e+01 1.400e+01 7.000e+00 6.000e+00
 1.100e+01 6.000e+00 6.000e+00 6.000e+00 5.000e+00 9.000e+00 3.000e+00
 2.000e+00 2.000e+00 3.000e+00 1.000e+00 4.000e+00 1.000e+00 2.000e+00
 1.000e+00 1.000e+00 2.000e+00 1.000e+00 1.000e+00 1.000e+00 0.000e+00
 3.000e+00 0.000e+00 0.000e+00 0.000e+00 0.000e+00 0.000e+00 1.000e+00
 1.000e+00 0.000e+00 0.000e+00 0.000e+00 0.000e+00 0.000e+00]
888000 loops cons: [2.44e+03 7.48e+02 3.38e+02 1.68e+02 1.14e+02 6.80e+01 4.30e+01 4.20e+01
 2.60e+01 2.00e+01 1.60e+01 1.40e+01 7.00e+00 6.00e+00 1.10e+01 6.00e+00
 6.00e+00 6.00e+00 5.00e+00 9.00e+00 3.00e+00 2.00e+00 2.00e+00 3.00e+00
 1.00e+00 4.00e+00 1.00e+00 2.00e+00 1.00e+00 1.00e+00 2.00e+00 1.00e+00
 1.00e+00 1.00e+00 0.00e+00 4.00e+00 0.00e+00 0.00e+00 0.00e+00 0.00e+00
 0.00e+00 1.00e+00 1.00e+00 0.00e+00 0.00e+00 0.00e+00 0.00e+00 0.00e+00]
892800 loops cons: [2.455e+03 7.510e+02 3.390e+02 1.710e+02 1.140e+02 6.800e+01 4.400e+01
 4.200e+01 2.600e+01 2.000e+01 1.600e+01 1.400e+01 7.000e+00 6.000e+00
 1.100e+01 7.000e+00 6.000e+00 6.000e+00 5.000e+00 9.000e+00 3.000e+00
 2.000e+00 2.000e+00 3.000e+00 1.000e+00 4.000e+00 1.000e+00 2.000e+00
 1.000e+00 1.000e+00 2.000e+00 1.000e+00 1.000e+00 1.000e+00 0.000e+00
 4.000e+00 0.000e+00 0.000e+00 0.000e+00 0.000e+00 0.000e+00 1.000e+00
 1.000e+00 0.000e+00 0.000e+00 0.000e+00 0.000e+00 0.000e+00]
897600 loops cons: [2.467e+03 7.540e+02 3.410e+02 1.720e+02 1.150e+02 6.800e+01 4.400e+01
 4.200e+01 2.600e+01 2.000e+01 1.600e+01 1.400e+01 7.000e+00 6.000e+00
 1.100e+01 7.000e+00 6.000e+00 6.000e+00 5.000e+00 9.000e+00 3.000e+00
 2.000e+00 2.000e+00 3.000e+00 1.000e+00 4.000e+00 1.000e+00 2.000e+00
 1.000e+00 1.000e+00 2.000e+00 1.000e+00 1.000e+00 1.000e+00 0.000e+00
 4.000e+00 0.000e+00 0.000e+00 0.000e+00 0.000e+00 0.000e+00 1.000e+00
 1.000e+00 0.000e+00 0.000e+00 0.000e+00 0.000e+00 0.000e+00]
902400 loops cons: [2.476e+03 7.560e+02 3.420e+02 1.720e+02 1.150e+02 6.800e+01 4.400e+01
 4.200e+01 2.700e+01 2.000e+01 1.600e+01 1.400e+01 7.000e+00 6.000e+00
 1.100e+01 7.000e+00 6.000e+00 6.000e+00 5.000e+00 9.000e+00 3.000e+00
 2.000e+00 2.000e+00 3.000e+00 1.000e+00 4.000e+00 1.000e+00 2.000e+00
 1.000e+00 1.000e+00 2.000e+00 1.000e+00 1.000e+00 1.000e+00 0.000e+00
 4.000e+00 0.000e+00 0.000e+00 0.000e+00 0.000e+00 0.000e+00 1.000e+00
 1.000e+00 0.000e+00 0.000e+00 0.000e+00 0.000e+00 0.000e+00]
907200 loops cons: [2.488e+03 7.610e+02 3.450e+02 1.720e+02 1.160e+02 6.800e+01 4.400e+01
 4.200e+01 2.700e+01 2.000e+01 1.600e+01 1.400e+01 7.000e+00 6.000e+00
 1.100e+01 7.000e+00 6.000e+00 6.000e+00 5.000e+00 9.000e+00 3.000e+00
 2.000e+00 2.000e+00 3.000e+00 1.000e+00 4.000e+00 1.000e+00 2.000e+00
 1.000e+00 1.000e+00 2.000e+00 1.000e+00 1.000e+00 1.000e+00 0.000e+00
 4.000e+00 0.000e+00 0.000e+00 0.000e+00 0.000e+00 0.000e+00 1.000e+00
 1.000e+00 0.000e+00 0.000e+00 0.000e+00 0.000e+00 0.000e+00]
912000 loops cons: [2.499e+03 7.660e+02 3.450e+02 1.730e+02 1.160e+02 6.900e+01 4.400e+01
 4.300e+01 2.700e+01 2.000e+01 1.600e+01 1.400e+01 7.000e+00 6.000e+00
 1.100e+01 7.000e+00 6.000e+00 6.000e+00 5.000e+00 9.000e+00 3.000e+00
 2.000e+00 2.000e+00 3.000e+00 1.000e+00 4.000e+00 1.000e+00 2.000e+00
 1.000e+00 1.000e+00 2.000e+00 1.000e+00 1.000e+00 1.000e+00 0.000e+00
 4.000e+00 0.000e+00 0.000e+00 0.000e+00 0.000e+00 0.000e+00 1.000e+00
 1.000e+00 0.000e+00 0.000e+00 0.000e+00 0.000e+00 0.000e+00]
916800 loops cons: [2.504e+03 7.700e+02 3.470e+02 1.750e+02 1.170e+02 6.900e+01 4.500e+01
 4.300e+01 2.700e+01 2.000e+01 1.600e+01 1.400e+01 7.000e+00 6.000e+00
 1.100e+01 7.000e+00 6.000e+00 6.000e+00 5.000e+00 9.000e+00 3.000e+00
 2.000e+00 2.000e+00 3.000e+00 1.000e+00 4.000e+00 1.000e+00 2.000e+00
 1.000e+00 1.000e+00 2.000e+00 1.000e+00 1.000e+00 1.000e+00 0.000e+00
 4.000e+00 0.000e+00 0.000e+00 0.000e+00 0.000e+00 0.000e+00 1.000e+00
 1.000e+00 0.000e+00 0.000e+00 0.000e+00 0.000e+00 0.000e+00]
921600 loops cons: [2.515e+03 7.740e+02 3.490e+02 1.750e+02 1.180e+02 6.900e+01 4.500e+01
 4.300e+01 2.700e+01 2.000e+01 1.600e+01 1.400e+01 7.000e+00 6.000e+00
 1.100e+01 7.000e+00 6.000e+00 6.000e+00 5.000e+00 9.000e+00 4.000e+00
 2.000e+00 2.000e+00 3.000e+00 1.000e+00 4.000e+00 1.000e+00 2.000e+00
 1.000e+00 1.000e+00 2.000e+00 1.000e+00 1.000e+00 1.000e+00 0.000e+00
 4.000e+00 0.000e+00 0.000e+00 0.000e+00 0.000e+00 0.000e+00 1.000e+00
 1.000e+00 0.000e+00 0.000e+00 0.000e+00 0.000e+00 0.000e+00]
926400 loops cons: [2.526e+03 7.810e+02 3.500e+02 1.800e+02 1.190e+02 6.900e+01 4.500e+01
 4.300e+01 2.700e+01 2.000e+01 1.600e+01 1.500e+01 7.000e+00 6.000e+00
 1.100e+01 7.000e+00 6.000e+00 6.000e+00 5.000e+00 1.000e+01 4.000e+00
 2.000e+00 2.000e+00 3.000e+00 1.000e+00 4.000e+00 1.000e+00 2.000e+00
 1.000e+00 1.000e+00 2.000e+00 1.000e+00 1.000e+00 1.000e+00 0.000e+00
 4.000e+00 0.000e+00 0.000e+00 0.000e+00 0.000e+00 0.000e+00 1.000e+00
 1.000e+00 0.000e+00 0.000e+00 0.000e+00 0.000e+00 0.000e+00]
931200 loops cons: [2.539e+03 7.850e+02 3.520e+02 1.810e+02 1.190e+02 6.900e+01 4.500e+01
 4.300e+01 2.700e+01 2.100e+01 1.600e+01 1.500e+01 7.000e+00 6.000e+00
 1.100e+01 7.000e+00 6.000e+00 6.000e+00 5.000e+00 1.000e+01 4.000e+00
 2.000e+00 2.000e+00 3.000e+00 1.000e+00 4.000e+00 1.000e+00 2.000e+00
 1.000e+00 1.000e+00 2.000e+00 1.000e+00 1.000e+00 1.000e+00 0.000e+00
 4.000e+00 0.000e+00 0.000e+00 0.000e+00 0.000e+00 0.000e+00 1.000e+00
 1.000e+00 0.000e+00 0.000e+00 0.000e+00 0.000e+00 0.000e+00]
936000 loops cons: [2.551e+03 7.900e+02 3.540e+02 1.820e+02 1.190e+02 6.900e+01 4.500e+01
 4.300e+01 2.700e+01 2.200e+01 1.600e+01 1.500e+01 7.000e+00 6.000e+00
 1.100e+01 7.000e+00 6.000e+00 6.000e+00 5.000e+00 1.000e+01 4.000e+00
 2.000e+00 2.000e+00 3.000e+00 1.000e+00 4.000e+00 1.000e+00 2.000e+00
 1.000e+00 1.000e+00 2.000e+00 1.000e+00 1.000e+00 1.000e+00 0.000e+00
 4.000e+00 0.000e+00 0.000e+00 0.000e+00 0.000e+00 0.000e+00 1.000e+00
 1.000e+00 0.000e+00 0.000e+00 0.000e+00 0.000e+00 0.000e+00]
940800 loops cons: [2.561e+03 7.960e+02 3.560e+02 1.820e+02 1.190e+02 7.000e+01 4.500e+01
 4.300e+01 2.700e+01 2.300e+01 1.600e+01 1.500e+01 7.000e+00 6.000e+00
 1.100e+01 7.000e+00 6.000e+00 6.000e+00 5.000e+00 1.000e+01 4.000e+00
 2.000e+00 2.000e+00 3.000e+00 1.000e+00 4.000e+00 1.000e+00 2.000e+00
 1.000e+00 1.000e+00 2.000e+00 1.000e+00 1.000e+00 1.000e+00 0.000e+00
 4.000e+00 0.000e+00 0.000e+00 0.000e+00 0.000e+00 0.000e+00 1.000e+00
 2.000e+00 0.000e+00 0.000e+00 0.000e+00 0.000e+00 0.000e+00]
945600 loops cons: [2.572e+03 8.000e+02 3.630e+02 1.820e+02 1.210e+02 7.000e+01 4.500e+01
 4.300e+01 2.700e+01 2.300e+01 1.600e+01 1.500e+01 8.000e+00 6.000e+00
 1.100e+01 7.000e+00 6.000e+00 6.000e+00 5.000e+00 1.000e+01 4.000e+00
 2.000e+00 2.000e+00 3.000e+00 1.000e+00 4.000e+00 1.000e+00 2.000e+00
 1.000e+00 1.000e+00 2.000e+00 1.000e+00 1.000e+00 1.000e+00 0.000e+00
 4.000e+00 0.000e+00 0.000e+00 0.000e+00 0.000e+00 0.000e+00 1.000e+00
 2.000e+00 0.000e+00 0.000e+00 0.000e+00 0.000e+00 0.000e+00]
950400 loops cons: [2.585e+03 8.040e+02 3.660e+02 1.820e+02 1.210e+02 7.000e+01 4.600e+01
 4.300e+01 2.700e+01 2.300e+01 1.600e+01 1.500e+01 8.000e+00 6.000e+00
 1.100e+01 7.000e+00 6.000e+00 6.000e+00 5.000e+00 1.000e+01 4.000e+00
 2.000e+00 2.000e+00 3.000e+00 1.000e+00 4.000e+00 1.000e+00 2.000e+00
 1.000e+00 1.000e+00 2.000e+00 1.000e+00 1.000e+00 1.000e+00 0.000e+00
 4.000e+00 0.000e+00 0.000e+00 0.000e+00 0.000e+00 0.000e+00 1.000e+00
 2.000e+00 0.000e+00 0.000e+00 0.000e+00 0.000e+00 0.000e+00]
955200 loops cons: [2.601e+03 8.080e+02 3.660e+02 1.860e+02 1.210e+02 7.000e+01 4.600e+01
 4.300e+01 2.700e+01 2.400e+01 1.600e+01 1.500e+01 8.000e+00 6.000e+00
 1.100e+01 7.000e+00 6.000e+00 6.000e+00 5.000e+00 1.000e+01 4.000e+00
 2.000e+00 2.000e+00 3.000e+00 1.000e+00 4.000e+00 1.000e+00 2.000e+00
 1.000e+00 2.000e+00 2.000e+00 1.000e+00 1.000e+00 1.000e+00 0.000e+00
 4.000e+00 0.000e+00 0.000e+00 0.000e+00 0.000e+00 0.000e+00 1.000e+00
 2.000e+00 0.000e+00 0.000e+00 0.000e+00 0.000e+00 0.000e+00]
960000 loops cons: [2.619e+03 8.130e+02 3.690e+02 1.900e+02 1.210e+02 7.000e+01 4.600e+01
 4.300e+01 2.700e+01 2.400e+01 1.600e+01 1.500e+01 8.000e+00 6.000e+00
 1.100e+01 7.000e+00 6.000e+00 6.000e+00 5.000e+00 1.000e+01 4.000e+00
 2.000e+00 2.000e+00 3.000e+00 1.000e+00 4.000e+00 1.000e+00 2.000e+00
 1.000e+00 2.000e+00 2.000e+00 2.000e+00 1.000e+00 1.000e+00 0.000e+00
 4.000e+00 0.000e+00 0.000e+00 0.000e+00 0.000e+00 0.000e+00 1.000e+00
 2.000e+00 0.000e+00 0.000e+00 0.000e+00 0.000e+00 0.000e+00]
964800 loops cons: [2.631e+03 8.170e+02 3.730e+02 1.910e+02 1.210e+02 7.000e+01 4.600e+01
 4.300e+01 2.700e+01 2.400e+01 1.600e+01 1.500e+01 8.000e+00 6.000e+00
 1.100e+01 7.000e+00 6.000e+00 6.000e+00 5.000e+00 1.000e+01 4.000e+00
 2.000e+00 2.000e+00 3.000e+00 1.000e+00 4.000e+00 1.000e+00 2.000e+00
 1.000e+00 2.000e+00 2.000e+00 2.000e+00 1.000e+00 1.000e+00 0.000e+00
 4.000e+00 0.000e+00 0.000e+00 0.000e+00 0.000e+00 0.000e+00 1.000e+00
 2.000e+00 0.000e+00 0.000e+00 0.000e+00 0.000e+00 0.000e+00]
969600 loops cons: [2.65e+03 8.22e+02 3.76e+02 1.91e+02 1.22e+02 7.20e+01 4.60e+01 4.30e+01
 2.70e+01 2.40e+01 1.60e+01 1.50e+01 8.00e+00 6.00e+00 1.10e+01 7.00e+00
 6.00e+00 6.00e+00 5.00e+00 1.00e+01 4.00e+00 2.00e+00 2.00e+00 3.00e+00
 1.00e+00 4.00e+00 1.00e+00 2.00e+00 1.00e+00 2.00e+00 2.00e+00 2.00e+00
 1.00e+00 1.00e+00 0.00e+00 4.00e+00 0.00e+00 0.00e+00 0.00e+00 0.00e+00
 0.00e+00 1.00e+00 2.00e+00 0.00e+00 0.00e+00 0.00e+00 0.00e+00 0.00e+00]
974400 loops cons: [2.662e+03 8.270e+02 3.760e+02 1.920e+02 1.220e+02 7.200e+01 4.600e+01
 4.300e+01 2.700e+01 2.400e+01 1.600e+01 1.500e+01 8.000e+00 6.000e+00
 1.100e+01 7.000e+00 6.000e+00 6.000e+00 5.000e+00 1.000e+01 4.000e+00
 2.000e+00 2.000e+00 3.000e+00 1.000e+00 4.000e+00 1.000e+00 2.000e+00
 1.000e+00 2.000e+00 2.000e+00 2.000e+00 1.000e+00 1.000e+00 0.000e+00
 4.000e+00 0.000e+00 0.000e+00 0.000e+00 0.000e+00 0.000e+00 1.000e+00
 2.000e+00 0.000e+00 0.000e+00 0.000e+00 0.000e+00 0.000e+00]
979200 loops cons: [2.673e+03 8.310e+02 3.790e+02 1.940e+02 1.230e+02 7.200e+01 4.600e+01
 4.300e+01 2.700e+01 2.500e+01 1.600e+01 1.600e+01 8.000e+00 6.000e+00
 1.100e+01 7.000e+00 6.000e+00 6.000e+00 5.000e+00 1.000e+01 4.000e+00
 2.000e+00 2.000e+00 3.000e+00 1.000e+00 4.000e+00 1.000e+00 2.000e+00
 1.000e+00 2.000e+00 2.000e+00 2.000e+00 1.000e+00 1.000e+00 0.000e+00
 4.000e+00 0.000e+00 0.000e+00 0.000e+00 0.000e+00 0.000e+00 1.000e+00
 2.000e+00 0.000e+00 0.000e+00 0.000e+00 0.000e+00 0.000e+00]
984000 loops cons: [2.684e+03 8.360e+02 3.800e+02 1.950e+02 1.230e+02 7.200e+01 4.600e+01
 4.300e+01 2.700e+01 2.500e+01 1.600e+01 1.600e+01 8.000e+00 6.000e+00
 1.100e+01 7.000e+00 6.000e+00 6.000e+00 5.000e+00 1.000e+01 4.000e+00
 2.000e+00 2.000e+00 3.000e+00 1.000e+00 4.000e+00 1.000e+00 2.000e+00
 1.000e+00 2.000e+00 2.000e+00 2.000e+00 1.000e+00 1.000e+00 0.000e+00
 4.000e+00 0.000e+00 0.000e+00 0.000e+00 0.000e+00 0.000e+00 1.000e+00
 2.000e+00 0.000e+00 0.000e+00 0.000e+00 0.000e+00 0.000e+00]
988800 loops cons: [2.698e+03 8.390e+02 3.820e+02 1.960e+02 1.230e+02 7.200e+01 4.600e+01
 4.300e+01 2.700e+01 2.500e+01 1.600e+01 1.600e+01 8.000e+00 6.000e+00
 1.100e+01 7.000e+00 6.000e+00 6.000e+00 5.000e+00 1.000e+01 4.000e+00
 2.000e+00 2.000e+00 3.000e+00 1.000e+00 4.000e+00 1.000e+00 2.000e+00
 1.000e+00 2.000e+00 2.000e+00 2.000e+00 1.000e+00 1.000e+00 0.000e+00
 4.000e+00 0.000e+00 0.000e+00 0.000e+00 0.000e+00 0.000e+00 1.000e+00
 2.000e+00 0.000e+00 0.000e+00 0.000e+00 0.000e+00 0.000e+00]
993600 loops cons: [2.711e+03 8.430e+02 3.850e+02 1.960e+02 1.230e+02 7.200e+01 4.800e+01
 4.300e+01 2.700e+01 2.500e+01 1.700e+01 1.600e+01 8.000e+00 6.000e+00
 1.100e+01 7.000e+00 6.000e+00 6.000e+00 5.000e+00 1.000e+01 4.000e+00
 2.000e+00 2.000e+00 3.000e+00 1.000e+00 4.000e+00 1.000e+00 2.000e+00
 1.000e+00 2.000e+00 2.000e+00 2.000e+00 1.000e+00 1.000e+00 0.000e+00
 4.000e+00 0.000e+00 0.000e+00 0.000e+00 0.000e+00 0.000e+00 1.000e+00
 2.000e+00 0.000e+00 0.000e+00 0.000e+00 0.000e+00 0.000e+00]
998400 loops cons: [2.72e+03 8.44e+02 3.87e+02 1.96e+02 1.23e+02 7.20e+01 4.80e+01 4.30e+01
 2.70e+01 2.50e+01 1.70e+01 1.60e+01 8.00e+00 6.00e+00 1.10e+01 7.00e+00
 6.00e+00 6.00e+00 5.00e+00 1.00e+01 4.00e+00 2.00e+00 2.00e+00 3.00e+00
 1.00e+00 4.00e+00 1.00e+00 2.00e+00 1.00e+00 2.00e+00 2.00e+00 2.00e+00
 1.00e+00 1.00e+00 0.00e+00 4.00e+00 0.00e+00 0.00e+00 0.00e+00 0.00e+00
 0.00e+00 1.00e+00 2.00e+00 0.00e+00 0.00e+00 0.00e+00 0.00e+00 0.00e+00]
1003200 loops cons: [2.737e+03 8.500e+02 3.930e+02 1.980e+02 1.230e+02 7.300e+01 4.800e+01
 4.300e+01 2.800e+01 2.600e+01 1.800e+01 1.600e+01 8.000e+00 6.000e+00
 1.100e+01 7.000e+00 6.000e+00 6.000e+00 5.000e+00 1.000e+01 4.000e+00
 2.000e+00 2.000e+00 3.000e+00 1.000e+00 4.000e+00 1.000e+00 2.000e+00
 1.000e+00 2.000e+00 2.000e+00 2.000e+00 1.000e+00 1.000e+00 0.000e+00
 4.000e+00 0.000e+00 0.000e+00 0.000e+00 0.000e+00 0.000e+00 1.000e+00
 2.000e+00 0.000e+00 0.000e+00 0.000e+00 0.000e+00 0.000e+00]
1008000 loops cons: [2.761e+03 8.530e+02 3.950e+02 1.990e+02 1.240e+02 7.300e+01 4.800e+01
 4.300e+01 2.800e+01 2.600e+01 1.800e+01 1.700e+01 8.000e+00 6.000e+00
 1.100e+01 7.000e+00 6.000e+00 6.000e+00 5.000e+00 1.000e+01 4.000e+00
 2.000e+00 2.000e+00 3.000e+00 1.000e+00 4.000e+00 1.000e+00 3.000e+00
 1.000e+00 2.000e+00 2.000e+00 2.000e+00 1.000e+00 1.000e+00 0.000e+00
 4.000e+00 0.000e+00 0.000e+00 0.000e+00 0.000e+00 0.000e+00 1.000e+00
 2.000e+00 0.000e+00 0.000e+00 0.000e+00 0.000e+00 0.000e+00]
1012800 loops cons: [2.773e+03 8.580e+02 3.980e+02 1.990e+02 1.250e+02 7.400e+01 4.800e+01
 4.300e+01 2.900e+01 2.600e+01 1.800e+01 1.700e+01 8.000e+00 6.000e+00
 1.100e+01 7.000e+00 6.000e+00 6.000e+00 5.000e+00 1.000e+01 4.000e+00
 2.000e+00 2.000e+00 3.000e+00 1.000e+00 4.000e+00 1.000e+00 3.000e+00
 1.000e+00 2.000e+00 2.000e+00 2.000e+00 1.000e+00 1.000e+00 0.000e+00
 4.000e+00 0.000e+00 0.000e+00 0.000e+00 0.000e+00 0.000e+00 1.000e+00
 2.000e+00 0.000e+00 0.000e+00 0.000e+00 0.000e+00 0.000e+00]
1017600 loops cons: [2.785e+03 8.660e+02 4.020e+02 1.990e+02 1.270e+02 7.400e+01 4.800e+01
 4.300e+01 2.900e+01 2.600e+01 1.800e+01 1.700e+01 8.000e+00 6.000e+00
 1.100e+01 7.000e+00 6.000e+00 6.000e+00 5.000e+00 1.000e+01 4.000e+00
 2.000e+00 2.000e+00 3.000e+00 1.000e+00 4.000e+00 1.000e+00 3.000e+00
 1.000e+00 2.000e+00 2.000e+00 2.000e+00 1.000e+00 1.000e+00 0.000e+00
 4.000e+00 0.000e+00 0.000e+00 0.000e+00 0.000e+00 0.000e+00 1.000e+00
 2.000e+00 0.000e+00 0.000e+00 0.000e+00 0.000e+00 0.000e+00]
1022400 loops cons: [2.796e+03 8.690e+02 4.030e+02 1.990e+02 1.280e+02 7.400e+01 4.900e+01
 4.400e+01 2.900e+01 2.600e+01 1.800e+01 1.700e+01 8.000e+00 6.000e+00
 1.100e+01 7.000e+00 6.000e+00 6.000e+00 5.000e+00 1.000e+01 4.000e+00
 2.000e+00 2.000e+00 3.000e+00 1.000e+00 4.000e+00 1.000e+00 3.000e+00
 1.000e+00 2.000e+00 2.000e+00 2.000e+00 1.000e+00 1.000e+00 0.000e+00
 4.000e+00 0.000e+00 0.000e+00 0.000e+00 0.000e+00 0.000e+00 1.000e+00
 2.000e+00 0.000e+00 0.000e+00 0.000e+00 0.000e+00 0.000e+00]
1027200 loops cons: [2.808e+03 8.750e+02 4.040e+02 2.000e+02 1.290e+02 7.500e+01 5.000e+01
 4.400e+01 3.000e+01 2.600e+01 1.800e+01 1.700e+01 8.000e+00 6.000e+00
 1.100e+01 7.000e+00 6.000e+00 6.000e+00 5.000e+00 1.100e+01 4.000e+00
 2.000e+00 2.000e+00 3.000e+00 1.000e+00 4.000e+00 1.000e+00 3.000e+00
 1.000e+00 2.000e+00 2.000e+00 2.000e+00 1.000e+00 1.000e+00 0.000e+00
 4.000e+00 0.000e+00 0.000e+00 0.000e+00 0.000e+00 0.000e+00 1.000e+00
 2.000e+00 0.000e+00 0.000e+00 0.000e+00 0.000e+00 0.000e+00]
1032000 loops cons: [2.824e+03 8.750e+02 4.060e+02 2.000e+02 1.300e+02 7.600e+01 5.000e+01
 4.400e+01 3.000e+01 2.600e+01 1.800e+01 1.700e+01 8.000e+00 6.000e+00
 1.100e+01 8.000e+00 6.000e+00 6.000e+00 5.000e+00 1.100e+01 4.000e+00
 2.000e+00 2.000e+00 4.000e+00 1.000e+00 4.000e+00 1.000e+00 3.000e+00
 1.000e+00 2.000e+00 2.000e+00 2.000e+00 1.000e+00 1.000e+00 0.000e+00
 4.000e+00 0.000e+00 0.000e+00 0.000e+00 0.000e+00 0.000e+00 1.000e+00
 2.000e+00 0.000e+00 0.000e+00 0.000e+00 0.000e+00 0.000e+00]
1036800 loops cons: [2.837e+03 8.760e+02 4.070e+02 2.000e+02 1.300e+02 7.800e+01 5.100e+01
 4.400e+01 3.000e+01 2.600e+01 1.800e+01 1.700e+01 8.000e+00 6.000e+00
 1.100e+01 8.000e+00 6.000e+00 6.000e+00 5.000e+00 1.100e+01 4.000e+00
 2.000e+00 2.000e+00 4.000e+00 1.000e+00 4.000e+00 1.000e+00 3.000e+00
 1.000e+00 2.000e+00 2.000e+00 2.000e+00 1.000e+00 1.000e+00 0.000e+00
 4.000e+00 0.000e+00 0.000e+00 0.000e+00 0.000e+00 0.000e+00 1.000e+00
 2.000e+00 0.000e+00 0.000e+00 0.000e+00 0.000e+00 0.000e+00]
1041600 loops cons: [2.85e+03 8.85e+02 4.08e+02 2.00e+02 1.31e+02 7.80e+01 5.10e+01 4.40e+01
 3.20e+01 2.60e+01 1.80e+01 1.70e+01 8.00e+00 6.00e+00 1.20e+01 8.00e+00
 6.00e+00 6.00e+00 5.00e+00 1.10e+01 4.00e+00 2.00e+00 2.00e+00 4.00e+00
 1.00e+00 4.00e+00 1.00e+00 3.00e+00 1.00e+00 2.00e+00 2.00e+00 2.00e+00
 1.00e+00 1.00e+00 0.00e+00 4.00e+00 0.00e+00 0.00e+00 0.00e+00 0.00e+00
 0.00e+00 1.00e+00 2.00e+00 0.00e+00 0.00e+00 0.00e+00 0.00e+00 0.00e+00]
1046400 loops cons: [2.866e+03 8.920e+02 4.080e+02 2.000e+02 1.330e+02 7.800e+01 5.100e+01
 4.400e+01 3.200e+01 2.600e+01 1.800e+01 1.800e+01 8.000e+00 6.000e+00
 1.200e+01 8.000e+00 6.000e+00 6.000e+00 5.000e+00 1.100e+01 4.000e+00
 2.000e+00 2.000e+00 5.000e+00 1.000e+00 5.000e+00 1.000e+00 3.000e+00
 1.000e+00 2.000e+00 2.000e+00 2.000e+00 1.000e+00 1.000e+00 0.000e+00
 4.000e+00 0.000e+00 0.000e+00 0.000e+00 0.000e+00 0.000e+00 1.000e+00
 2.000e+00 0.000e+00 0.000e+00 0.000e+00 0.000e+00 0.000e+00]
1051200 loops cons: [2.885e+03 8.940e+02 4.090e+02 2.010e+02 1.340e+02 7.900e+01 5.200e+01
 4.400e+01 3.200e+01 2.600e+01 1.800e+01 1.800e+01 8.000e+00 6.000e+00
 1.200e+01 8.000e+00 6.000e+00 6.000e+00 5.000e+00 1.100e+01 4.000e+00
 2.000e+00 2.000e+00 5.000e+00 1.000e+00 5.000e+00 1.000e+00 3.000e+00
 1.000e+00 2.000e+00 2.000e+00 2.000e+00 1.000e+00 1.000e+00 0.000e+00
 4.000e+00 0.000e+00 0.000e+00 0.000e+00 0.000e+00 0.000e+00 1.000e+00
 2.000e+00 0.000e+00 0.000e+00 0.000e+00 0.000e+00 0.000e+00]
1056000 loops cons: [2.90e+03 8.98e+02 4.10e+02 2.06e+02 1.34e+02 7.90e+01 5.20e+01 4.40e+01
 3.20e+01 2.60e+01 1.80e+01 1.80e+01 8.00e+00 6.00e+00 1.20e+01 8.00e+00
 6.00e+00 6.00e+00 5.00e+00 1.10e+01 4.00e+00 2.00e+00 2.00e+00 5.00e+00
 1.00e+00 5.00e+00 1.00e+00 3.00e+00 1.00e+00 2.00e+00 2.00e+00 2.00e+00
 1.00e+00 1.00e+00 0.00e+00 4.00e+00 0.00e+00 0.00e+00 0.00e+00 0.00e+00
 0.00e+00 1.00e+00 2.00e+00 0.00e+00 0.00e+00 0.00e+00 0.00e+00 0.00e+00]
1060800 loops cons: [2.917e+03 9.020e+02 4.120e+02 2.060e+02 1.350e+02 7.900e+01 5.200e+01
 4.400e+01 3.200e+01 2.700e+01 1.800e+01 1.800e+01 8.000e+00 6.000e+00
 1.200e+01 8.000e+00 6.000e+00 6.000e+00 5.000e+00 1.100e+01 4.000e+00
 2.000e+00 2.000e+00 5.000e+00 1.000e+00 5.000e+00 1.000e+00 3.000e+00
 1.000e+00 2.000e+00 2.000e+00 2.000e+00 1.000e+00 2.000e+00 0.000e+00
 4.000e+00 0.000e+00 0.000e+00 0.000e+00 0.000e+00 0.000e+00 1.000e+00
 2.000e+00 0.000e+00 0.000e+00 0.000e+00 0.000e+00 0.000e+00]
1065600 loops cons: [2.926e+03 9.070e+02 4.150e+02 2.060e+02 1.360e+02 7.900e+01 5.200e+01
 4.500e+01 3.400e+01 2.700e+01 1.800e+01 1.800e+01 8.000e+00 6.000e+00
 1.200e+01 8.000e+00 6.000e+00 6.000e+00 5.000e+00 1.100e+01 4.000e+00
 2.000e+00 2.000e+00 5.000e+00 1.000e+00 5.000e+00 1.000e+00 3.000e+00
 1.000e+00 2.000e+00 2.000e+00 2.000e+00 1.000e+00 2.000e+00 0.000e+00
 4.000e+00 0.000e+00 0.000e+00 0.000e+00 0.000e+00 0.000e+00 1.000e+00
 2.000e+00 0.000e+00 0.000e+00 0.000e+00 0.000e+00 0.000e+00]
1070400 loops cons: [2.939e+03 9.120e+02 4.150e+02 2.060e+02 1.360e+02 8.100e+01 5.300e+01
 4.500e+01 3.400e+01 2.700e+01 1.800e+01 1.800e+01 8.000e+00 6.000e+00
 1.200e+01 8.000e+00 6.000e+00 6.000e+00 5.000e+00 1.100e+01 4.000e+00
 2.000e+00 2.000e+00 5.000e+00 1.000e+00 5.000e+00 1.000e+00 3.000e+00
 1.000e+00 2.000e+00 2.000e+00 2.000e+00 1.000e+00 2.000e+00 0.000e+00
 4.000e+00 0.000e+00 0.000e+00 0.000e+00 0.000e+00 0.000e+00 1.000e+00
 2.000e+00 0.000e+00 0.000e+00 0.000e+00 0.000e+00 0.000e+00]
1075200 loops cons: [2.952e+03 9.170e+02 4.170e+02 2.070e+02 1.370e+02 8.200e+01 5.400e+01
 4.500e+01 3.400e+01 2.700e+01 1.800e+01 1.800e+01 8.000e+00 6.000e+00
 1.200e+01 8.000e+00 6.000e+00 6.000e+00 5.000e+00 1.100e+01 4.000e+00
 2.000e+00 2.000e+00 5.000e+00 1.000e+00 5.000e+00 1.000e+00 3.000e+00
 1.000e+00 2.000e+00 2.000e+00 2.000e+00 1.000e+00 2.000e+00 0.000e+00
 4.000e+00 0.000e+00 0.000e+00 0.000e+00 0.000e+00 0.000e+00 1.000e+00
 2.000e+00 0.000e+00 0.000e+00 0.000e+00 0.000e+00 0.000e+00]
1080000 loops cons: [2.963e+03 9.230e+02 4.190e+02 2.070e+02 1.370e+02 8.400e+01 5.400e+01
 4.600e+01 3.400e+01 2.700e+01 1.800e+01 1.800e+01 8.000e+00 7.000e+00
 1.200e+01 8.000e+00 6.000e+00 6.000e+00 5.000e+00 1.100e+01 4.000e+00
 2.000e+00 2.000e+00 5.000e+00 1.000e+00 5.000e+00 1.000e+00 3.000e+00
 1.000e+00 2.000e+00 2.000e+00 2.000e+00 1.000e+00 2.000e+00 0.000e+00
 4.000e+00 0.000e+00 0.000e+00 0.000e+00 0.000e+00 0.000e+00 1.000e+00
 2.000e+00 0.000e+00 0.000e+00 0.000e+00 0.000e+00 0.000e+00]
