Starting new run concatemerization
concentration: 2
0 loops cons: [0. 0. 0. 0. 0. 0. 0. 0. 0. 0. 0. 0. 0. 0. 0. 0. 0. 0. 0. 0. 0. 0. 0. 0.
 0. 0. 0. 0. 0. 0. 0. 0. 0. 0. 0. 0. 0. 0. 0. 0. 0. 0. 0. 0. 0. 0. 0. 0.]
4800 loops cons: [13.  1.  1.  1.  1.  1.  0.  0.  0.  0.  0.  0.  0.  0.  0.  0.  0.  1.
  0.  0.  0.  0.  0.  0.  0.  0.  0.  0.  0.  0.  0.  0.  0.  0.  0.  0.
  0.  0.  0.  0.  0.  0.  0.  0.  0.  0.  0.  0.]
9600 loops cons: [24.  2.  2.  1.  2.  1.  0.  0.  0.  0.  0.  0.  0.  0.  0.  0.  0.  1.
  0.  0.  0.  0.  0.  0.  0.  0.  0.  0.  0.  0.  0.  0.  0.  0.  0.  0.
  0.  0.  0.  0.  0.  0.  0.  0.  0.  0.  0.  0.]
14400 loops cons: [38.  7.  5.  1.  3.  1.  0.  0.  0.  0.  0.  1.  0.  0.  0.  0.  0.  1.
  0.  0.  0.  0.  0.  0.  0.  0.  0.  0.  0.  0.  0.  0.  0.  0.  0.  0.
  0.  0.  0.  0.  0.  0.  0.  0.  0.  0.  0.  0.]
19200 loops cons: [54. 11.  7.  2.  3.  1.  0.  0.  0.  1.  0.  1.  0.  0.  0.  0.  0.  1.
  0.  0.  0.  0.  0.  0.  0.  0.  0.  0.  0.  0.  0.  0.  0.  0.  0.  0.
  0.  0.  0.  0.  0.  0.  0.  0.  0.  0.  0.  0.]
24000 loops cons: [69. 18.  8.  3.  4.  2.  1.  0.  0.  1.  1.  1.  0.  0.  0.  0.  0.  1.
  0.  0.  0.  0.  0.  0.  0.  0.  0.  0.  0.  0.  0.  0.  0.  0.  0.  0.
  0.  0.  0.  0.  0.  0.  0.  0.  0.  0.  0.  0.]
28800 loops cons: [85. 21. 10.  5.  7.  2.  1.  0.  0.  1.  1.  1.  0.  0.  0.  0.  0.  1.
  0.  0.  0.  0.  0.  0.  0.  0.  0.  0.  0.  0.  0.  0.  0.  0.  0.  0.
  0.  0.  0.  0.  0.  0.  0.  0.  0.  0.  0.  0.]
33600 loops cons: [97. 27. 10.  6.  7.  2.  1.  0.  0.  2.  1.  1.  0.  0.  0.  0.  0.  1.
  0.  0.  0.  0.  0.  0.  0.  0.  0.  0.  0.  0.  0.  0.  0.  0.  0.  0.
  0.  0.  0.  0.  0.  0.  0.  0.  0.  0.  0.  0.]
38400 loops cons: [109.  30.  13.   6.   8.   2.   2.   0.   0.   2.   1.   1.   0.   0.
   0.   0.   0.   1.   0.   0.   0.   0.   0.   0.   0.   0.   0.   0.
   0.   0.   0.   0.   0.   0.   0.   0.   0.   0.   0.   0.   0.   0.
   0.   0.   0.   0.   0.   0.]
43200 loops cons: [117.  36.  14.   6.   9.   2.   2.   0.   0.   2.   1.   1.   0.   0.
   0.   0.   0.   1.   0.   0.   0.   0.   0.   0.   0.   0.   0.   0.
   0.   0.   0.   0.   0.   0.   0.   0.   0.   0.   0.   0.   0.   0.
   0.   0.   0.   0.   0.   0.]
48000 loops cons: [132.  40.  18.   9.   9.   2.   3.   2.   0.   2.   1.   1.   0.   0.
   0.   0.   0.   1.   0.   0.   0.   0.   0.   0.   0.   0.   0.   0.
   0.   0.   0.   0.   0.   0.   0.   0.   0.   0.   0.   0.   0.   0.
   0.   0.   0.   0.   0.   0.]
52800 loops cons: [154.  43.  23.   9.  10.   4.   3.   3.   1.   2.   1.   2.   0.   0.
   0.   0.   0.   1.   1.   0.   0.   0.   0.   0.   0.   0.   0.   0.
   0.   0.   0.   0.   0.   0.   0.   0.   0.   0.   0.   0.   0.   0.
   0.   0.   0.   0.   0.   0.]
57600 loops cons: [166.  45.  24.  12.  10.   4.   4.   3.   1.   2.   1.   2.   0.   0.
   1.   0.   1.   1.   1.   0.   0.   0.   0.   0.   0.   0.   0.   0.
   0.   0.   0.   0.   0.   0.   0.   0.   0.   0.   0.   0.   0.   0.
   0.   0.   0.   0.   0.   0.]
62400 loops cons: [184.  51.  25.  12.  10.   4.   4.   5.   2.   2.   1.   2.   0.   0.
   1.   0.   2.   2.   1.   0.   0.   0.   0.   0.   0.   0.   0.   0.
   0.   0.   0.   0.   0.   0.   0.   0.   0.   0.   0.   0.   0.   0.
   0.   0.   0.   0.   0.   0.]
67200 loops cons: [196.  52.  27.  13.  11.   4.   5.   6.   2.   2.   1.   3.   0.   0.
   1.   0.   2.   2.   1.   0.   0.   0.   0.   0.   0.   0.   0.   0.
   0.   0.   0.   0.   0.   0.   0.   0.   0.   0.   0.   0.   0.   0.
   0.   0.   0.   0.   0.   0.]
72000 loops cons: [206.  56.  27.  14.  12.   4.   5.   6.   3.   2.   1.   3.   0.   0.
   1.   0.   2.   2.   1.   0.   0.   0.   0.   0.   0.   0.   0.   0.
   0.   0.   0.   0.   0.   0.   0.   0.   0.   0.   0.   0.   0.   0.
   0.   0.   0.   0.   0.   0.]
76800 loops cons: [215.  57.  29.  14.  12.   4.   5.   6.   3.   2.   1.   3.   0.   0.
   1.   0.   2.   2.   1.   0.   0.   0.   0.   1.   0.   0.   0.   0.
   0.   0.   0.   0.   0.   0.   0.   0.   0.   0.   0.   0.   0.   0.
   0.   0.   0.   0.   0.   0.]
81600 loops cons: [226.  61.  32.  19.  12.   5.   5.   7.   3.   2.   1.   3.   0.   0.
   1.   0.   2.   2.   1.   0.   0.   0.   0.   1.   0.   0.   0.   0.
   0.   0.   0.   0.   0.   0.   0.   0.   0.   0.   0.   0.   0.   0.
   0.   0.   0.   0.   0.   0.]
86400 loops cons: [235.  65.  36.  20.  14.   5.   5.   7.   3.   2.   1.   3.   0.   0.
   1.   0.   2.   2.   1.   0.   0.   0.   0.   1.   0.   0.   0.   0.
   0.   0.   0.   0.   0.   0.   0.   0.   0.   0.   0.   0.   0.   0.
   0.   0.   0.   0.   0.   0.]
91200 loops cons: [242.  66.  38.  21.  15.   5.   5.   7.   4.   2.   1.   3.   1.   0.
   1.   0.   2.   2.   1.   0.   0.   0.   0.   2.   0.   0.   0.   0.
   0.   0.   0.   0.   0.   0.   0.   0.   0.   0.   0.   0.   0.   0.
   0.   0.   0.   0.   0.   0.]
96000 loops cons: [261.  72.  38.  21.  15.   5.   5.   7.   4.   2.   1.   3.   1.   0.
   1.   0.   2.   2.   1.   0.   0.   0.   0.   2.   0.   0.   0.   0.
   0.   0.   0.   0.   0.   0.   0.   0.   0.   0.   0.   0.   0.   0.
   0.   0.   0.   0.   0.   0.]
100800 loops cons: [280.  78.  41.  22.  15.   6.   5.   7.   4.   2.   1.   3.   1.   0.
   1.   0.   2.   3.   1.   0.   0.   0.   0.   2.   0.   0.   0.   0.
   0.   0.   0.   0.   0.   0.   0.   0.   0.   0.   0.   0.   0.   0.
   0.   0.   0.   0.   0.   0.]
105600 loops cons: [292.  81.  43.  23.  15.   6.   6.   7.   4.   2.   1.   3.   1.   0.
   1.   0.   2.   3.   1.   0.   0.   0.   1.   2.   0.   0.   0.   0.
   0.   0.   0.   0.   0.   0.   0.   0.   0.   0.   0.   0.   0.   0.
   0.   0.   0.   0.   0.   0.]
110400 loops cons: [307.  84.  47.  24.  15.   6.   6.   7.   4.   2.   1.   3.   1.   0.
   1.   0.   2.   3.   1.   0.   0.   0.   1.   2.   0.   0.   0.   0.
   0.   0.   0.   0.   0.   0.   0.   0.   0.   0.   0.   0.   0.   0.
   0.   0.   0.   0.   0.   0.]
115200 loops cons: [323.  88.  48.  26.  15.   7.   6.   7.   4.   2.   2.   3.   1.   0.
   1.   0.   2.   3.   1.   0.   0.   0.   1.   2.   0.   0.   0.   0.
   0.   1.   0.   0.   0.   0.   0.   0.   0.   0.   0.   0.   0.   0.
   0.   0.   0.   0.   0.   0.]
120000 loops cons: [336.  92.  50.  26.  16.   7.   6.   7.   6.   2.   2.   3.   1.   0.
   1.   0.   2.   3.   1.   0.   0.   0.   1.   2.   0.   0.   0.   0.
   0.   1.   0.   0.   0.   0.   0.   0.   0.   0.   0.   0.   0.   0.
   0.   0.   0.   0.   0.   0.]
124800 loops cons: [343.  98.  53.  27.  16.   7.   7.   7.   6.   2.   2.   4.   1.   0.
   1.   0.   2.   3.   1.   0.   0.   0.   1.   2.   0.   0.   0.   0.
   0.   1.   0.   0.   0.   0.   0.   0.   0.   0.   0.   0.   0.   0.
   0.   0.   0.   0.   0.   0.]
129600 loops cons: [355. 100.  54.  28.  16.   8.   7.   7.   6.   3.   2.   5.   1.   0.
   2.   0.   2.   3.   1.   0.   0.   0.   1.   2.   1.   0.   0.   0.
   0.   1.   0.   0.   0.   0.   0.   0.   0.   0.   0.   0.   1.   0.
   0.   0.   0.   0.   0.   0.]
134400 loops cons: [368. 101.  55.  30.  17.   9.   7.   7.   6.   3.   2.   5.   1.   0.
   2.   1.   2.   3.   1.   0.   0.   0.   1.   2.   1.   0.   0.   0.
   0.   1.   0.   0.   0.   0.   0.   0.   0.   0.   0.   0.   1.   0.
   0.   0.   0.   0.   0.   0.]
139200 loops cons: [386. 111.  56.  32.  18.   9.   7.   9.   6.   3.   2.   5.   1.   0.
   2.   1.   2.   3.   1.   0.   0.   0.   1.   2.   1.   0.   0.   0.
   0.   1.   0.   0.   0.   0.   0.   0.   0.   0.   0.   0.   1.   0.
   0.   0.   0.   0.   0.   0.]
144000 loops cons: [394. 115.  57.  32.  19.   9.   8.   9.   6.   3.   2.   6.   1.   0.
   2.   1.   2.   3.   1.   0.   0.   0.   1.   2.   2.   0.   0.   0.
   0.   1.   0.   0.   0.   0.   0.   0.   0.   0.   0.   0.   1.   0.
   0.   0.   0.   0.   0.   0.]
148800 loops cons: [408. 118.  60.  35.  20.   9.   9.   9.   6.   3.   2.   6.   1.   0.
   2.   1.   2.   3.   1.   0.   0.   0.   1.   2.   2.   0.   0.   0.
   0.   1.   0.   0.   0.   0.   0.   0.   0.   0.   0.   0.   1.   0.
   0.   0.   0.   0.   0.   0.]
153600 loops cons: [423. 122.  65.  35.  21.  12.   9.   9.   6.   3.   2.   6.   1.   0.
   2.   1.   2.   3.   1.   0.   0.   0.   1.   2.   2.   0.   0.   0.
   0.   1.   0.   0.   0.   0.   0.   0.   0.   0.   0.   0.   1.   0.
   0.   0.   0.   0.   0.   0.]
158400 loops cons: [438. 124.  66.  36.  22.  13.   9.   9.   6.   3.   2.   6.   1.   0.
   2.   1.   3.   3.   1.   0.   0.   0.   1.   2.   2.   0.   0.   0.
   0.   1.   0.   0.   0.   0.   0.   0.   0.   0.   0.   0.   1.   0.
   0.   0.   0.   0.   0.   0.]
163200 loops cons: [450. 132.  67.  36.  22.  13.   9.   9.   6.   3.   2.   6.   2.   0.
   2.   1.   3.   3.   1.   0.   0.   0.   1.   2.   3.   0.   0.   0.
   0.   1.   0.   0.   0.   0.   0.   0.   0.   0.   0.   0.   1.   0.
   0.   0.   0.   0.   0.   0.]
168000 loops cons: [464. 137.  69.  38.  22.  13.   9.   9.   6.   3.   2.   6.   2.   0.
   2.   1.   4.   3.   1.   0.   0.   0.   1.   2.   3.   0.   0.   0.
   0.   1.   0.   0.   0.   0.   0.   0.   0.   0.   0.   0.   1.   0.
   0.   0.   0.   0.   0.   0.]
172800 loops cons: [478. 142.  72.  39.  22.  13.   9.   9.   6.   3.   2.   6.   2.   0.
   2.   1.   4.   3.   1.   1.   0.   0.   1.   2.   3.   0.   0.   1.
   0.   1.   0.   0.   0.   0.   0.   0.   0.   0.   0.   0.   1.   0.
   0.   0.   0.   0.   0.   0.]
177600 loops cons: [492. 145.  73.  41.  24.  13.   9.   9.   6.   3.   2.   6.   2.   0.
   2.   1.   4.   3.   1.   1.   0.   0.   1.   2.   3.   0.   0.   1.
   0.   1.   0.   0.   0.   0.   0.   0.   0.   0.   0.   0.   1.   0.
   0.   0.   0.   0.   0.   0.]
182400 loops cons: [513. 151.  76.  41.  24.  14.   9.  10.   6.   4.   2.   7.   2.   0.
   2.   1.   4.   3.   1.   1.   0.   0.   1.   2.   3.   0.   0.   1.
   0.   1.   0.   0.   0.   0.   0.   0.   0.   0.   0.   0.   1.   0.
   0.   0.   0.   0.   0.   0.]
187200 loops cons: [528. 153.  77.  42.  24.  15.   9.  10.   6.   5.   2.   7.   2.   0.
   3.   1.   4.   3.   1.   1.   0.   0.   1.   2.   3.   0.   0.   1.
   0.   1.   0.   0.   0.   0.   0.   0.   0.   0.   0.   0.   1.   0.
   0.   0.   0.   0.   0.   0.]
192000 loops cons: [543. 157.  78.  45.  24.  16.   9.  10.   7.   5.   2.   8.   2.   0.
   3.   1.   4.   3.   1.   1.   0.   0.   1.   2.   3.   0.   0.   1.
   0.   1.   0.   0.   0.   0.   0.   0.   0.   0.   0.   0.   1.   0.
   0.   0.   0.   0.   0.   0.]
196800 loops cons: [551. 160.  78.  45.  24.  17.   9.  10.   7.   5.   2.   8.   2.   0.
   3.   1.   4.   3.   1.   1.   0.   0.   1.   2.   3.   0.   0.   1.
   0.   1.   0.   0.   0.   0.   0.   0.   0.   0.   0.   0.   1.   0.
   0.   0.   0.   0.   0.   0.]
201600 loops cons: [561. 164.  82.  46.  24.  17.   9.  10.   7.   5.   2.   8.   2.   0.
   3.   1.   4.   3.   2.   1.   0.   0.   1.   2.   3.   0.   0.   1.
   0.   1.   0.   0.   0.   0.   0.   0.   0.   0.   0.   0.   1.   0.
   0.   0.   0.   0.   0.   0.]
206400 loops cons: [574. 171.  88.  47.  25.  17.   9.  10.   7.   5.   2.   8.   2.   0.
   3.   1.   4.   3.   2.   2.   0.   0.   1.   2.   3.   0.   0.   1.
   0.   1.   0.   0.   0.   0.   0.   0.   0.   0.   0.   0.   1.   0.
   0.   0.   0.   0.   0.   1.]
211200 loops cons: [592. 176.  92.  52.  26.  17.   9.  10.   7.   5.   2.   8.   2.   0.
   3.   1.   4.   4.   2.   2.   0.   0.   1.   2.   3.   0.   0.   1.
   0.   1.   0.   0.   0.   0.   0.   0.   0.   0.   0.   0.   1.   0.
   0.   0.   0.   0.   0.   1.]
216000 loops cons: [606. 179.  93.  53.  26.  17.   9.  10.   7.   5.   2.   8.   2.   0.
   3.   1.   4.   4.   2.   2.   0.   0.   1.   2.   3.   1.   0.   1.
   0.   1.   0.   0.   0.   0.   0.   0.   0.   0.   0.   0.   1.   0.
   0.   0.   0.   0.   0.   1.]
220800 loops cons: [617. 183.  96.  55.  26.  17.   9.  10.   7.   5.   2.   8.   2.   0.
   3.   1.   4.   5.   2.   2.   0.   0.   1.   2.   3.   1.   0.   1.
   0.   1.   0.   0.   0.   0.   0.   0.   0.   0.   0.   0.   1.   0.
   0.   0.   0.   0.   0.   1.]
225600 loops cons: [627. 184. 100.  56.  27.  17.   9.  10.   7.   5.   2.   8.   2.   0.
   3.   1.   4.   5.   2.   2.   0.   0.   1.   2.   3.   1.   0.   1.
   0.   1.   0.   0.   0.   0.   0.   0.   0.   0.   0.   0.   1.   0.
   0.   0.   0.   0.   0.   1.]
230400 loops cons: [640. 191. 103.  57.  29.  18.   9.  10.   7.   5.   2.   8.   2.   0.
   3.   1.   4.   5.   2.   3.   0.   0.   1.   2.   3.   1.   0.   1.
   0.   1.   0.   0.   0.   0.   0.   0.   0.   0.   0.   0.   1.   0.
   0.   0.   0.   0.   0.   1.]
235200 loops cons: [655. 196. 109.  57.  29.  18.   9.  10.   7.   5.   3.   8.   2.   0.
   3.   1.   4.   5.   2.   3.   0.   0.   1.   2.   3.   1.   0.   1.
   0.   1.   0.   0.   0.   0.   0.   0.   0.   0.   0.   0.   1.   0.
   0.   0.   0.   0.   0.   1.]
240000 loops cons: [667. 204. 110.  57.  29.  18.   9.  11.   7.   5.   3.   9.   2.   0.
   3.   1.   4.   6.   2.   3.   0.   0.   1.   2.   3.   1.   0.   1.
   0.   1.   0.   0.   0.   0.   0.   0.   0.   0.   0.   0.   1.   0.
   0.   0.   0.   0.   0.   1.]
244800 loops cons: [680. 205. 111.  58.  29.  19.   9.  12.   7.   5.   3.   9.   2.   0.
   3.   1.   4.   6.   2.   3.   0.   0.   1.   2.   3.   1.   0.   2.
   0.   1.   0.   0.   0.   0.   0.   0.   0.   0.   0.   0.   1.   0.
   0.   0.   0.   0.   0.   1.]
249600 loops cons: [692. 208. 113.  60.  30.  19.   9.  12.   7.   5.   3.   9.   2.   0.
   3.   1.   4.   6.   2.   3.   0.   0.   1.   2.   3.   1.   0.   2.
   0.   1.   0.   0.   0.   0.   0.   0.   0.   0.   0.   0.   1.   0.
   0.   0.   0.   0.   0.   1.]
254400 loops cons: [706. 213. 115.  60.  32.  19.   9.  13.   8.   5.   3.   9.   2.   0.
   3.   1.   4.   6.   2.   3.   0.   0.   1.   2.   3.   1.   0.   2.
   0.   1.   0.   0.   0.   0.   0.   0.   0.   0.   0.   0.   1.   0.
   0.   0.   0.   0.   0.   1.]
259200 loops cons: [718. 221. 118.  60.  32.  19.  10.  13.   8.   5.   3.   9.   2.   0.
   3.   1.   4.   6.   2.   3.   0.   0.   1.   3.   3.   1.   0.   2.
   0.   1.   0.   0.   0.   0.   0.   0.   0.   0.   0.   0.   1.   0.
   0.   0.   0.   0.   0.   1.]
264000 loops cons: [735. 223. 119.  60.  34.  19.  10.  14.   8.   5.   3.   9.   2.   0.
   3.   1.   5.   6.   2.   3.   0.   0.   1.   3.   3.   1.   0.   2.
   0.   1.   0.   0.   0.   0.   0.   0.   0.   0.   0.   0.   1.   0.
   0.   0.   0.   0.   0.   1.]
268800 loops cons: [753. 226. 121.  60.  34.  20.  10.  14.   8.   5.   3.  10.   2.   0.
   3.   1.   5.   6.   2.   3.   0.   0.   1.   3.   3.   1.   0.   2.
   0.   1.   0.   0.   0.   0.   0.   0.   0.   0.   0.   0.   1.   0.
   0.   0.   0.   0.   0.   1.]
273600 loops cons: [764. 230. 121.  62.  35.  20.  10.  14.   8.   5.   3.  10.   2.   0.
   3.   1.   5.   6.   2.   3.   0.   0.   1.   3.   3.   1.   0.   2.
   0.   1.   0.   0.   0.   0.   0.   0.   0.   0.   0.   0.   1.   0.
   0.   0.   0.   0.   0.   1.]
278400 loops cons: [782. 236. 123.  63.  35.  20.  11.  14.   8.   5.   4.  10.   2.   0.
   3.   1.   5.   6.   2.   3.   1.   0.   1.   3.   3.   1.   0.   2.
   0.   1.   0.   0.   0.   0.   0.   0.   0.   0.   0.   0.   1.   0.
   0.   0.   0.   0.   0.   1.]
283200 loops cons: [793. 239. 125.  65.  35.  20.  12.  14.   8.   5.   4.  10.   3.   0.
   3.   1.   5.   6.   2.   3.   1.   0.   1.   3.   3.   1.   0.   2.
   0.   1.   0.   0.   0.   0.   0.   0.   0.   0.   0.   0.   1.   0.
   0.   0.   0.   0.   0.   1.]
288000 loops cons: [812. 243. 129.  68.  35.  20.  12.  14.   8.   5.   4.  10.   3.   0.
   3.   2.   5.   6.   2.   3.   1.   0.   1.   3.   3.   1.   0.   2.
   0.   1.   0.   0.   0.   0.   0.   0.   0.   0.   0.   0.   1.   0.
   0.   0.   0.   0.   0.   1.]
292800 loops cons: [825. 246. 132.  69.  35.  21.  12.  14.   8.   5.   4.  10.   3.   0.
   3.   2.   5.   6.   2.   3.   1.   0.   1.   3.   3.   1.   0.   2.
   0.   1.   0.   0.   0.   0.   0.   0.   0.   0.   0.   0.   1.   0.
   0.   0.   0.   0.   0.   1.]
297600 loops cons: [838. 249. 134.  71.  35.  21.  12.  14.   8.   5.   4.  10.   3.   0.
   3.   2.   5.   6.   2.   3.   1.   0.   1.   3.   3.   1.   0.   2.
   0.   1.   0.   0.   0.   0.   0.   0.   0.   0.   0.   0.   1.   0.
   0.   0.   0.   0.   0.   1.]
302400 loops cons: [856. 252. 136.  72.  35.  21.  12.  14.   8.   5.   4.  10.   3.   0.
   3.   2.   5.   6.   2.   3.   1.   0.   1.   3.   3.   1.   0.   2.
   0.   1.   0.   0.   0.   0.   0.   0.   0.   0.   0.   0.   1.   0.
   0.   0.   0.   0.   0.   1.]
307200 loops cons: [875. 256. 137.  72.  36.  22.  12.  14.   8.   5.   4.  10.   3.   0.
   3.   2.   5.   6.   2.   3.   1.   0.   1.   3.   3.   1.   0.   2.
   0.   1.   0.   0.   0.   0.   0.   0.   0.   0.   0.   0.   1.   0.
   0.   1.   0.   0.   0.   1.]
312000 loops cons: [884. 259. 138.  75.  36.  22.  12.  14.   8.   5.   4.  10.   3.   0.
   3.   2.   5.   6.   2.   3.   1.   0.   1.   3.   3.   1.   0.   2.
   0.   1.   0.   0.   0.   0.   0.   0.   0.   0.   0.   0.   1.   0.
   0.   1.   0.   0.   0.   1.]
316800 loops cons: [899. 263. 142.  75.  36.  22.  12.  14.   8.   5.   4.  10.   3.   0.
   3.   2.   5.   6.   2.   4.   1.   0.   1.   3.   3.   1.   0.   2.
   0.   1.   0.   0.   0.   0.   0.   0.   0.   0.   0.   0.   1.   0.
   0.   1.   0.   0.   0.   1.]
321600 loops cons: [911. 264. 144.  75.  36.  22.  13.  14.   8.   6.   4.  10.   3.   0.
   3.   2.   5.   6.   2.   4.   1.   0.   1.   3.   3.   1.   0.   2.
   0.   1.   0.   0.   0.   0.   0.   0.   0.   0.   0.   0.   1.   0.
   0.   1.   0.   0.   0.   1.]
326400 loops cons: [920. 268. 149.  76.  36.  22.  13.  14.   8.   6.   4.  10.   3.   0.
   3.   2.   5.   6.   2.   4.   1.   0.   1.   3.   3.   1.   0.   2.
   0.   1.   0.   0.   0.   0.   0.   0.   0.   0.   0.   0.   1.   0.
   0.   1.   0.   0.   0.   1.]
331200 loops cons: [931. 272. 150.  77.  36.  22.  13.  14.   8.   6.   4.  10.   3.   0.
   3.   2.   5.   6.   2.   4.   1.   0.   1.   3.   3.   1.   0.   2.
   0.   1.   0.   0.   0.   0.   0.   0.   0.   0.   0.   0.   1.   0.
   0.   1.   0.   0.   0.   1.]
336000 loops cons: [940. 274. 154.  78.  37.  22.  13.  14.   9.   7.   4.  10.   3.   0.
   3.   2.   5.   6.   2.   4.   1.   0.   1.   3.   3.   1.   0.   2.
   0.   1.   0.   0.   0.   0.   0.   0.   0.   0.   0.   0.   1.   0.
   0.   1.   0.   0.   0.   1.]
340800 loops cons: [953. 279. 155.  78.  37.  22.  13.  14.   9.   7.   4.  10.   4.   0.
   3.   2.   6.   6.   2.   4.   1.   0.   2.   3.   3.   1.   0.   2.
   0.   1.   0.   0.   0.   0.   0.   0.   0.   0.   0.   0.   1.   0.
   0.   1.   0.   0.   0.   1.]
345600 loops cons: [964. 284. 158.  79.  37.  22.  15.  14.  10.   7.   4.  10.   4.   1.
   3.   2.   6.   6.   2.   4.   1.   0.   2.   3.   3.   1.   1.   2.
   0.   1.   0.   0.   0.   0.   0.   0.   0.   0.   0.   0.   1.   0.
   0.   1.   0.   0.   0.   1.]
350400 loops cons: [974. 287. 158.  80.  37.  24.  15.  14.  10.   7.   4.  10.   4.   1.
   3.   2.   6.   6.   2.   4.   1.   0.   2.   3.   3.   1.   1.   2.
   0.   1.   0.   0.   0.   0.   0.   0.   0.   0.   0.   0.   1.   0.
   0.   1.   0.   0.   0.   1.]
355200 loops cons: [988. 289. 160.  80.  37.  26.  15.  14.  10.   7.   4.  10.   4.   1.
   3.   2.   6.   6.   2.   4.   1.   0.   2.   3.   3.   1.   1.   2.
   0.   1.   0.   0.   0.   0.   0.   0.   0.   0.   0.   0.   1.   0.
   0.   1.   0.   0.   0.   1.]
360000 loops cons: [996. 292. 163.  81.  37.  26.  15.  14.  10.   7.   4.  10.   4.   1.
   3.   2.   6.   6.   2.   4.   1.   0.   2.   3.   3.   1.   1.   2.
   0.   1.   0.   0.   0.   0.   0.   0.   0.   0.   0.   0.   1.   0.
   0.   1.   0.   0.   0.   1.]
364800 loops cons: [1.011e+03 3.000e+02 1.630e+02 8.200e+01 3.700e+01 2.600e+01 1.600e+01
 1.400e+01 1.000e+01 7.000e+00 4.000e+00 1.000e+01 4.000e+00 1.000e+00
 3.000e+00 2.000e+00 6.000e+00 6.000e+00 2.000e+00 4.000e+00 1.000e+00
 0.000e+00 2.000e+00 3.000e+00 3.000e+00 1.000e+00 1.000e+00 2.000e+00
 0.000e+00 1.000e+00 0.000e+00 0.000e+00 0.000e+00 0.000e+00 0.000e+00
 0.000e+00 0.000e+00 0.000e+00 0.000e+00 0.000e+00 1.000e+00 0.000e+00
 0.000e+00 1.000e+00 0.000e+00 0.000e+00 0.000e+00 1.000e+00]
369600 loops cons: [1.021e+03 3.020e+02 1.640e+02 8.500e+01 4.000e+01 2.600e+01 1.600e+01
 1.400e+01 1.000e+01 7.000e+00 4.000e+00 1.000e+01 4.000e+00 1.000e+00
 3.000e+00 3.000e+00 6.000e+00 6.000e+00 2.000e+00 4.000e+00 1.000e+00
 0.000e+00 2.000e+00 3.000e+00 3.000e+00 1.000e+00 1.000e+00 2.000e+00
 0.000e+00 1.000e+00 0.000e+00 0.000e+00 0.000e+00 0.000e+00 0.000e+00
 0.000e+00 0.000e+00 0.000e+00 0.000e+00 0.000e+00 1.000e+00 0.000e+00
 0.000e+00 1.000e+00 0.000e+00 0.000e+00 0.000e+00 1.000e+00]
374400 loops cons: [1.035e+03 3.080e+02 1.640e+02 8.700e+01 4.000e+01 2.600e+01 1.600e+01
 1.400e+01 1.000e+01 7.000e+00 4.000e+00 1.000e+01 4.000e+00 1.000e+00
 3.000e+00 3.000e+00 6.000e+00 6.000e+00 2.000e+00 4.000e+00 1.000e+00
 0.000e+00 2.000e+00 3.000e+00 3.000e+00 1.000e+00 1.000e+00 2.000e+00
 0.000e+00 1.000e+00 0.000e+00 0.000e+00 0.000e+00 0.000e+00 0.000e+00
 0.000e+00 0.000e+00 0.000e+00 0.000e+00 0.000e+00 1.000e+00 0.000e+00
 0.000e+00 1.000e+00 0.000e+00 0.000e+00 0.000e+00 1.000e+00]
379200 loops cons: [1.045e+03 3.140e+02 1.640e+02 8.900e+01 4.000e+01 2.700e+01 1.700e+01
 1.400e+01 1.000e+01 7.000e+00 4.000e+00 1.000e+01 4.000e+00 1.000e+00
 3.000e+00 3.000e+00 6.000e+00 6.000e+00 2.000e+00 4.000e+00 1.000e+00
 0.000e+00 2.000e+00 3.000e+00 3.000e+00 1.000e+00 1.000e+00 2.000e+00
 0.000e+00 1.000e+00 0.000e+00 0.000e+00 0.000e+00 0.000e+00 0.000e+00
 0.000e+00 0.000e+00 0.000e+00 0.000e+00 0.000e+00 1.000e+00 0.000e+00
 0.000e+00 1.000e+00 0.000e+00 0.000e+00 0.000e+00 1.000e+00]
384000 loops cons: [1.063e+03 3.190e+02 1.660e+02 9.000e+01 4.000e+01 2.700e+01 1.800e+01
 1.400e+01 1.000e+01 7.000e+00 4.000e+00 1.000e+01 4.000e+00 1.000e+00
 3.000e+00 3.000e+00 6.000e+00 6.000e+00 2.000e+00 4.000e+00 1.000e+00
 0.000e+00 2.000e+00 3.000e+00 3.000e+00 1.000e+00 1.000e+00 2.000e+00
 0.000e+00 1.000e+00 0.000e+00 0.000e+00 0.000e+00 0.000e+00 0.000e+00
 0.000e+00 0.000e+00 0.000e+00 0.000e+00 0.000e+00 1.000e+00 0.000e+00
 0.000e+00 1.000e+00 0.000e+00 0.000e+00 0.000e+00 1.000e+00]
388800 loops cons: [1.076e+03 3.240e+02 1.660e+02 9.200e+01 4.000e+01 2.700e+01 1.800e+01
 1.400e+01 1.000e+01 7.000e+00 4.000e+00 1.100e+01 4.000e+00 1.000e+00
 3.000e+00 3.000e+00 6.000e+00 6.000e+00 2.000e+00 4.000e+00 1.000e+00
 0.000e+00 2.000e+00 3.000e+00 3.000e+00 1.000e+00 1.000e+00 2.000e+00
 0.000e+00 1.000e+00 0.000e+00 0.000e+00 0.000e+00 0.000e+00 0.000e+00
 0.000e+00 0.000e+00 0.000e+00 0.000e+00 0.000e+00 1.000e+00 0.000e+00
 0.000e+00 1.000e+00 0.000e+00 0.000e+00 0.000e+00 1.000e+00]
393600 loops cons: [1.084e+03 3.270e+02 1.660e+02 9.300e+01 4.000e+01 2.700e+01 1.800e+01
 1.400e+01 1.000e+01 7.000e+00 4.000e+00 1.100e+01 4.000e+00 1.000e+00
 3.000e+00 3.000e+00 6.000e+00 6.000e+00 2.000e+00 4.000e+00 1.000e+00
 0.000e+00 2.000e+00 3.000e+00 3.000e+00 1.000e+00 1.000e+00 2.000e+00
 0.000e+00 1.000e+00 0.000e+00 0.000e+00 0.000e+00 0.000e+00 0.000e+00
 0.000e+00 0.000e+00 0.000e+00 0.000e+00 0.000e+00 1.000e+00 0.000e+00
 0.000e+00 1.000e+00 0.000e+00 0.000e+00 0.000e+00 1.000e+00]
398400 loops cons: [1.10e+03 3.29e+02 1.66e+02 9.30e+01 4.00e+01 2.80e+01 1.80e+01 1.40e+01
 1.00e+01 8.00e+00 4.00e+00 1.10e+01 4.00e+00 1.00e+00 3.00e+00 3.00e+00
 6.00e+00 6.00e+00 2.00e+00 4.00e+00 1.00e+00 0.00e+00 2.00e+00 3.00e+00
 3.00e+00 1.00e+00 1.00e+00 2.00e+00 0.00e+00 1.00e+00 0.00e+00 0.00e+00
 0.00e+00 0.00e+00 0.00e+00 0.00e+00 0.00e+00 0.00e+00 0.00e+00 0.00e+00
 1.00e+00 0.00e+00 0.00e+00 1.00e+00 0.00e+00 0.00e+00 0.00e+00 1.00e+00]
403200 loops cons: [1.116e+03 3.360e+02 1.670e+02 9.300e+01 4.000e+01 2.800e+01 2.000e+01
 1.400e+01 1.000e+01 8.000e+00 4.000e+00 1.100e+01 4.000e+00 1.000e+00
 3.000e+00 3.000e+00 6.000e+00 6.000e+00 2.000e+00 4.000e+00 1.000e+00
 0.000e+00 2.000e+00 3.000e+00 3.000e+00 1.000e+00 1.000e+00 2.000e+00
 0.000e+00 1.000e+00 0.000e+00 0.000e+00 0.000e+00 0.000e+00 0.000e+00
 0.000e+00 0.000e+00 0.000e+00 0.000e+00 0.000e+00 1.000e+00 0.000e+00
 0.000e+00 1.000e+00 0.000e+00 0.000e+00 0.000e+00 1.000e+00]
408000 loops cons: [1.127e+03 3.370e+02 1.680e+02 9.400e+01 4.100e+01 2.800e+01 2.000e+01
 1.400e+01 1.000e+01 8.000e+00 4.000e+00 1.100e+01 4.000e+00 1.000e+00
 3.000e+00 3.000e+00 6.000e+00 6.000e+00 2.000e+00 4.000e+00 1.000e+00
 0.000e+00 2.000e+00 3.000e+00 3.000e+00 1.000e+00 1.000e+00 2.000e+00
 0.000e+00 1.000e+00 0.000e+00 0.000e+00 0.000e+00 0.000e+00 0.000e+00
 0.000e+00 0.000e+00 0.000e+00 0.000e+00 0.000e+00 1.000e+00 0.000e+00
 0.000e+00 1.000e+00 0.000e+00 0.000e+00 0.000e+00 1.000e+00]
412800 loops cons: [1.142e+03 3.400e+02 1.690e+02 9.400e+01 4.100e+01 3.000e+01 2.000e+01
 1.400e+01 1.000e+01 8.000e+00 4.000e+00 1.100e+01 4.000e+00 1.000e+00
 3.000e+00 3.000e+00 6.000e+00 6.000e+00 2.000e+00 4.000e+00 1.000e+00
 0.000e+00 2.000e+00 3.000e+00 3.000e+00 1.000e+00 1.000e+00 2.000e+00
 0.000e+00 1.000e+00 0.000e+00 0.000e+00 0.000e+00 0.000e+00 0.000e+00
 0.000e+00 0.000e+00 0.000e+00 0.000e+00 0.000e+00 1.000e+00 0.000e+00
 0.000e+00 1.000e+00 0.000e+00 0.000e+00 0.000e+00 1.000e+00]
417600 loops cons: [1.154e+03 3.430e+02 1.700e+02 9.400e+01 4.300e+01 3.100e+01 2.000e+01
 1.400e+01 1.000e+01 8.000e+00 4.000e+00 1.100e+01 4.000e+00 1.000e+00
 3.000e+00 3.000e+00 6.000e+00 6.000e+00 2.000e+00 4.000e+00 1.000e+00
 0.000e+00 2.000e+00 3.000e+00 3.000e+00 1.000e+00 1.000e+00 2.000e+00
 0.000e+00 1.000e+00 0.000e+00 0.000e+00 0.000e+00 0.000e+00 0.000e+00
 0.000e+00 0.000e+00 0.000e+00 0.000e+00 0.000e+00 1.000e+00 0.000e+00
 0.000e+00 1.000e+00 0.000e+00 0.000e+00 0.000e+00 1.000e+00]
422400 loops cons: [1.163e+03 3.440e+02 1.720e+02 9.500e+01 4.300e+01 3.200e+01 2.000e+01
 1.400e+01 1.000e+01 8.000e+00 4.000e+00 1.100e+01 4.000e+00 1.000e+00
 3.000e+00 3.000e+00 6.000e+00 6.000e+00 2.000e+00 4.000e+00 1.000e+00
 0.000e+00 2.000e+00 4.000e+00 3.000e+00 1.000e+00 1.000e+00 2.000e+00
 0.000e+00 1.000e+00 0.000e+00 0.000e+00 0.000e+00 0.000e+00 0.000e+00
 0.000e+00 0.000e+00 1.000e+00 0.000e+00 0.000e+00 1.000e+00 0.000e+00
 0.000e+00 1.000e+00 0.000e+00 0.000e+00 0.000e+00 1.000e+00]
427200 loops cons: [1.178e+03 3.500e+02 1.750e+02 9.700e+01 4.400e+01 3.200e+01 2.000e+01
 1.500e+01 1.000e+01 8.000e+00 4.000e+00 1.100e+01 4.000e+00 1.000e+00
 3.000e+00 3.000e+00 6.000e+00 6.000e+00 2.000e+00 4.000e+00 1.000e+00
 0.000e+00 2.000e+00 4.000e+00 3.000e+00 1.000e+00 1.000e+00 2.000e+00
 0.000e+00 1.000e+00 0.000e+00 0.000e+00 0.000e+00 0.000e+00 0.000e+00
 0.000e+00 0.000e+00 1.000e+00 0.000e+00 0.000e+00 1.000e+00 0.000e+00
 0.000e+00 1.000e+00 0.000e+00 0.000e+00 0.000e+00 1.000e+00]
432000 loops cons: [1.184e+03 3.540e+02 1.760e+02 9.700e+01 4.400e+01 3.200e+01 2.000e+01
 1.500e+01 1.000e+01 8.000e+00 4.000e+00 1.100e+01 4.000e+00 1.000e+00
 3.000e+00 3.000e+00 6.000e+00 6.000e+00 2.000e+00 4.000e+00 1.000e+00
 0.000e+00 2.000e+00 4.000e+00 3.000e+00 1.000e+00 1.000e+00 2.000e+00
 0.000e+00 1.000e+00 0.000e+00 0.000e+00 0.000e+00 0.000e+00 0.000e+00
 0.000e+00 0.000e+00 1.000e+00 0.000e+00 0.000e+00 1.000e+00 0.000e+00
 0.000e+00 1.000e+00 0.000e+00 0.000e+00 0.000e+00 1.000e+00]
436800 loops cons: [1.199e+03 3.560e+02 1.790e+02 9.900e+01 4.500e+01 3.300e+01 2.100e+01
 1.500e+01 1.000e+01 1.000e+01 4.000e+00 1.100e+01 4.000e+00 1.000e+00
 3.000e+00 3.000e+00 7.000e+00 6.000e+00 2.000e+00 4.000e+00 1.000e+00
 0.000e+00 2.000e+00 4.000e+00 3.000e+00 1.000e+00 1.000e+00 2.000e+00
 0.000e+00 1.000e+00 0.000e+00 0.000e+00 0.000e+00 0.000e+00 0.000e+00
 0.000e+00 0.000e+00 1.000e+00 0.000e+00 0.000e+00 1.000e+00 0.000e+00
 0.000e+00 1.000e+00 0.000e+00 0.000e+00 0.000e+00 1.000e+00]
441600 loops cons: [1.215e+03 3.590e+02 1.790e+02 1.000e+02 4.600e+01 3.300e+01 2.100e+01
 1.600e+01 1.000e+01 1.000e+01 4.000e+00 1.100e+01 4.000e+00 1.000e+00
 3.000e+00 3.000e+00 7.000e+00 6.000e+00 2.000e+00 4.000e+00 1.000e+00
 0.000e+00 2.000e+00 4.000e+00 3.000e+00 1.000e+00 1.000e+00 2.000e+00
 0.000e+00 1.000e+00 0.000e+00 0.000e+00 0.000e+00 0.000e+00 0.000e+00
 0.000e+00 0.000e+00 1.000e+00 0.000e+00 0.000e+00 1.000e+00 0.000e+00
 0.000e+00 1.000e+00 0.000e+00 0.000e+00 0.000e+00 1.000e+00]
446400 loops cons: [1.226e+03 3.620e+02 1.810e+02 1.020e+02 4.700e+01 3.300e+01 2.100e+01
 1.600e+01 1.000e+01 1.000e+01 4.000e+00 1.100e+01 4.000e+00 1.000e+00
 3.000e+00 3.000e+00 7.000e+00 6.000e+00 2.000e+00 4.000e+00 1.000e+00
 0.000e+00 2.000e+00 4.000e+00 3.000e+00 1.000e+00 1.000e+00 2.000e+00
 0.000e+00 1.000e+00 0.000e+00 0.000e+00 0.000e+00 0.000e+00 0.000e+00
 0.000e+00 0.000e+00 1.000e+00 0.000e+00 0.000e+00 1.000e+00 0.000e+00
 0.000e+00 1.000e+00 0.000e+00 0.000e+00 0.000e+00 1.000e+00]
451200 loops cons: [1.24e+03 3.65e+02 1.84e+02 1.04e+02 4.70e+01 3.40e+01 2.10e+01 1.60e+01
 1.00e+01 1.00e+01 4.00e+00 1.10e+01 4.00e+00 1.00e+00 3.00e+00 3.00e+00
 7.00e+00 6.00e+00 2.00e+00 4.00e+00 1.00e+00 0.00e+00 2.00e+00 4.00e+00
 3.00e+00 1.00e+00 1.00e+00 2.00e+00 0.00e+00 1.00e+00 0.00e+00 0.00e+00
 0.00e+00 0.00e+00 0.00e+00 0.00e+00 0.00e+00 1.00e+00 0.00e+00 0.00e+00
 1.00e+00 0.00e+00 0.00e+00 1.00e+00 0.00e+00 0.00e+00 0.00e+00 1.00e+00]
456000 loops cons: [1.251e+03 3.690e+02 1.870e+02 1.060e+02 4.700e+01 3.400e+01 2.100e+01
 1.600e+01 1.000e+01 1.100e+01 4.000e+00 1.100e+01 4.000e+00 1.000e+00
 3.000e+00 3.000e+00 7.000e+00 6.000e+00 2.000e+00 4.000e+00 1.000e+00
 0.000e+00 2.000e+00 4.000e+00 3.000e+00 1.000e+00 1.000e+00 2.000e+00
 0.000e+00 1.000e+00 0.000e+00 0.000e+00 0.000e+00 0.000e+00 0.000e+00
 0.000e+00 0.000e+00 1.000e+00 0.000e+00 0.000e+00 1.000e+00 0.000e+00
 0.000e+00 1.000e+00 0.000e+00 0.000e+00 0.000e+00 1.000e+00]
460800 loops cons: [1.268e+03 3.730e+02 1.890e+02 1.080e+02 4.800e+01 3.600e+01 2.100e+01
 1.600e+01 1.000e+01 1.100e+01 4.000e+00 1.100e+01 4.000e+00 1.000e+00
 3.000e+00 3.000e+00 7.000e+00 6.000e+00 2.000e+00 4.000e+00 1.000e+00
 0.000e+00 2.000e+00 4.000e+00 3.000e+00 2.000e+00 1.000e+00 2.000e+00
 0.000e+00 1.000e+00 0.000e+00 0.000e+00 0.000e+00 0.000e+00 0.000e+00
 0.000e+00 0.000e+00 1.000e+00 0.000e+00 0.000e+00 1.000e+00 0.000e+00
 0.000e+00 1.000e+00 0.000e+00 0.000e+00 0.000e+00 1.000e+00]
465600 loops cons: [1.282e+03 3.740e+02 1.910e+02 1.080e+02 4.800e+01 3.600e+01 2.100e+01
 1.700e+01 1.000e+01 1.100e+01 4.000e+00 1.200e+01 4.000e+00 1.000e+00
 3.000e+00 3.000e+00 7.000e+00 6.000e+00 2.000e+00 4.000e+00 1.000e+00
 0.000e+00 2.000e+00 4.000e+00 3.000e+00 2.000e+00 1.000e+00 2.000e+00
 0.000e+00 1.000e+00 0.000e+00 0.000e+00 0.000e+00 0.000e+00 0.000e+00
 0.000e+00 0.000e+00 1.000e+00 0.000e+00 0.000e+00 1.000e+00 0.000e+00
 0.000e+00 1.000e+00 0.000e+00 0.000e+00 0.000e+00 1.000e+00]
470400 loops cons: [1.295e+03 3.790e+02 1.920e+02 1.080e+02 5.100e+01 3.600e+01 2.100e+01
 1.700e+01 1.000e+01 1.100e+01 4.000e+00 1.200e+01 4.000e+00 1.000e+00
 3.000e+00 3.000e+00 7.000e+00 6.000e+00 2.000e+00 4.000e+00 1.000e+00
 0.000e+00 2.000e+00 4.000e+00 3.000e+00 2.000e+00 1.000e+00 2.000e+00
 0.000e+00 1.000e+00 0.000e+00 0.000e+00 0.000e+00 0.000e+00 0.000e+00
 0.000e+00 0.000e+00 1.000e+00 0.000e+00 0.000e+00 1.000e+00 0.000e+00
 0.000e+00 1.000e+00 0.000e+00 0.000e+00 0.000e+00 1.000e+00]
475200 loops cons: [1.307e+03 3.840e+02 1.930e+02 1.080e+02 5.100e+01 3.700e+01 2.100e+01
 1.700e+01 1.000e+01 1.100e+01 4.000e+00 1.200e+01 4.000e+00 1.000e+00
 3.000e+00 3.000e+00 7.000e+00 6.000e+00 2.000e+00 4.000e+00 1.000e+00
 0.000e+00 2.000e+00 4.000e+00 3.000e+00 2.000e+00 1.000e+00 2.000e+00
 0.000e+00 1.000e+00 0.000e+00 0.000e+00 0.000e+00 0.000e+00 0.000e+00
 0.000e+00 0.000e+00 1.000e+00 0.000e+00 0.000e+00 1.000e+00 0.000e+00
 0.000e+00 1.000e+00 0.000e+00 0.000e+00 0.000e+00 1.000e+00]
480000 loops cons: [1.318e+03 3.870e+02 1.980e+02 1.090e+02 5.200e+01 3.900e+01 2.300e+01
 1.800e+01 1.000e+01 1.100e+01 4.000e+00 1.200e+01 4.000e+00 1.000e+00
 3.000e+00 3.000e+00 7.000e+00 6.000e+00 3.000e+00 4.000e+00 1.000e+00
 0.000e+00 2.000e+00 4.000e+00 3.000e+00 2.000e+00 1.000e+00 2.000e+00
 0.000e+00 1.000e+00 0.000e+00 0.000e+00 0.000e+00 0.000e+00 0.000e+00
 0.000e+00 0.000e+00 1.000e+00 0.000e+00 0.000e+00 1.000e+00 0.000e+00
 0.000e+00 1.000e+00 0.000e+00 0.000e+00 0.000e+00 1.000e+00]
484800 loops cons: [1.327e+03 3.900e+02 1.990e+02 1.120e+02 5.200e+01 3.900e+01 2.300e+01
 1.800e+01 1.100e+01 1.100e+01 4.000e+00 1.200e+01 4.000e+00 1.000e+00
 3.000e+00 3.000e+00 7.000e+00 6.000e+00 3.000e+00 4.000e+00 1.000e+00
 0.000e+00 2.000e+00 4.000e+00 3.000e+00 2.000e+00 1.000e+00 2.000e+00
 0.000e+00 1.000e+00 0.000e+00 0.000e+00 0.000e+00 0.000e+00 0.000e+00
 0.000e+00 0.000e+00 1.000e+00 0.000e+00 0.000e+00 1.000e+00 0.000e+00
 0.000e+00 1.000e+00 0.000e+00 0.000e+00 0.000e+00 1.000e+00]
489600 loops cons: [1.34e+03 3.93e+02 1.99e+02 1.13e+02 5.30e+01 4.10e+01 2.30e+01 1.80e+01
 1.10e+01 1.10e+01 4.00e+00 1.20e+01 4.00e+00 1.00e+00 3.00e+00 3.00e+00
 7.00e+00 6.00e+00 3.00e+00 4.00e+00 1.00e+00 0.00e+00 2.00e+00 4.00e+00
 3.00e+00 2.00e+00 1.00e+00 2.00e+00 0.00e+00 1.00e+00 0.00e+00 0.00e+00
 0.00e+00 0.00e+00 0.00e+00 0.00e+00 0.00e+00 1.00e+00 0.00e+00 0.00e+00
 1.00e+00 0.00e+00 0.00e+00 1.00e+00 0.00e+00 0.00e+00 0.00e+00 1.00e+00]
494400 loops cons: [1.358e+03 3.950e+02 1.990e+02 1.140e+02 5.300e+01 4.100e+01 2.300e+01
 1.900e+01 1.100e+01 1.100e+01 4.000e+00 1.200e+01 4.000e+00 1.000e+00
 3.000e+00 3.000e+00 7.000e+00 6.000e+00 3.000e+00 4.000e+00 1.000e+00
 0.000e+00 2.000e+00 4.000e+00 3.000e+00 2.000e+00 1.000e+00 2.000e+00
 0.000e+00 1.000e+00 0.000e+00 0.000e+00 0.000e+00 0.000e+00 0.000e+00
 0.000e+00 0.000e+00 1.000e+00 0.000e+00 0.000e+00 1.000e+00 0.000e+00
 0.000e+00 1.000e+00 0.000e+00 0.000e+00 0.000e+00 1.000e+00]
499200 loops cons: [1.368e+03 4.000e+02 2.020e+02 1.140e+02 5.300e+01 4.300e+01 2.300e+01
 1.900e+01 1.100e+01 1.100e+01 4.000e+00 1.200e+01 4.000e+00 1.000e+00
 3.000e+00 3.000e+00 7.000e+00 6.000e+00 3.000e+00 4.000e+00 1.000e+00
 0.000e+00 2.000e+00 4.000e+00 3.000e+00 2.000e+00 1.000e+00 2.000e+00
 0.000e+00 1.000e+00 0.000e+00 0.000e+00 0.000e+00 0.000e+00 0.000e+00
 0.000e+00 0.000e+00 1.000e+00 0.000e+00 0.000e+00 1.000e+00 0.000e+00
 0.000e+00 1.000e+00 0.000e+00 0.000e+00 0.000e+00 1.000e+00]
504000 loops cons: [1.379e+03 4.030e+02 2.050e+02 1.160e+02 5.500e+01 4.400e+01 2.300e+01
 1.900e+01 1.100e+01 1.100e+01 4.000e+00 1.300e+01 5.000e+00 1.000e+00
 3.000e+00 3.000e+00 7.000e+00 6.000e+00 3.000e+00 4.000e+00 1.000e+00
 0.000e+00 2.000e+00 4.000e+00 3.000e+00 2.000e+00 1.000e+00 2.000e+00
 0.000e+00 1.000e+00 0.000e+00 0.000e+00 0.000e+00 0.000e+00 0.000e+00
 0.000e+00 0.000e+00 1.000e+00 0.000e+00 0.000e+00 1.000e+00 0.000e+00
 0.000e+00 1.000e+00 0.000e+00 0.000e+00 0.000e+00 1.000e+00]
508800 loops cons: [1.397e+03 4.070e+02 2.070e+02 1.180e+02 5.500e+01 4.500e+01 2.300e+01
 1.900e+01 1.100e+01 1.100e+01 4.000e+00 1.300e+01 5.000e+00 1.000e+00
 3.000e+00 3.000e+00 7.000e+00 6.000e+00 3.000e+00 4.000e+00 1.000e+00
 0.000e+00 2.000e+00 4.000e+00 3.000e+00 2.000e+00 1.000e+00 2.000e+00
 0.000e+00 1.000e+00 0.000e+00 0.000e+00 0.000e+00 0.000e+00 0.000e+00
 0.000e+00 0.000e+00 1.000e+00 0.000e+00 0.000e+00 1.000e+00 0.000e+00
 0.000e+00 1.000e+00 0.000e+00 0.000e+00 0.000e+00 1.000e+00]
513600 loops cons: [1.413e+03 4.130e+02 2.100e+02 1.180e+02 5.700e+01 4.600e+01 2.300e+01
 2.000e+01 1.100e+01 1.100e+01 4.000e+00 1.300e+01 5.000e+00 1.000e+00
 3.000e+00 3.000e+00 7.000e+00 6.000e+00 3.000e+00 4.000e+00 1.000e+00
 0.000e+00 2.000e+00 4.000e+00 3.000e+00 2.000e+00 1.000e+00 2.000e+00
 0.000e+00 1.000e+00 0.000e+00 0.000e+00 0.000e+00 0.000e+00 0.000e+00
 0.000e+00 0.000e+00 1.000e+00 0.000e+00 0.000e+00 1.000e+00 0.000e+00
 0.000e+00 1.000e+00 0.000e+00 0.000e+00 0.000e+00 1.000e+00]
518400 loops cons: [1.432e+03 4.200e+02 2.120e+02 1.180e+02 5.800e+01 4.700e+01 2.400e+01
 2.000e+01 1.300e+01 1.100e+01 4.000e+00 1.300e+01 5.000e+00 1.000e+00
 3.000e+00 3.000e+00 7.000e+00 6.000e+00 3.000e+00 4.000e+00 1.000e+00
 0.000e+00 2.000e+00 4.000e+00 3.000e+00 2.000e+00 1.000e+00 2.000e+00
 0.000e+00 1.000e+00 0.000e+00 0.000e+00 0.000e+00 0.000e+00 0.000e+00
 0.000e+00 0.000e+00 1.000e+00 0.000e+00 0.000e+00 1.000e+00 0.000e+00
 0.000e+00 1.000e+00 0.000e+00 0.000e+00 0.000e+00 1.000e+00]
523200 loops cons: [1.443e+03 4.270e+02 2.120e+02 1.190e+02 5.800e+01 4.700e+01 2.400e+01
 2.100e+01 1.300e+01 1.100e+01 4.000e+00 1.300e+01 5.000e+00 1.000e+00
 3.000e+00 3.000e+00 7.000e+00 6.000e+00 3.000e+00 4.000e+00 1.000e+00
 0.000e+00 2.000e+00 4.000e+00 3.000e+00 2.000e+00 1.000e+00 2.000e+00
 0.000e+00 1.000e+00 0.000e+00 0.000e+00 0.000e+00 0.000e+00 0.000e+00
 0.000e+00 0.000e+00 1.000e+00 0.000e+00 0.000e+00 1.000e+00 0.000e+00
 0.000e+00 1.000e+00 0.000e+00 0.000e+00 0.000e+00 1.000e+00]
528000 loops cons: [1.458e+03 4.300e+02 2.130e+02 1.200e+02 5.800e+01 4.800e+01 2.400e+01
 2.100e+01 1.300e+01 1.100e+01 4.000e+00 1.300e+01 5.000e+00 1.000e+00
 3.000e+00 3.000e+00 7.000e+00 6.000e+00 3.000e+00 4.000e+00 1.000e+00
 0.000e+00 2.000e+00 4.000e+00 3.000e+00 2.000e+00 1.000e+00 2.000e+00
 0.000e+00 1.000e+00 0.000e+00 0.000e+00 0.000e+00 0.000e+00 0.000e+00
 0.000e+00 0.000e+00 1.000e+00 0.000e+00 0.000e+00 1.000e+00 0.000e+00
 0.000e+00 1.000e+00 0.000e+00 0.000e+00 0.000e+00 1.000e+00]
532800 loops cons: [1.468e+03 4.320e+02 2.160e+02 1.200e+02 5.800e+01 4.800e+01 2.400e+01
 2.200e+01 1.400e+01 1.100e+01 4.000e+00 1.300e+01 5.000e+00 1.000e+00
 3.000e+00 3.000e+00 7.000e+00 6.000e+00 3.000e+00 4.000e+00 1.000e+00
 0.000e+00 2.000e+00 4.000e+00 3.000e+00 2.000e+00 1.000e+00 2.000e+00
 0.000e+00 1.000e+00 0.000e+00 0.000e+00 0.000e+00 0.000e+00 0.000e+00
 0.000e+00 0.000e+00 1.000e+00 0.000e+00 0.000e+00 1.000e+00 0.000e+00
 0.000e+00 1.000e+00 0.000e+00 0.000e+00 0.000e+00 1.000e+00]
537600 loops cons: [1.484e+03 4.370e+02 2.160e+02 1.210e+02 5.800e+01 4.900e+01 2.400e+01
 2.200e+01 1.400e+01 1.100e+01 4.000e+00 1.300e+01 5.000e+00 1.000e+00
 3.000e+00 3.000e+00 7.000e+00 6.000e+00 3.000e+00 4.000e+00 1.000e+00
 0.000e+00 2.000e+00 4.000e+00 3.000e+00 2.000e+00 1.000e+00 2.000e+00
 0.000e+00 1.000e+00 0.000e+00 0.000e+00 0.000e+00 0.000e+00 0.000e+00
 0.000e+00 0.000e+00 1.000e+00 0.000e+00 0.000e+00 1.000e+00 0.000e+00
 0.000e+00 1.000e+00 0.000e+00 0.000e+00 0.000e+00 1.000e+00]
542400 loops cons: [1.50e+03 4.41e+02 2.16e+02 1.21e+02 5.80e+01 5.00e+01 2.40e+01 2.20e+01
 1.40e+01 1.20e+01 5.00e+00 1.30e+01 5.00e+00 1.00e+00 3.00e+00 4.00e+00
 7.00e+00 6.00e+00 3.00e+00 4.00e+00 1.00e+00 0.00e+00 2.00e+00 4.00e+00
 3.00e+00 2.00e+00 1.00e+00 2.00e+00 0.00e+00 1.00e+00 0.00e+00 0.00e+00
 0.00e+00 0.00e+00 0.00e+00 0.00e+00 0.00e+00 1.00e+00 0.00e+00 0.00e+00
 1.00e+00 0.00e+00 0.00e+00 1.00e+00 0.00e+00 0.00e+00 0.00e+00 1.00e+00]
547200 loops cons: [1.51e+03 4.46e+02 2.17e+02 1.21e+02 6.00e+01 5.00e+01 2.60e+01 2.20e+01
 1.40e+01 1.20e+01 6.00e+00 1.30e+01 5.00e+00 1.00e+00 3.00e+00 4.00e+00
 7.00e+00 6.00e+00 3.00e+00 4.00e+00 1.00e+00 0.00e+00 2.00e+00 4.00e+00
 3.00e+00 2.00e+00 1.00e+00 2.00e+00 0.00e+00 1.00e+00 0.00e+00 0.00e+00
 0.00e+00 0.00e+00 0.00e+00 0.00e+00 0.00e+00 1.00e+00 0.00e+00 0.00e+00
 1.00e+00 0.00e+00 0.00e+00 1.00e+00 0.00e+00 0.00e+00 0.00e+00 1.00e+00]
552000 loops cons: [1.524e+03 4.500e+02 2.220e+02 1.240e+02 6.100e+01 5.000e+01 2.700e+01
 2.200e+01 1.400e+01 1.200e+01 6.000e+00 1.300e+01 5.000e+00 1.000e+00
 3.000e+00 4.000e+00 7.000e+00 6.000e+00 3.000e+00 4.000e+00 1.000e+00
 0.000e+00 2.000e+00 4.000e+00 3.000e+00 2.000e+00 1.000e+00 2.000e+00
 0.000e+00 1.000e+00 0.000e+00 0.000e+00 0.000e+00 0.000e+00 0.000e+00
 0.000e+00 0.000e+00 1.000e+00 0.000e+00 0.000e+00 1.000e+00 0.000e+00
 0.000e+00 1.000e+00 0.000e+00 0.000e+00 0.000e+00 1.000e+00]
556800 loops cons: [1.537e+03 4.520e+02 2.240e+02 1.250e+02 6.100e+01 5.000e+01 2.700e+01
 2.200e+01 1.500e+01 1.200e+01 6.000e+00 1.300e+01 6.000e+00 1.000e+00
 3.000e+00 4.000e+00 7.000e+00 6.000e+00 3.000e+00 4.000e+00 1.000e+00
 0.000e+00 2.000e+00 4.000e+00 3.000e+00 2.000e+00 1.000e+00 2.000e+00
 0.000e+00 1.000e+00 0.000e+00 0.000e+00 0.000e+00 0.000e+00 0.000e+00
 0.000e+00 0.000e+00 1.000e+00 0.000e+00 0.000e+00 1.000e+00 0.000e+00
 0.000e+00 1.000e+00 0.000e+00 0.000e+00 0.000e+00 1.000e+00]
561600 loops cons: [1.554e+03 4.560e+02 2.260e+02 1.260e+02 6.100e+01 5.100e+01 2.800e+01
 2.200e+01 1.500e+01 1.200e+01 6.000e+00 1.300e+01 6.000e+00 1.000e+00
 3.000e+00 4.000e+00 7.000e+00 6.000e+00 3.000e+00 4.000e+00 1.000e+00
 0.000e+00 2.000e+00 4.000e+00 3.000e+00 2.000e+00 1.000e+00 2.000e+00
 0.000e+00 1.000e+00 0.000e+00 0.000e+00 0.000e+00 0.000e+00 0.000e+00
 0.000e+00 0.000e+00 1.000e+00 0.000e+00 0.000e+00 1.000e+00 0.000e+00
 0.000e+00 1.000e+00 0.000e+00 0.000e+00 0.000e+00 1.000e+00]
566400 loops cons: [1.563e+03 4.590e+02 2.270e+02 1.280e+02 6.200e+01 5.100e+01 2.900e+01
 2.200e+01 1.500e+01 1.200e+01 6.000e+00 1.300e+01 6.000e+00 1.000e+00
 3.000e+00 4.000e+00 8.000e+00 6.000e+00 3.000e+00 4.000e+00 1.000e+00
 0.000e+00 2.000e+00 4.000e+00 3.000e+00 2.000e+00 2.000e+00 2.000e+00
 0.000e+00 1.000e+00 0.000e+00 0.000e+00 0.000e+00 0.000e+00 0.000e+00
 0.000e+00 0.000e+00 1.000e+00 0.000e+00 0.000e+00 1.000e+00 0.000e+00
 0.000e+00 1.000e+00 0.000e+00 0.000e+00 0.000e+00 1.000e+00]
571200 loops cons: [1.573e+03 4.610e+02 2.280e+02 1.290e+02 6.200e+01 5.100e+01 2.900e+01
 2.200e+01 1.500e+01 1.300e+01 8.000e+00 1.300e+01 6.000e+00 1.000e+00
 4.000e+00 4.000e+00 8.000e+00 6.000e+00 3.000e+00 4.000e+00 1.000e+00
 0.000e+00 2.000e+00 4.000e+00 3.000e+00 2.000e+00 2.000e+00 2.000e+00
 0.000e+00 1.000e+00 0.000e+00 0.000e+00 0.000e+00 0.000e+00 0.000e+00
 0.000e+00 0.000e+00 1.000e+00 0.000e+00 0.000e+00 1.000e+00 0.000e+00
 0.000e+00 1.000e+00 0.000e+00 0.000e+00 0.000e+00 1.000e+00]
576000 loops cons: [1.585e+03 4.650e+02 2.280e+02 1.300e+02 6.200e+01 5.100e+01 3.000e+01
 2.300e+01 1.500e+01 1.300e+01 8.000e+00 1.300e+01 6.000e+00 1.000e+00
 4.000e+00 4.000e+00 8.000e+00 6.000e+00 3.000e+00 4.000e+00 1.000e+00
 0.000e+00 2.000e+00 4.000e+00 3.000e+00 2.000e+00 2.000e+00 2.000e+00
 0.000e+00 1.000e+00 0.000e+00 0.000e+00 0.000e+00 0.000e+00 0.000e+00
 0.000e+00 0.000e+00 1.000e+00 0.000e+00 0.000e+00 1.000e+00 0.000e+00
 0.000e+00 1.000e+00 0.000e+00 0.000e+00 0.000e+00 1.000e+00]
580800 loops cons: [1.592e+03 4.680e+02 2.290e+02 1.310e+02 6.200e+01 5.200e+01 3.000e+01
 2.400e+01 1.500e+01 1.300e+01 8.000e+00 1.300e+01 6.000e+00 1.000e+00
 4.000e+00 4.000e+00 8.000e+00 6.000e+00 3.000e+00 4.000e+00 1.000e+00
 0.000e+00 2.000e+00 4.000e+00 3.000e+00 2.000e+00 2.000e+00 2.000e+00
 0.000e+00 1.000e+00 0.000e+00 0.000e+00 0.000e+00 0.000e+00 0.000e+00
 0.000e+00 0.000e+00 1.000e+00 0.000e+00 0.000e+00 1.000e+00 0.000e+00
 0.000e+00 1.000e+00 0.000e+00 1.000e+00 0.000e+00 1.000e+00]
585600 loops cons: [1.602e+03 4.720e+02 2.320e+02 1.320e+02 6.200e+01 5.300e+01 3.000e+01
 2.400e+01 1.500e+01 1.400e+01 8.000e+00 1.300e+01 6.000e+00 1.000e+00
 4.000e+00 4.000e+00 8.000e+00 6.000e+00 3.000e+00 4.000e+00 1.000e+00
 0.000e+00 2.000e+00 4.000e+00 3.000e+00 2.000e+00 3.000e+00 2.000e+00
 0.000e+00 1.000e+00 0.000e+00 0.000e+00 0.000e+00 0.000e+00 0.000e+00
 0.000e+00 0.000e+00 1.000e+00 0.000e+00 0.000e+00 1.000e+00 0.000e+00
 0.000e+00 1.000e+00 0.000e+00 1.000e+00 0.000e+00 1.000e+00]
590400 loops cons: [1.618e+03 4.740e+02 2.330e+02 1.330e+02 6.300e+01 5.300e+01 3.100e+01
 2.400e+01 1.500e+01 1.500e+01 8.000e+00 1.300e+01 6.000e+00 1.000e+00
 4.000e+00 4.000e+00 8.000e+00 6.000e+00 3.000e+00 4.000e+00 1.000e+00
 1.000e+00 2.000e+00 5.000e+00 3.000e+00 2.000e+00 3.000e+00 2.000e+00
 0.000e+00 1.000e+00 0.000e+00 0.000e+00 0.000e+00 0.000e+00 0.000e+00
 0.000e+00 0.000e+00 1.000e+00 0.000e+00 0.000e+00 1.000e+00 0.000e+00
 0.000e+00 1.000e+00 0.000e+00 1.000e+00 0.000e+00 1.000e+00]
595200 loops cons: [1.63e+03 4.78e+02 2.37e+02 1.34e+02 6.40e+01 5.40e+01 3.20e+01 2.40e+01
 1.50e+01 1.50e+01 8.00e+00 1.30e+01 6.00e+00 1.00e+00 4.00e+00 4.00e+00
 8.00e+00 6.00e+00 3.00e+00 4.00e+00 1.00e+00 1.00e+00 2.00e+00 5.00e+00
 3.00e+00 2.00e+00 3.00e+00 2.00e+00 0.00e+00 1.00e+00 0.00e+00 0.00e+00
 0.00e+00 0.00e+00 0.00e+00 0.00e+00 0.00e+00 1.00e+00 0.00e+00 0.00e+00
 1.00e+00 0.00e+00 0.00e+00 1.00e+00 0.00e+00 1.00e+00 0.00e+00 1.00e+00]
600000 loops cons: [1.644e+03 4.820e+02 2.380e+02 1.360e+02 6.500e+01 5.400e+01 3.300e+01
 2.400e+01 1.500e+01 1.500e+01 8.000e+00 1.300e+01 7.000e+00 1.000e+00
 4.000e+00 4.000e+00 8.000e+00 6.000e+00 3.000e+00 4.000e+00 1.000e+00
 1.000e+00 2.000e+00 5.000e+00 3.000e+00 2.000e+00 3.000e+00 2.000e+00
 0.000e+00 1.000e+00 0.000e+00 0.000e+00 0.000e+00 0.000e+00 0.000e+00
 0.000e+00 0.000e+00 1.000e+00 0.000e+00 0.000e+00 1.000e+00 0.000e+00
 0.000e+00 1.000e+00 0.000e+00 1.000e+00 0.000e+00 1.000e+00]
604800 loops cons: [1.667e+03 4.910e+02 2.400e+02 1.360e+02 6.600e+01 5.400e+01 3.300e+01
 2.400e+01 1.500e+01 1.500e+01 8.000e+00 1.300e+01 7.000e+00 1.000e+00
 4.000e+00 4.000e+00 8.000e+00 6.000e+00 3.000e+00 4.000e+00 1.000e+00
 1.000e+00 2.000e+00 5.000e+00 3.000e+00 2.000e+00 3.000e+00 2.000e+00
 0.000e+00 1.000e+00 0.000e+00 0.000e+00 0.000e+00 0.000e+00 0.000e+00
 0.000e+00 0.000e+00 1.000e+00 0.000e+00 0.000e+00 1.000e+00 0.000e+00
 0.000e+00 1.000e+00 0.000e+00 1.000e+00 0.000e+00 1.000e+00]
609600 loops cons: [1.685e+03 4.950e+02 2.430e+02 1.360e+02 6.600e+01 5.400e+01 3.400e+01
 2.400e+01 1.500e+01 1.500e+01 8.000e+00 1.300e+01 7.000e+00 1.000e+00
 4.000e+00 4.000e+00 8.000e+00 6.000e+00 3.000e+00 4.000e+00 1.000e+00
 1.000e+00 2.000e+00 5.000e+00 3.000e+00 2.000e+00 3.000e+00 2.000e+00
 0.000e+00 1.000e+00 0.000e+00 0.000e+00 0.000e+00 0.000e+00 0.000e+00
 0.000e+00 0.000e+00 1.000e+00 0.000e+00 0.000e+00 1.000e+00 0.000e+00
 0.000e+00 1.000e+00 0.000e+00 1.000e+00 0.000e+00 1.000e+00]
614400 loops cons: [1.698e+03 4.980e+02 2.460e+02 1.360e+02 6.700e+01 5.400e+01 3.500e+01
 2.400e+01 1.500e+01 1.500e+01 8.000e+00 1.300e+01 7.000e+00 1.000e+00
 4.000e+00 4.000e+00 8.000e+00 6.000e+00 3.000e+00 4.000e+00 1.000e+00
 1.000e+00 2.000e+00 5.000e+00 3.000e+00 3.000e+00 3.000e+00 2.000e+00
 1.000e+00 1.000e+00 0.000e+00 0.000e+00 0.000e+00 0.000e+00 0.000e+00
 0.000e+00 0.000e+00 1.000e+00 0.000e+00 0.000e+00 1.000e+00 0.000e+00
 0.000e+00 1.000e+00 0.000e+00 1.000e+00 0.000e+00 1.000e+00]
619200 loops cons: [1.713e+03 5.010e+02 2.490e+02 1.360e+02 6.700e+01 5.400e+01 3.500e+01
 2.400e+01 1.500e+01 1.500e+01 8.000e+00 1.300e+01 7.000e+00 1.000e+00
 4.000e+00 4.000e+00 8.000e+00 6.000e+00 3.000e+00 4.000e+00 1.000e+00
 1.000e+00 2.000e+00 7.000e+00 3.000e+00 3.000e+00 3.000e+00 2.000e+00
 1.000e+00 1.000e+00 0.000e+00 0.000e+00 0.000e+00 0.000e+00 0.000e+00
 0.000e+00 0.000e+00 1.000e+00 0.000e+00 0.000e+00 1.000e+00 0.000e+00
 0.000e+00 1.000e+00 0.000e+00 1.000e+00 0.000e+00 1.000e+00]
624000 loops cons: [1.724e+03 5.050e+02 2.510e+02 1.370e+02 6.700e+01 5.400e+01 3.500e+01
 2.400e+01 1.500e+01 1.500e+01 8.000e+00 1.300e+01 7.000e+00 1.000e+00
 4.000e+00 4.000e+00 8.000e+00 6.000e+00 3.000e+00 4.000e+00 1.000e+00
 1.000e+00 2.000e+00 7.000e+00 3.000e+00 3.000e+00 3.000e+00 2.000e+00
 1.000e+00 1.000e+00 0.000e+00 0.000e+00 0.000e+00 0.000e+00 0.000e+00
 0.000e+00 0.000e+00 1.000e+00 0.000e+00 0.000e+00 1.000e+00 0.000e+00
 0.000e+00 1.000e+00 0.000e+00 1.000e+00 0.000e+00 1.000e+00]
628800 loops cons: [1.739e+03 5.090e+02 2.520e+02 1.380e+02 7.100e+01 5.400e+01 3.600e+01
 2.400e+01 1.600e+01 1.500e+01 8.000e+00 1.300e+01 7.000e+00 1.000e+00
 4.000e+00 4.000e+00 8.000e+00 6.000e+00 3.000e+00 4.000e+00 1.000e+00
 1.000e+00 2.000e+00 7.000e+00 3.000e+00 3.000e+00 3.000e+00 2.000e+00
 1.000e+00 1.000e+00 0.000e+00 0.000e+00 0.000e+00 0.000e+00 0.000e+00
 0.000e+00 0.000e+00 1.000e+00 0.000e+00 0.000e+00 1.000e+00 0.000e+00
 0.000e+00 1.000e+00 0.000e+00 1.000e+00 0.000e+00 1.000e+00]
633600 loops cons: [1.755e+03 5.140e+02 2.520e+02 1.390e+02 7.200e+01 5.400e+01 3.600e+01
 2.400e+01 1.700e+01 1.500e+01 8.000e+00 1.300e+01 7.000e+00 1.000e+00
 4.000e+00 4.000e+00 8.000e+00 6.000e+00 3.000e+00 4.000e+00 1.000e+00
 1.000e+00 2.000e+00 7.000e+00 3.000e+00 3.000e+00 3.000e+00 2.000e+00
 1.000e+00 1.000e+00 0.000e+00 0.000e+00 0.000e+00 0.000e+00 0.000e+00
 0.000e+00 0.000e+00 1.000e+00 0.000e+00 0.000e+00 1.000e+00 0.000e+00
 0.000e+00 1.000e+00 0.000e+00 1.000e+00 0.000e+00 1.000e+00]
638400 loops cons: [1.769e+03 5.190e+02 2.520e+02 1.390e+02 7.500e+01 5.400e+01 3.600e+01
 2.400e+01 1.700e+01 1.500e+01 8.000e+00 1.400e+01 7.000e+00 1.000e+00
 4.000e+00 4.000e+00 8.000e+00 6.000e+00 3.000e+00 4.000e+00 1.000e+00
 1.000e+00 2.000e+00 7.000e+00 3.000e+00 3.000e+00 3.000e+00 2.000e+00
 1.000e+00 1.000e+00 0.000e+00 0.000e+00 0.000e+00 0.000e+00 0.000e+00
 0.000e+00 0.000e+00 1.000e+00 0.000e+00 0.000e+00 1.000e+00 0.000e+00
 0.000e+00 1.000e+00 0.000e+00 1.000e+00 0.000e+00 1.000e+00]
643200 loops cons: [1.788e+03 5.230e+02 2.530e+02 1.390e+02 7.500e+01 5.400e+01 3.600e+01
 2.400e+01 1.700e+01 1.500e+01 8.000e+00 1.400e+01 7.000e+00 1.000e+00
 4.000e+00 4.000e+00 8.000e+00 6.000e+00 3.000e+00 5.000e+00 1.000e+00
 1.000e+00 2.000e+00 7.000e+00 3.000e+00 3.000e+00 3.000e+00 2.000e+00
 1.000e+00 1.000e+00 0.000e+00 0.000e+00 0.000e+00 0.000e+00 0.000e+00
 0.000e+00 0.000e+00 1.000e+00 0.000e+00 0.000e+00 1.000e+00 0.000e+00
 0.000e+00 1.000e+00 0.000e+00 1.000e+00 0.000e+00 1.000e+00]
648000 loops cons: [1.804e+03 5.270e+02 2.530e+02 1.400e+02 7.500e+01 5.500e+01 3.600e+01
 2.400e+01 1.700e+01 1.500e+01 9.000e+00 1.400e+01 7.000e+00 1.000e+00
 4.000e+00 4.000e+00 8.000e+00 6.000e+00 3.000e+00 5.000e+00 1.000e+00
 1.000e+00 2.000e+00 7.000e+00 3.000e+00 3.000e+00 3.000e+00 2.000e+00
 1.000e+00 1.000e+00 0.000e+00 0.000e+00 0.000e+00 0.000e+00 0.000e+00
 0.000e+00 0.000e+00 1.000e+00 0.000e+00 0.000e+00 1.000e+00 0.000e+00
 0.000e+00 1.000e+00 0.000e+00 1.000e+00 0.000e+00 1.000e+00]
652800 loops cons: [1.812e+03 5.300e+02 2.540e+02 1.410e+02 7.500e+01 5.500e+01 3.600e+01
 2.600e+01 1.700e+01 1.500e+01 9.000e+00 1.400e+01 7.000e+00 1.000e+00
 4.000e+00 4.000e+00 8.000e+00 6.000e+00 3.000e+00 5.000e+00 1.000e+00
 1.000e+00 2.000e+00 7.000e+00 3.000e+00 3.000e+00 3.000e+00 2.000e+00
 1.000e+00 1.000e+00 0.000e+00 0.000e+00 0.000e+00 0.000e+00 0.000e+00
 0.000e+00 0.000e+00 1.000e+00 0.000e+00 0.000e+00 1.000e+00 0.000e+00
 0.000e+00 1.000e+00 0.000e+00 1.000e+00 0.000e+00 1.000e+00]
657600 loops cons: [1.822e+03 5.340e+02 2.560e+02 1.430e+02 7.700e+01 5.700e+01 3.600e+01
 2.600e+01 1.700e+01 1.500e+01 9.000e+00 1.400e+01 7.000e+00 1.000e+00
 4.000e+00 4.000e+00 8.000e+00 6.000e+00 3.000e+00 5.000e+00 1.000e+00
 1.000e+00 2.000e+00 7.000e+00 3.000e+00 3.000e+00 3.000e+00 2.000e+00
 1.000e+00 1.000e+00 0.000e+00 0.000e+00 0.000e+00 0.000e+00 0.000e+00
 0.000e+00 0.000e+00 1.000e+00 0.000e+00 0.000e+00 1.000e+00 0.000e+00
 0.000e+00 1.000e+00 0.000e+00 1.000e+00 0.000e+00 1.000e+00]
662400 loops cons: [1.833e+03 5.380e+02 2.570e+02 1.450e+02 7.900e+01 6.100e+01 3.600e+01
 2.600e+01 1.700e+01 1.500e+01 9.000e+00 1.400e+01 7.000e+00 1.000e+00
 5.000e+00 4.000e+00 8.000e+00 6.000e+00 3.000e+00 5.000e+00 1.000e+00
 1.000e+00 2.000e+00 7.000e+00 3.000e+00 3.000e+00 3.000e+00 2.000e+00
 1.000e+00 1.000e+00 0.000e+00 0.000e+00 0.000e+00 0.000e+00 0.000e+00
 0.000e+00 0.000e+00 1.000e+00 0.000e+00 0.000e+00 1.000e+00 0.000e+00
 0.000e+00 1.000e+00 0.000e+00 1.000e+00 0.000e+00 1.000e+00]
667200 loops cons: [1.84e+03 5.39e+02 2.58e+02 1.46e+02 8.00e+01 6.10e+01 3.60e+01 2.60e+01
 1.70e+01 1.50e+01 9.00e+00 1.40e+01 7.00e+00 1.00e+00 5.00e+00 4.00e+00
 8.00e+00 6.00e+00 3.00e+00 5.00e+00 1.00e+00 1.00e+00 2.00e+00 7.00e+00
 3.00e+00 3.00e+00 3.00e+00 2.00e+00 1.00e+00 1.00e+00 0.00e+00 0.00e+00
 0.00e+00 0.00e+00 0.00e+00 0.00e+00 0.00e+00 1.00e+00 0.00e+00 0.00e+00
 1.00e+00 0.00e+00 0.00e+00 1.00e+00 0.00e+00 1.00e+00 0.00e+00 1.00e+00]
672000 loops cons: [1.854e+03 5.440e+02 2.580e+02 1.490e+02 8.000e+01 6.100e+01 3.600e+01
 2.600e+01 1.700e+01 1.500e+01 9.000e+00 1.400e+01 7.000e+00 1.000e+00
 5.000e+00 4.000e+00 8.000e+00 6.000e+00 3.000e+00 5.000e+00 1.000e+00
 1.000e+00 2.000e+00 7.000e+00 3.000e+00 3.000e+00 3.000e+00 2.000e+00
 1.000e+00 1.000e+00 0.000e+00 0.000e+00 0.000e+00 0.000e+00 0.000e+00
 0.000e+00 0.000e+00 1.000e+00 0.000e+00 0.000e+00 1.000e+00 0.000e+00
 0.000e+00 1.000e+00 0.000e+00 1.000e+00 0.000e+00 1.000e+00]
676800 loops cons: [1.874e+03 5.500e+02 2.620e+02 1.510e+02 8.000e+01 6.300e+01 3.700e+01
 2.700e+01 1.700e+01 1.500e+01 9.000e+00 1.400e+01 7.000e+00 1.000e+00
 5.000e+00 4.000e+00 8.000e+00 6.000e+00 3.000e+00 5.000e+00 1.000e+00
 1.000e+00 2.000e+00 7.000e+00 3.000e+00 3.000e+00 3.000e+00 2.000e+00
 1.000e+00 1.000e+00 0.000e+00 0.000e+00 0.000e+00 0.000e+00 0.000e+00
 0.000e+00 0.000e+00 1.000e+00 0.000e+00 0.000e+00 1.000e+00 0.000e+00
 0.000e+00 1.000e+00 0.000e+00 1.000e+00 0.000e+00 1.000e+00]
681600 loops cons: [1.886e+03 5.540e+02 2.630e+02 1.510e+02 8.100e+01 6.300e+01 3.800e+01
 2.700e+01 1.700e+01 1.500e+01 9.000e+00 1.400e+01 7.000e+00 1.000e+00
 5.000e+00 4.000e+00 8.000e+00 6.000e+00 3.000e+00 5.000e+00 1.000e+00
 1.000e+00 2.000e+00 7.000e+00 3.000e+00 3.000e+00 3.000e+00 2.000e+00
 1.000e+00 1.000e+00 0.000e+00 0.000e+00 0.000e+00 0.000e+00 0.000e+00
 0.000e+00 0.000e+00 1.000e+00 0.000e+00 0.000e+00 1.000e+00 0.000e+00
 0.000e+00 1.000e+00 0.000e+00 1.000e+00 0.000e+00 1.000e+00]
686400 loops cons: [1.904e+03 5.560e+02 2.630e+02 1.510e+02 8.100e+01 6.300e+01 3.800e+01
 2.700e+01 1.700e+01 1.500e+01 9.000e+00 1.400e+01 7.000e+00 1.000e+00
 5.000e+00 4.000e+00 8.000e+00 6.000e+00 3.000e+00 5.000e+00 1.000e+00
 1.000e+00 2.000e+00 7.000e+00 3.000e+00 3.000e+00 3.000e+00 2.000e+00
 1.000e+00 1.000e+00 0.000e+00 0.000e+00 0.000e+00 0.000e+00 0.000e+00
 0.000e+00 0.000e+00 1.000e+00 0.000e+00 0.000e+00 1.000e+00 0.000e+00
 0.000e+00 1.000e+00 0.000e+00 1.000e+00 0.000e+00 1.000e+00]
691200 loops cons: [1.928e+03 5.620e+02 2.650e+02 1.520e+02 8.100e+01 6.400e+01 3.900e+01
 2.700e+01 1.700e+01 1.500e+01 9.000e+00 1.400e+01 7.000e+00 1.000e+00
 5.000e+00 4.000e+00 8.000e+00 6.000e+00 3.000e+00 5.000e+00 1.000e+00
 2.000e+00 2.000e+00 7.000e+00 3.000e+00 4.000e+00 3.000e+00 2.000e+00
 1.000e+00 1.000e+00 0.000e+00 0.000e+00 0.000e+00 0.000e+00 0.000e+00
 0.000e+00 0.000e+00 1.000e+00 0.000e+00 0.000e+00 1.000e+00 0.000e+00
 0.000e+00 1.000e+00 0.000e+00 1.000e+00 0.000e+00 1.000e+00]
696000 loops cons: [1.94e+03 5.70e+02 2.67e+02 1.52e+02 8.20e+01 6.50e+01 3.90e+01 2.70e+01
 1.70e+01 1.50e+01 9.00e+00 1.40e+01 7.00e+00 1.00e+00 5.00e+00 4.00e+00
 8.00e+00 6.00e+00 3.00e+00 6.00e+00 1.00e+00 2.00e+00 2.00e+00 7.00e+00
 3.00e+00 4.00e+00 3.00e+00 2.00e+00 1.00e+00 1.00e+00 0.00e+00 0.00e+00
 0.00e+00 0.00e+00 0.00e+00 0.00e+00 0.00e+00 1.00e+00 0.00e+00 0.00e+00
 1.00e+00 0.00e+00 0.00e+00 1.00e+00 0.00e+00 1.00e+00 0.00e+00 1.00e+00]
700800 loops cons: [1.957e+03 5.760e+02 2.670e+02 1.520e+02 8.200e+01 6.500e+01 3.900e+01
 2.800e+01 1.700e+01 1.500e+01 9.000e+00 1.400e+01 7.000e+00 1.000e+00
 5.000e+00 4.000e+00 8.000e+00 6.000e+00 3.000e+00 6.000e+00 1.000e+00
 2.000e+00 2.000e+00 7.000e+00 3.000e+00 4.000e+00 3.000e+00 2.000e+00
 1.000e+00 1.000e+00 0.000e+00 0.000e+00 0.000e+00 0.000e+00 0.000e+00
 0.000e+00 0.000e+00 1.000e+00 0.000e+00 0.000e+00 1.000e+00 0.000e+00
 0.000e+00 1.000e+00 0.000e+00 1.000e+00 0.000e+00 1.000e+00]
705600 loops cons: [1.968e+03 5.790e+02 2.710e+02 1.530e+02 8.300e+01 6.500e+01 3.900e+01
 2.800e+01 1.700e+01 1.500e+01 9.000e+00 1.400e+01 7.000e+00 1.000e+00
 5.000e+00 4.000e+00 8.000e+00 6.000e+00 3.000e+00 6.000e+00 1.000e+00
 2.000e+00 2.000e+00 7.000e+00 3.000e+00 4.000e+00 3.000e+00 2.000e+00
 1.000e+00 1.000e+00 0.000e+00 0.000e+00 0.000e+00 0.000e+00 0.000e+00
 0.000e+00 0.000e+00 1.000e+00 0.000e+00 0.000e+00 1.000e+00 0.000e+00
 0.000e+00 1.000e+00 0.000e+00 1.000e+00 0.000e+00 1.000e+00]
710400 loops cons: [1.979e+03 5.830e+02 2.760e+02 1.530e+02 8.300e+01 6.500e+01 3.900e+01
 2.800e+01 1.700e+01 1.500e+01 9.000e+00 1.400e+01 7.000e+00 1.000e+00
 5.000e+00 4.000e+00 8.000e+00 6.000e+00 3.000e+00 6.000e+00 1.000e+00
 2.000e+00 2.000e+00 7.000e+00 3.000e+00 4.000e+00 3.000e+00 2.000e+00
 1.000e+00 1.000e+00 0.000e+00 0.000e+00 0.000e+00 0.000e+00 0.000e+00
 0.000e+00 0.000e+00 1.000e+00 0.000e+00 0.000e+00 1.000e+00 0.000e+00
 0.000e+00 1.000e+00 0.000e+00 1.000e+00 0.000e+00 1.000e+00]
715200 loops cons: [1.995e+03 5.900e+02 2.770e+02 1.530e+02 8.300e+01 6.500e+01 4.000e+01
 2.800e+01 1.700e+01 1.600e+01 9.000e+00 1.400e+01 7.000e+00 1.000e+00
 5.000e+00 4.000e+00 8.000e+00 6.000e+00 3.000e+00 6.000e+00 1.000e+00
 2.000e+00 2.000e+00 7.000e+00 3.000e+00 4.000e+00 3.000e+00 2.000e+00
 1.000e+00 1.000e+00 0.000e+00 0.000e+00 0.000e+00 0.000e+00 0.000e+00
 0.000e+00 0.000e+00 1.000e+00 0.000e+00 0.000e+00 1.000e+00 0.000e+00
 0.000e+00 1.000e+00 0.000e+00 1.000e+00 0.000e+00 1.000e+00]
720000 loops cons: [2.011e+03 5.940e+02 2.790e+02 1.540e+02 8.500e+01 6.500e+01 4.000e+01
 2.800e+01 1.700e+01 1.600e+01 9.000e+00 1.400e+01 7.000e+00 1.000e+00
 5.000e+00 4.000e+00 8.000e+00 6.000e+00 3.000e+00 6.000e+00 1.000e+00
 2.000e+00 2.000e+00 8.000e+00 3.000e+00 4.000e+00 3.000e+00 2.000e+00
 1.000e+00 1.000e+00 0.000e+00 0.000e+00 0.000e+00 0.000e+00 0.000e+00
 0.000e+00 0.000e+00 1.000e+00 0.000e+00 0.000e+00 1.000e+00 0.000e+00
 0.000e+00 1.000e+00 0.000e+00 1.000e+00 0.000e+00 1.000e+00]
724800 loops cons: [2.024e+03 5.970e+02 2.800e+02 1.550e+02 8.500e+01 6.500e+01 4.000e+01
 2.800e+01 1.700e+01 1.600e+01 9.000e+00 1.400e+01 7.000e+00 1.000e+00
 5.000e+00 4.000e+00 8.000e+00 6.000e+00 3.000e+00 6.000e+00 1.000e+00
 2.000e+00 2.000e+00 8.000e+00 3.000e+00 4.000e+00 3.000e+00 2.000e+00
 1.000e+00 1.000e+00 0.000e+00 0.000e+00 0.000e+00 0.000e+00 0.000e+00
 0.000e+00 0.000e+00 1.000e+00 0.000e+00 0.000e+00 1.000e+00 0.000e+00
 0.000e+00 1.000e+00 0.000e+00 1.000e+00 0.000e+00 1.000e+00]
729600 loops cons: [2.038e+03 6.030e+02 2.810e+02 1.560e+02 8.600e+01 6.500e+01 4.000e+01
 2.800e+01 1.700e+01 1.600e+01 9.000e+00 1.400e+01 7.000e+00 1.000e+00
 5.000e+00 4.000e+00 8.000e+00 6.000e+00 3.000e+00 6.000e+00 1.000e+00
 2.000e+00 2.000e+00 8.000e+00 3.000e+00 4.000e+00 3.000e+00 2.000e+00
 1.000e+00 1.000e+00 0.000e+00 0.000e+00 0.000e+00 0.000e+00 0.000e+00
 0.000e+00 0.000e+00 1.000e+00 0.000e+00 0.000e+00 1.000e+00 0.000e+00
 0.000e+00 1.000e+00 0.000e+00 1.000e+00 0.000e+00 1.000e+00]
734400 loops cons: [2.047e+03 6.080e+02 2.810e+02 1.570e+02 8.700e+01 6.500e+01 4.000e+01
 2.900e+01 1.700e+01 1.600e+01 9.000e+00 1.400e+01 7.000e+00 1.000e+00
 5.000e+00 4.000e+00 8.000e+00 6.000e+00 3.000e+00 6.000e+00 1.000e+00
 2.000e+00 2.000e+00 8.000e+00 3.000e+00 4.000e+00 3.000e+00 2.000e+00
 1.000e+00 1.000e+00 0.000e+00 0.000e+00 0.000e+00 0.000e+00 0.000e+00
 0.000e+00 0.000e+00 1.000e+00 0.000e+00 0.000e+00 1.000e+00 0.000e+00
 0.000e+00 1.000e+00 0.000e+00 1.000e+00 0.000e+00 1.000e+00]
739200 loops cons: [2.06e+03 6.13e+02 2.82e+02 1.57e+02 8.70e+01 6.50e+01 4.00e+01 2.90e+01
 1.70e+01 1.60e+01 9.00e+00 1.40e+01 7.00e+00 1.00e+00 5.00e+00 4.00e+00
 8.00e+00 6.00e+00 3.00e+00 6.00e+00 1.00e+00 2.00e+00 2.00e+00 8.00e+00
 3.00e+00 4.00e+00 3.00e+00 2.00e+00 1.00e+00 1.00e+00 0.00e+00 0.00e+00
 0.00e+00 0.00e+00 0.00e+00 0.00e+00 0.00e+00 1.00e+00 0.00e+00 0.00e+00
 1.00e+00 0.00e+00 0.00e+00 1.00e+00 0.00e+00 1.00e+00 0.00e+00 1.00e+00]
744000 loops cons: [2.073e+03 6.170e+02 2.850e+02 1.570e+02 8.700e+01 6.600e+01 4.000e+01
 2.900e+01 1.700e+01 1.700e+01 1.000e+01 1.400e+01 7.000e+00 1.000e+00
 5.000e+00 4.000e+00 8.000e+00 6.000e+00 3.000e+00 6.000e+00 1.000e+00
 2.000e+00 2.000e+00 8.000e+00 3.000e+00 4.000e+00 3.000e+00 2.000e+00
 1.000e+00 1.000e+00 0.000e+00 0.000e+00 0.000e+00 0.000e+00 0.000e+00
 0.000e+00 0.000e+00 1.000e+00 0.000e+00 0.000e+00 1.000e+00 0.000e+00
 0.000e+00 1.000e+00 0.000e+00 1.000e+00 0.000e+00 1.000e+00]
748800 loops cons: [2.086e+03 6.210e+02 2.860e+02 1.570e+02 8.900e+01 6.700e+01 4.000e+01
 2.900e+01 1.700e+01 1.700e+01 1.000e+01 1.400e+01 7.000e+00 1.000e+00
 5.000e+00 4.000e+00 8.000e+00 6.000e+00 3.000e+00 6.000e+00 1.000e+00
 2.000e+00 2.000e+00 8.000e+00 3.000e+00 4.000e+00 3.000e+00 2.000e+00
 1.000e+00 1.000e+00 0.000e+00 0.000e+00 0.000e+00 0.000e+00 0.000e+00
 0.000e+00 0.000e+00 1.000e+00 0.000e+00 0.000e+00 1.000e+00 0.000e+00
 0.000e+00 1.000e+00 0.000e+00 1.000e+00 0.000e+00 1.000e+00]
753600 loops cons: [2.098e+03 6.240e+02 2.880e+02 1.590e+02 9.000e+01 6.700e+01 4.000e+01
 2.900e+01 1.700e+01 1.700e+01 1.000e+01 1.400e+01 7.000e+00 1.000e+00
 5.000e+00 4.000e+00 8.000e+00 6.000e+00 3.000e+00 6.000e+00 1.000e+00
 2.000e+00 2.000e+00 8.000e+00 3.000e+00 4.000e+00 3.000e+00 2.000e+00
 1.000e+00 1.000e+00 0.000e+00 0.000e+00 0.000e+00 0.000e+00 0.000e+00
 0.000e+00 0.000e+00 1.000e+00 0.000e+00 0.000e+00 1.000e+00 0.000e+00
 0.000e+00 1.000e+00 0.000e+00 1.000e+00 0.000e+00 1.000e+00]
758400 loops cons: [2.112e+03 6.280e+02 2.890e+02 1.590e+02 9.000e+01 6.700e+01 4.000e+01
 2.900e+01 1.800e+01 1.700e+01 1.000e+01 1.500e+01 8.000e+00 1.000e+00
 5.000e+00 4.000e+00 8.000e+00 6.000e+00 3.000e+00 6.000e+00 1.000e+00
 2.000e+00 2.000e+00 8.000e+00 3.000e+00 4.000e+00 3.000e+00 2.000e+00
 1.000e+00 1.000e+00 1.000e+00 0.000e+00 0.000e+00 0.000e+00 0.000e+00
 0.000e+00 0.000e+00 1.000e+00 0.000e+00 0.000e+00 1.000e+00 0.000e+00
 0.000e+00 1.000e+00 0.000e+00 1.000e+00 0.000e+00 1.000e+00]
763200 loops cons: [2.126e+03 6.330e+02 2.940e+02 1.600e+02 9.100e+01 6.700e+01 4.000e+01
 2.900e+01 1.800e+01 1.700e+01 1.000e+01 1.500e+01 8.000e+00 1.000e+00
 5.000e+00 4.000e+00 8.000e+00 6.000e+00 4.000e+00 6.000e+00 1.000e+00
 2.000e+00 2.000e+00 8.000e+00 3.000e+00 4.000e+00 3.000e+00 2.000e+00
 1.000e+00 1.000e+00 1.000e+00 0.000e+00 0.000e+00 0.000e+00 0.000e+00
 0.000e+00 0.000e+00 1.000e+00 0.000e+00 0.000e+00 1.000e+00 0.000e+00
 0.000e+00 1.000e+00 0.000e+00 1.000e+00 0.000e+00 1.000e+00]
768000 loops cons: [2.138e+03 6.390e+02 2.960e+02 1.600e+02 9.200e+01 6.800e+01 4.000e+01
 2.900e+01 1.800e+01 1.700e+01 1.000e+01 1.500e+01 9.000e+00 1.000e+00
 5.000e+00 4.000e+00 8.000e+00 6.000e+00 4.000e+00 6.000e+00 1.000e+00
 2.000e+00 2.000e+00 8.000e+00 3.000e+00 4.000e+00 3.000e+00 2.000e+00
 1.000e+00 1.000e+00 1.000e+00 0.000e+00 0.000e+00 0.000e+00 0.000e+00
 0.000e+00 0.000e+00 1.000e+00 0.000e+00 0.000e+00 1.000e+00 0.000e+00
 0.000e+00 1.000e+00 0.000e+00 1.000e+00 0.000e+00 1.000e+00]
772800 loops cons: [2.152e+03 6.430e+02 3.000e+02 1.610e+02 9.300e+01 6.800e+01 4.100e+01
 2.900e+01 1.800e+01 1.700e+01 1.100e+01 1.500e+01 9.000e+00 1.000e+00
 5.000e+00 4.000e+00 8.000e+00 6.000e+00 4.000e+00 6.000e+00 1.000e+00
 2.000e+00 2.000e+00 8.000e+00 3.000e+00 4.000e+00 3.000e+00 2.000e+00
 1.000e+00 1.000e+00 1.000e+00 0.000e+00 0.000e+00 0.000e+00 0.000e+00
 0.000e+00 0.000e+00 1.000e+00 0.000e+00 0.000e+00 1.000e+00 0.000e+00
 0.000e+00 1.000e+00 0.000e+00 1.000e+00 0.000e+00 1.000e+00]
777600 loops cons: [2.163e+03 6.480e+02 3.030e+02 1.630e+02 9.300e+01 6.800e+01 4.100e+01
 2.900e+01 1.900e+01 1.700e+01 1.100e+01 1.500e+01 9.000e+00 1.000e+00
 5.000e+00 4.000e+00 8.000e+00 6.000e+00 4.000e+00 6.000e+00 1.000e+00
 2.000e+00 2.000e+00 8.000e+00 3.000e+00 4.000e+00 3.000e+00 2.000e+00
 1.000e+00 1.000e+00 1.000e+00 0.000e+00 0.000e+00 0.000e+00 0.000e+00
 0.000e+00 0.000e+00 1.000e+00 0.000e+00 0.000e+00 1.000e+00 0.000e+00
 0.000e+00 1.000e+00 0.000e+00 1.000e+00 0.000e+00 1.000e+00]
782400 loops cons: [2.177e+03 6.550e+02 3.040e+02 1.630e+02 9.300e+01 6.800e+01 4.100e+01
 2.900e+01 2.000e+01 1.700e+01 1.100e+01 1.500e+01 9.000e+00 2.000e+00
 5.000e+00 4.000e+00 8.000e+00 6.000e+00 4.000e+00 6.000e+00 1.000e+00
 2.000e+00 2.000e+00 8.000e+00 3.000e+00 4.000e+00 3.000e+00 2.000e+00
 1.000e+00 1.000e+00 1.000e+00 0.000e+00 0.000e+00 0.000e+00 0.000e+00
 0.000e+00 0.000e+00 1.000e+00 0.000e+00 0.000e+00 1.000e+00 0.000e+00
 0.000e+00 1.000e+00 0.000e+00 1.000e+00 0.000e+00 1.000e+00]
787200 loops cons: [2.19e+03 6.61e+02 3.04e+02 1.67e+02 9.30e+01 6.80e+01 4.10e+01 2.90e+01
 2.00e+01 1.70e+01 1.10e+01 1.50e+01 9.00e+00 2.00e+00 5.00e+00 4.00e+00
 8.00e+00 6.00e+00 4.00e+00 6.00e+00 1.00e+00 2.00e+00 2.00e+00 8.00e+00
 3.00e+00 4.00e+00 3.00e+00 2.00e+00 1.00e+00 1.00e+00 1.00e+00 0.00e+00
 0.00e+00 0.00e+00 0.00e+00 0.00e+00 0.00e+00 1.00e+00 0.00e+00 0.00e+00
 1.00e+00 0.00e+00 0.00e+00 1.00e+00 0.00e+00 1.00e+00 0.00e+00 1.00e+00]
792000 loops cons: [2.204e+03 6.640e+02 3.040e+02 1.680e+02 9.300e+01 6.800e+01 4.100e+01
 2.900e+01 2.100e+01 1.700e+01 1.100e+01 1.500e+01 9.000e+00 2.000e+00
 5.000e+00 4.000e+00 8.000e+00 6.000e+00 4.000e+00 6.000e+00 1.000e+00
 2.000e+00 2.000e+00 8.000e+00 3.000e+00 4.000e+00 3.000e+00 2.000e+00
 1.000e+00 1.000e+00 1.000e+00 0.000e+00 0.000e+00 0.000e+00 0.000e+00
 0.000e+00 0.000e+00 1.000e+00 0.000e+00 0.000e+00 1.000e+00 0.000e+00
 0.000e+00 1.000e+00 0.000e+00 1.000e+00 0.000e+00 1.000e+00]
796800 loops cons: [2.212e+03 6.700e+02 3.070e+02 1.690e+02 9.300e+01 6.800e+01 4.300e+01
 2.900e+01 2.100e+01 1.700e+01 1.100e+01 1.500e+01 9.000e+00 2.000e+00
 5.000e+00 4.000e+00 8.000e+00 6.000e+00 4.000e+00 6.000e+00 1.000e+00
 2.000e+00 3.000e+00 8.000e+00 3.000e+00 4.000e+00 3.000e+00 2.000e+00
 1.000e+00 1.000e+00 1.000e+00 0.000e+00 0.000e+00 0.000e+00 0.000e+00
 0.000e+00 0.000e+00 1.000e+00 0.000e+00 0.000e+00 1.000e+00 0.000e+00
 0.000e+00 1.000e+00 0.000e+00 1.000e+00 0.000e+00 1.000e+00]
801600 loops cons: [2.221e+03 6.780e+02 3.090e+02 1.690e+02 9.300e+01 6.800e+01 4.300e+01
 3.000e+01 2.100e+01 1.700e+01 1.100e+01 1.500e+01 9.000e+00 2.000e+00
 5.000e+00 4.000e+00 8.000e+00 6.000e+00 4.000e+00 6.000e+00 1.000e+00
 2.000e+00 3.000e+00 8.000e+00 3.000e+00 4.000e+00 3.000e+00 2.000e+00
 1.000e+00 1.000e+00 1.000e+00 0.000e+00 0.000e+00 0.000e+00 0.000e+00
 0.000e+00 0.000e+00 1.000e+00 0.000e+00 0.000e+00 1.000e+00 0.000e+00
 0.000e+00 1.000e+00 0.000e+00 1.000e+00 0.000e+00 1.000e+00]
806400 loops cons: [2.235e+03 6.810e+02 3.100e+02 1.730e+02 9.300e+01 6.800e+01 4.300e+01
 3.000e+01 2.100e+01 1.700e+01 1.100e+01 1.500e+01 9.000e+00 3.000e+00
 5.000e+00 4.000e+00 8.000e+00 6.000e+00 4.000e+00 6.000e+00 1.000e+00
 2.000e+00 3.000e+00 8.000e+00 3.000e+00 4.000e+00 3.000e+00 2.000e+00
 1.000e+00 1.000e+00 1.000e+00 0.000e+00 0.000e+00 0.000e+00 0.000e+00
 0.000e+00 0.000e+00 1.000e+00 0.000e+00 0.000e+00 1.000e+00 0.000e+00
 0.000e+00 1.000e+00 0.000e+00 1.000e+00 0.000e+00 1.000e+00]
811200 loops cons: [2.248e+03 6.870e+02 3.100e+02 1.740e+02 9.300e+01 6.800e+01 4.300e+01
 3.000e+01 2.100e+01 1.700e+01 1.100e+01 1.500e+01 1.000e+01 3.000e+00
 5.000e+00 4.000e+00 8.000e+00 6.000e+00 5.000e+00 6.000e+00 1.000e+00
 2.000e+00 3.000e+00 8.000e+00 3.000e+00 4.000e+00 3.000e+00 2.000e+00
 1.000e+00 1.000e+00 1.000e+00 0.000e+00 0.000e+00 0.000e+00 0.000e+00
 0.000e+00 0.000e+00 1.000e+00 0.000e+00 0.000e+00 1.000e+00 0.000e+00
 0.000e+00 1.000e+00 0.000e+00 1.000e+00 0.000e+00 1.000e+00]
816000 loops cons: [2.256e+03 6.880e+02 3.120e+02 1.750e+02 9.300e+01 6.900e+01 4.300e+01
 3.000e+01 2.100e+01 1.700e+01 1.100e+01 1.500e+01 1.000e+01 3.000e+00
 5.000e+00 4.000e+00 8.000e+00 6.000e+00 5.000e+00 6.000e+00 1.000e+00
 2.000e+00 3.000e+00 8.000e+00 3.000e+00 4.000e+00 3.000e+00 2.000e+00
 1.000e+00 1.000e+00 1.000e+00 0.000e+00 0.000e+00 0.000e+00 0.000e+00
 0.000e+00 0.000e+00 1.000e+00 0.000e+00 0.000e+00 1.000e+00 0.000e+00
 0.000e+00 1.000e+00 0.000e+00 1.000e+00 0.000e+00 1.000e+00]
820800 loops cons: [2.272e+03 6.920e+02 3.130e+02 1.760e+02 9.300e+01 6.900e+01 4.300e+01
 3.000e+01 2.200e+01 1.700e+01 1.100e+01 1.500e+01 1.000e+01 3.000e+00
 5.000e+00 4.000e+00 8.000e+00 6.000e+00 5.000e+00 6.000e+00 1.000e+00
 2.000e+00 3.000e+00 8.000e+00 3.000e+00 4.000e+00 3.000e+00 2.000e+00
 1.000e+00 1.000e+00 1.000e+00 0.000e+00 0.000e+00 0.000e+00 0.000e+00
 0.000e+00 0.000e+00 1.000e+00 0.000e+00 0.000e+00 1.000e+00 0.000e+00
 0.000e+00 1.000e+00 0.000e+00 1.000e+00 0.000e+00 1.000e+00]
825600 loops cons: [2.289e+03 6.950e+02 3.150e+02 1.780e+02 9.300e+01 7.000e+01 4.300e+01
 3.000e+01 2.200e+01 1.700e+01 1.200e+01 1.500e+01 1.000e+01 3.000e+00
 5.000e+00 4.000e+00 8.000e+00 6.000e+00 5.000e+00 6.000e+00 1.000e+00
 2.000e+00 3.000e+00 8.000e+00 3.000e+00 4.000e+00 3.000e+00 2.000e+00
 1.000e+00 1.000e+00 1.000e+00 0.000e+00 0.000e+00 0.000e+00 0.000e+00
 0.000e+00 0.000e+00 1.000e+00 0.000e+00 0.000e+00 1.000e+00 0.000e+00
 0.000e+00 1.000e+00 0.000e+00 1.000e+00 0.000e+00 1.000e+00]
830400 loops cons: [2.303e+03 6.990e+02 3.150e+02 1.790e+02 9.500e+01 7.000e+01 4.300e+01
 3.000e+01 2.200e+01 1.700e+01 1.200e+01 1.500e+01 1.000e+01 3.000e+00
 5.000e+00 4.000e+00 8.000e+00 6.000e+00 5.000e+00 6.000e+00 1.000e+00
 2.000e+00 3.000e+00 8.000e+00 3.000e+00 4.000e+00 3.000e+00 2.000e+00
 1.000e+00 1.000e+00 1.000e+00 0.000e+00 0.000e+00 0.000e+00 0.000e+00
 0.000e+00 0.000e+00 1.000e+00 0.000e+00 0.000e+00 1.000e+00 0.000e+00
 0.000e+00 1.000e+00 0.000e+00 1.000e+00 0.000e+00 1.000e+00]
835200 loops cons: [2.312e+03 7.010e+02 3.150e+02 1.800e+02 9.500e+01 7.000e+01 4.300e+01
 3.000e+01 2.200e+01 1.700e+01 1.200e+01 1.500e+01 1.100e+01 3.000e+00
 5.000e+00 4.000e+00 8.000e+00 6.000e+00 5.000e+00 6.000e+00 1.000e+00
 2.000e+00 3.000e+00 8.000e+00 3.000e+00 4.000e+00 3.000e+00 2.000e+00
 1.000e+00 1.000e+00 1.000e+00 0.000e+00 0.000e+00 0.000e+00 0.000e+00
 0.000e+00 0.000e+00 1.000e+00 0.000e+00 0.000e+00 1.000e+00 0.000e+00
 0.000e+00 1.000e+00 0.000e+00 1.000e+00 0.000e+00 1.000e+00]
840000 loops cons: [2.332e+03 7.030e+02 3.150e+02 1.820e+02 9.600e+01 7.000e+01 4.400e+01
 3.000e+01 2.200e+01 1.700e+01 1.200e+01 1.500e+01 1.100e+01 3.000e+00
 5.000e+00 4.000e+00 8.000e+00 6.000e+00 5.000e+00 6.000e+00 1.000e+00
 2.000e+00 3.000e+00 8.000e+00 3.000e+00 4.000e+00 3.000e+00 2.000e+00
 1.000e+00 1.000e+00 1.000e+00 0.000e+00 0.000e+00 0.000e+00 0.000e+00
 0.000e+00 0.000e+00 1.000e+00 0.000e+00 0.000e+00 1.000e+00 0.000e+00
 0.000e+00 1.000e+00 0.000e+00 1.000e+00 0.000e+00 1.000e+00]
844800 loops cons: [2.341e+03 7.080e+02 3.150e+02 1.840e+02 9.600e+01 7.000e+01 4.400e+01
 3.000e+01 2.200e+01 1.700e+01 1.200e+01 1.500e+01 1.100e+01 3.000e+00
 5.000e+00 4.000e+00 8.000e+00 6.000e+00 5.000e+00 6.000e+00 1.000e+00
 2.000e+00 3.000e+00 8.000e+00 3.000e+00 4.000e+00 3.000e+00 2.000e+00
 1.000e+00 1.000e+00 1.000e+00 0.000e+00 0.000e+00 0.000e+00 0.000e+00
 0.000e+00 0.000e+00 1.000e+00 0.000e+00 0.000e+00 1.000e+00 0.000e+00
 0.000e+00 1.000e+00 0.000e+00 1.000e+00 0.000e+00 1.000e+00]
849600 loops cons: [2.355e+03 7.160e+02 3.190e+02 1.840e+02 9.600e+01 7.000e+01 4.400e+01
 3.000e+01 2.200e+01 1.700e+01 1.200e+01 1.500e+01 1.100e+01 3.000e+00
 5.000e+00 4.000e+00 8.000e+00 6.000e+00 5.000e+00 6.000e+00 1.000e+00
 2.000e+00 3.000e+00 8.000e+00 3.000e+00 4.000e+00 3.000e+00 2.000e+00
 1.000e+00 1.000e+00 1.000e+00 0.000e+00 1.000e+00 0.000e+00 0.000e+00
 0.000e+00 0.000e+00 1.000e+00 0.000e+00 0.000e+00 1.000e+00 0.000e+00
 0.000e+00 1.000e+00 0.000e+00 1.000e+00 0.000e+00 1.000e+00]
854400 loops cons: [2.369e+03 7.200e+02 3.200e+02 1.850e+02 9.600e+01 7.100e+01 4.400e+01
 3.000e+01 2.200e+01 1.700e+01 1.200e+01 1.500e+01 1.100e+01 3.000e+00
 5.000e+00 4.000e+00 8.000e+00 6.000e+00 5.000e+00 6.000e+00 1.000e+00
 2.000e+00 3.000e+00 8.000e+00 3.000e+00 4.000e+00 3.000e+00 2.000e+00
 1.000e+00 1.000e+00 1.000e+00 0.000e+00 1.000e+00 0.000e+00 0.000e+00
 0.000e+00 0.000e+00 1.000e+00 0.000e+00 0.000e+00 1.000e+00 0.000e+00
 0.000e+00 1.000e+00 0.000e+00 1.000e+00 0.000e+00 1.000e+00]
859200 loops cons: [2.381e+03 7.220e+02 3.210e+02 1.850e+02 9.700e+01 7.100e+01 4.400e+01
 3.000e+01 2.300e+01 1.700e+01 1.200e+01 1.500e+01 1.100e+01 3.000e+00
 5.000e+00 4.000e+00 8.000e+00 6.000e+00 5.000e+00 6.000e+00 1.000e+00
 2.000e+00 3.000e+00 8.000e+00 3.000e+00 4.000e+00 3.000e+00 2.000e+00
 1.000e+00 1.000e+00 2.000e+00 0.000e+00 1.000e+00 0.000e+00 0.000e+00
 0.000e+00 0.000e+00 1.000e+00 0.000e+00 1.000e+00 1.000e+00 0.000e+00
 0.000e+00 1.000e+00 0.000e+00 1.000e+00 0.000e+00 1.000e+00]
864000 loops cons: [2.397e+03 7.260e+02 3.230e+02 1.870e+02 9.900e+01 7.100e+01 4.400e+01
 3.000e+01 2.300e+01 1.700e+01 1.200e+01 1.500e+01 1.100e+01 3.000e+00
 5.000e+00 4.000e+00 8.000e+00 6.000e+00 6.000e+00 6.000e+00 1.000e+00
 2.000e+00 3.000e+00 8.000e+00 3.000e+00 4.000e+00 3.000e+00 2.000e+00
 1.000e+00 1.000e+00 2.000e+00 0.000e+00 1.000e+00 0.000e+00 0.000e+00
 0.000e+00 0.000e+00 1.000e+00 0.000e+00 1.000e+00 1.000e+00 0.000e+00
 0.000e+00 1.000e+00 0.000e+00 1.000e+00 0.000e+00 1.000e+00]
868800 loops cons: [2.407e+03 7.310e+02 3.250e+02 1.870e+02 1.010e+02 7.200e+01 4.400e+01
 3.000e+01 2.300e+01 1.700e+01 1.200e+01 1.500e+01 1.100e+01 3.000e+00
 5.000e+00 4.000e+00 8.000e+00 6.000e+00 6.000e+00 6.000e+00 1.000e+00
 2.000e+00 3.000e+00 8.000e+00 3.000e+00 4.000e+00 3.000e+00 2.000e+00
 1.000e+00 1.000e+00 2.000e+00 0.000e+00 1.000e+00 0.000e+00 0.000e+00
 0.000e+00 0.000e+00 1.000e+00 0.000e+00 1.000e+00 1.000e+00 0.000e+00
 0.000e+00 1.000e+00 0.000e+00 1.000e+00 0.000e+00 1.000e+00]
873600 loops cons: [2.421e+03 7.350e+02 3.260e+02 1.870e+02 1.020e+02 7.300e+01 4.400e+01
 3.000e+01 2.300e+01 1.700e+01 1.200e+01 1.500e+01 1.100e+01 3.000e+00
 5.000e+00 4.000e+00 8.000e+00 6.000e+00 6.000e+00 6.000e+00 1.000e+00
 2.000e+00 3.000e+00 8.000e+00 3.000e+00 4.000e+00 3.000e+00 2.000e+00
 1.000e+00 1.000e+00 3.000e+00 0.000e+00 1.000e+00 0.000e+00 0.000e+00
 0.000e+00 0.000e+00 1.000e+00 0.000e+00 1.000e+00 1.000e+00 0.000e+00
 0.000e+00 1.000e+00 0.000e+00 1.000e+00 0.000e+00 1.000e+00]
878400 loops cons: [2.432e+03 7.370e+02 3.280e+02 1.880e+02 1.020e+02 7.300e+01 4.400e+01
 3.000e+01 2.300e+01 1.700e+01 1.200e+01 1.500e+01 1.100e+01 3.000e+00
 5.000e+00 4.000e+00 8.000e+00 6.000e+00 6.000e+00 6.000e+00 1.000e+00
 2.000e+00 3.000e+00 8.000e+00 3.000e+00 4.000e+00 3.000e+00 2.000e+00
 1.000e+00 1.000e+00 3.000e+00 0.000e+00 1.000e+00 0.000e+00 0.000e+00
 0.000e+00 0.000e+00 1.000e+00 0.000e+00 1.000e+00 1.000e+00 0.000e+00
 0.000e+00 1.000e+00 0.000e+00 1.000e+00 0.000e+00 1.000e+00]
883200 loops cons: [2.441e+03 7.390e+02 3.300e+02 1.900e+02 1.030e+02 7.300e+01 4.500e+01
 3.000e+01 2.300e+01 1.700e+01 1.200e+01 1.500e+01 1.100e+01 3.000e+00
 5.000e+00 4.000e+00 8.000e+00 6.000e+00 6.000e+00 6.000e+00 1.000e+00
 2.000e+00 3.000e+00 8.000e+00 3.000e+00 4.000e+00 3.000e+00 2.000e+00
 1.000e+00 1.000e+00 3.000e+00 0.000e+00 1.000e+00 0.000e+00 0.000e+00
 0.000e+00 0.000e+00 1.000e+00 0.000e+00 1.000e+00 1.000e+00 0.000e+00
 0.000e+00 1.000e+00 0.000e+00 1.000e+00 0.000e+00 1.000e+00]
888000 loops cons: [2.457e+03 7.400e+02 3.310e+02 1.900e+02 1.040e+02 7.300e+01 4.500e+01
 3.100e+01 2.300e+01 1.700e+01 1.200e+01 1.500e+01 1.100e+01 3.000e+00
 5.000e+00 4.000e+00 8.000e+00 6.000e+00 6.000e+00 6.000e+00 1.000e+00
 2.000e+00 3.000e+00 8.000e+00 3.000e+00 4.000e+00 3.000e+00 2.000e+00
 1.000e+00 1.000e+00 3.000e+00 0.000e+00 1.000e+00 0.000e+00 0.000e+00
 0.000e+00 0.000e+00 1.000e+00 0.000e+00 1.000e+00 1.000e+00 0.000e+00
 0.000e+00 1.000e+00 0.000e+00 1.000e+00 0.000e+00 1.000e+00]
892800 loops cons: [2.473e+03 7.440e+02 3.330e+02 1.910e+02 1.040e+02 7.400e+01 4.500e+01
 3.100e+01 2.300e+01 1.700e+01 1.200e+01 1.500e+01 1.100e+01 3.000e+00
 5.000e+00 4.000e+00 8.000e+00 6.000e+00 6.000e+00 6.000e+00 1.000e+00
 2.000e+00 3.000e+00 8.000e+00 3.000e+00 4.000e+00 3.000e+00 2.000e+00
 1.000e+00 1.000e+00 3.000e+00 0.000e+00 1.000e+00 0.000e+00 0.000e+00
 0.000e+00 0.000e+00 1.000e+00 0.000e+00 1.000e+00 1.000e+00 0.000e+00
 0.000e+00 1.000e+00 0.000e+00 1.000e+00 0.000e+00 1.000e+00]
897600 loops cons: [2.49e+03 7.49e+02 3.34e+02 1.93e+02 1.04e+02 7.40e+01 4.50e+01 3.10e+01
 2.30e+01 1.70e+01 1.20e+01 1.50e+01 1.10e+01 3.00e+00 5.00e+00 4.00e+00
 8.00e+00 6.00e+00 6.00e+00 6.00e+00 1.00e+00 2.00e+00 3.00e+00 8.00e+00
 3.00e+00 4.00e+00 3.00e+00 2.00e+00 1.00e+00 1.00e+00 3.00e+00 0.00e+00
 1.00e+00 0.00e+00 0.00e+00 0.00e+00 0.00e+00 1.00e+00 0.00e+00 1.00e+00
 1.00e+00 0.00e+00 0.00e+00 2.00e+00 0.00e+00 1.00e+00 0.00e+00 1.00e+00]
902400 loops cons: [2.504e+03 7.520e+02 3.350e+02 1.940e+02 1.050e+02 7.400e+01 4.500e+01
 3.100e+01 2.300e+01 1.700e+01 1.200e+01 1.500e+01 1.100e+01 3.000e+00
 5.000e+00 4.000e+00 8.000e+00 6.000e+00 6.000e+00 6.000e+00 1.000e+00
 2.000e+00 3.000e+00 8.000e+00 3.000e+00 4.000e+00 3.000e+00 2.000e+00
 1.000e+00 1.000e+00 3.000e+00 0.000e+00 1.000e+00 0.000e+00 0.000e+00
 0.000e+00 0.000e+00 1.000e+00 0.000e+00 1.000e+00 1.000e+00 0.000e+00
 0.000e+00 2.000e+00 0.000e+00 1.000e+00 0.000e+00 1.000e+00]
907200 loops cons: [2.514e+03 7.540e+02 3.350e+02 1.950e+02 1.060e+02 7.400e+01 4.500e+01
 3.100e+01 2.300e+01 1.700e+01 1.200e+01 1.500e+01 1.100e+01 3.000e+00
 5.000e+00 4.000e+00 8.000e+00 6.000e+00 6.000e+00 6.000e+00 1.000e+00
 2.000e+00 3.000e+00 8.000e+00 3.000e+00 4.000e+00 3.000e+00 2.000e+00
 1.000e+00 1.000e+00 3.000e+00 0.000e+00 1.000e+00 0.000e+00 0.000e+00
 0.000e+00 0.000e+00 1.000e+00 0.000e+00 1.000e+00 1.000e+00 0.000e+00
 0.000e+00 2.000e+00 0.000e+00 1.000e+00 0.000e+00 1.000e+00]
912000 loops cons: [2.525e+03 7.590e+02 3.370e+02 1.950e+02 1.060e+02 7.500e+01 4.700e+01
 3.300e+01 2.300e+01 1.700e+01 1.200e+01 1.500e+01 1.100e+01 3.000e+00
 5.000e+00 4.000e+00 8.000e+00 6.000e+00 6.000e+00 6.000e+00 1.000e+00
 2.000e+00 3.000e+00 8.000e+00 3.000e+00 4.000e+00 3.000e+00 2.000e+00
 1.000e+00 1.000e+00 3.000e+00 0.000e+00 1.000e+00 0.000e+00 0.000e+00
 0.000e+00 0.000e+00 1.000e+00 1.000e+00 1.000e+00 1.000e+00 0.000e+00
 0.000e+00 2.000e+00 0.000e+00 1.000e+00 0.000e+00 1.000e+00]
916800 loops cons: [2.54e+03 7.66e+02 3.38e+02 1.95e+02 1.06e+02 7.50e+01 4.70e+01 3.30e+01
 2.40e+01 1.70e+01 1.20e+01 1.50e+01 1.10e+01 3.00e+00 5.00e+00 4.00e+00
 8.00e+00 6.00e+00 6.00e+00 6.00e+00 1.00e+00 2.00e+00 3.00e+00 8.00e+00
 3.00e+00 4.00e+00 3.00e+00 2.00e+00 1.00e+00 1.00e+00 3.00e+00 0.00e+00
 1.00e+00 0.00e+00 0.00e+00 0.00e+00 0.00e+00 1.00e+00 1.00e+00 1.00e+00
 1.00e+00 0.00e+00 0.00e+00 2.00e+00 0.00e+00 1.00e+00 0.00e+00 1.00e+00]
921600 loops cons: [2.553e+03 7.700e+02 3.400e+02 1.960e+02 1.070e+02 7.600e+01 4.800e+01
 3.300e+01 2.400e+01 1.800e+01 1.200e+01 1.500e+01 1.100e+01 3.000e+00
 5.000e+00 4.000e+00 8.000e+00 6.000e+00 6.000e+00 6.000e+00 2.000e+00
 2.000e+00 3.000e+00 8.000e+00 3.000e+00 4.000e+00 3.000e+00 2.000e+00
 1.000e+00 1.000e+00 3.000e+00 0.000e+00 1.000e+00 0.000e+00 0.000e+00
 0.000e+00 0.000e+00 1.000e+00 1.000e+00 1.000e+00 1.000e+00 0.000e+00
 0.000e+00 2.000e+00 0.000e+00 1.000e+00 0.000e+00 1.000e+00]
926400 loops cons: [2.572e+03 7.750e+02 3.410e+02 1.960e+02 1.070e+02 7.600e+01 4.800e+01
 3.300e+01 2.500e+01 1.800e+01 1.200e+01 1.500e+01 1.100e+01 3.000e+00
 5.000e+00 4.000e+00 8.000e+00 6.000e+00 6.000e+00 6.000e+00 2.000e+00
 2.000e+00 3.000e+00 8.000e+00 3.000e+00 4.000e+00 3.000e+00 2.000e+00
 1.000e+00 1.000e+00 3.000e+00 0.000e+00 1.000e+00 0.000e+00 0.000e+00
 0.000e+00 0.000e+00 1.000e+00 1.000e+00 1.000e+00 1.000e+00 0.000e+00
 0.000e+00 2.000e+00 0.000e+00 1.000e+00 0.000e+00 1.000e+00]
931200 loops cons: [2.585e+03 7.780e+02 3.420e+02 1.990e+02 1.070e+02 7.600e+01 4.800e+01
 3.300e+01 2.500e+01 1.900e+01 1.200e+01 1.500e+01 1.100e+01 3.000e+00
 5.000e+00 4.000e+00 9.000e+00 6.000e+00 6.000e+00 6.000e+00 2.000e+00
 3.000e+00 3.000e+00 8.000e+00 3.000e+00 4.000e+00 3.000e+00 2.000e+00
 1.000e+00 1.000e+00 3.000e+00 0.000e+00 1.000e+00 0.000e+00 0.000e+00
 0.000e+00 0.000e+00 1.000e+00 1.000e+00 1.000e+00 1.000e+00 0.000e+00
 0.000e+00 2.000e+00 0.000e+00 1.000e+00 0.000e+00 1.000e+00]
936000 loops cons: [2.595e+03 7.800e+02 3.430e+02 1.990e+02 1.080e+02 7.600e+01 4.800e+01
 3.400e+01 2.500e+01 1.900e+01 1.200e+01 1.500e+01 1.100e+01 4.000e+00
 5.000e+00 5.000e+00 9.000e+00 6.000e+00 6.000e+00 6.000e+00 2.000e+00
 3.000e+00 3.000e+00 8.000e+00 3.000e+00 4.000e+00 3.000e+00 2.000e+00
 1.000e+00 1.000e+00 3.000e+00 0.000e+00 1.000e+00 0.000e+00 0.000e+00
 0.000e+00 0.000e+00 1.000e+00 1.000e+00 1.000e+00 1.000e+00 0.000e+00
 0.000e+00 2.000e+00 0.000e+00 1.000e+00 0.000e+00 1.000e+00]
940800 loops cons: [2.607e+03 7.840e+02 3.480e+02 2.000e+02 1.090e+02 7.600e+01 4.800e+01
 3.500e+01 2.500e+01 2.000e+01 1.200e+01 1.500e+01 1.100e+01 4.000e+00
 5.000e+00 5.000e+00 9.000e+00 6.000e+00 6.000e+00 6.000e+00 2.000e+00
 3.000e+00 3.000e+00 8.000e+00 3.000e+00 4.000e+00 3.000e+00 2.000e+00
 1.000e+00 1.000e+00 3.000e+00 0.000e+00 1.000e+00 0.000e+00 0.000e+00
 0.000e+00 0.000e+00 1.000e+00 1.000e+00 1.000e+00 1.000e+00 0.000e+00
 0.000e+00 2.000e+00 0.000e+00 1.000e+00 0.000e+00 1.000e+00]
945600 loops cons: [2.62e+03 7.89e+02 3.51e+02 2.01e+02 1.10e+02 7.60e+01 4.80e+01 3.50e+01
 2.50e+01 2.00e+01 1.20e+01 1.50e+01 1.10e+01 4.00e+00 5.00e+00 5.00e+00
 9.00e+00 6.00e+00 6.00e+00 6.00e+00 2.00e+00 3.00e+00 3.00e+00 8.00e+00
 3.00e+00 4.00e+00 3.00e+00 2.00e+00 1.00e+00 1.00e+00 3.00e+00 0.00e+00
 1.00e+00 0.00e+00 0.00e+00 0.00e+00 0.00e+00 1.00e+00 1.00e+00 1.00e+00
 1.00e+00 0.00e+00 0.00e+00 2.00e+00 0.00e+00 1.00e+00 1.00e+00 1.00e+00]
950400 loops cons: [2.631e+03 7.930e+02 3.540e+02 2.030e+02 1.120e+02 7.600e+01 4.800e+01
 3.500e+01 2.500e+01 2.000e+01 1.200e+01 1.500e+01 1.100e+01 4.000e+00
 5.000e+00 5.000e+00 9.000e+00 6.000e+00 6.000e+00 6.000e+00 2.000e+00
 3.000e+00 3.000e+00 8.000e+00 3.000e+00 4.000e+00 3.000e+00 2.000e+00
 1.000e+00 1.000e+00 3.000e+00 0.000e+00 1.000e+00 0.000e+00 0.000e+00
 0.000e+00 0.000e+00 1.000e+00 1.000e+00 1.000e+00 1.000e+00 0.000e+00
 0.000e+00 2.000e+00 0.000e+00 1.000e+00 1.000e+00 1.000e+00]
955200 loops cons: [2.645e+03 7.960e+02 3.570e+02 2.050e+02 1.130e+02 7.700e+01 4.900e+01
 3.500e+01 2.500e+01 2.000e+01 1.200e+01 1.500e+01 1.100e+01 4.000e+00
 5.000e+00 5.000e+00 9.000e+00 6.000e+00 6.000e+00 6.000e+00 2.000e+00
 3.000e+00 3.000e+00 9.000e+00 3.000e+00 4.000e+00 3.000e+00 2.000e+00
 2.000e+00 1.000e+00 3.000e+00 0.000e+00 1.000e+00 0.000e+00 0.000e+00
 0.000e+00 0.000e+00 1.000e+00 1.000e+00 1.000e+00 1.000e+00 0.000e+00
 0.000e+00 2.000e+00 0.000e+00 1.000e+00 1.000e+00 1.000e+00]
960000 loops cons: [2.652e+03 7.970e+02 3.580e+02 2.060e+02 1.130e+02 7.700e+01 4.900e+01
 3.500e+01 2.500e+01 2.000e+01 1.300e+01 1.500e+01 1.100e+01 4.000e+00
 5.000e+00 5.000e+00 9.000e+00 6.000e+00 6.000e+00 6.000e+00 2.000e+00
 3.000e+00 3.000e+00 9.000e+00 3.000e+00 4.000e+00 3.000e+00 2.000e+00
 2.000e+00 1.000e+00 3.000e+00 0.000e+00 1.000e+00 0.000e+00 0.000e+00
 0.000e+00 0.000e+00 1.000e+00 1.000e+00 1.000e+00 1.000e+00 0.000e+00
 0.000e+00 2.000e+00 0.000e+00 1.000e+00 1.000e+00 1.000e+00]
964800 loops cons: [2.666e+03 8.010e+02 3.600e+02 2.070e+02 1.140e+02 7.700e+01 5.000e+01
 3.500e+01 2.500e+01 2.000e+01 1.300e+01 1.500e+01 1.100e+01 4.000e+00
 5.000e+00 5.000e+00 9.000e+00 6.000e+00 6.000e+00 6.000e+00 2.000e+00
 3.000e+00 3.000e+00 9.000e+00 3.000e+00 4.000e+00 3.000e+00 2.000e+00
 2.000e+00 1.000e+00 3.000e+00 0.000e+00 1.000e+00 0.000e+00 0.000e+00
 0.000e+00 0.000e+00 1.000e+00 1.000e+00 1.000e+00 1.000e+00 0.000e+00
 0.000e+00 2.000e+00 0.000e+00 1.000e+00 1.000e+00 1.000e+00]
969600 loops cons: [2.677e+03 8.040e+02 3.600e+02 2.080e+02 1.150e+02 7.700e+01 5.000e+01
 3.500e+01 2.500e+01 2.000e+01 1.300e+01 1.500e+01 1.100e+01 4.000e+00
 5.000e+00 5.000e+00 9.000e+00 6.000e+00 6.000e+00 6.000e+00 2.000e+00
 3.000e+00 3.000e+00 9.000e+00 3.000e+00 4.000e+00 3.000e+00 2.000e+00
 2.000e+00 1.000e+00 3.000e+00 0.000e+00 1.000e+00 0.000e+00 0.000e+00
 0.000e+00 0.000e+00 1.000e+00 1.000e+00 1.000e+00 1.000e+00 0.000e+00
 0.000e+00 2.000e+00 0.000e+00 1.000e+00 1.000e+00 1.000e+00]
974400 loops cons: [2.693e+03 8.060e+02 3.610e+02 2.090e+02 1.150e+02 7.700e+01 5.000e+01
 3.500e+01 2.500e+01 2.000e+01 1.300e+01 1.500e+01 1.100e+01 4.000e+00
 6.000e+00 5.000e+00 9.000e+00 6.000e+00 6.000e+00 6.000e+00 2.000e+00
 3.000e+00 3.000e+00 9.000e+00 3.000e+00 4.000e+00 3.000e+00 2.000e+00
 2.000e+00 1.000e+00 3.000e+00 0.000e+00 1.000e+00 0.000e+00 0.000e+00
 0.000e+00 0.000e+00 1.000e+00 1.000e+00 1.000e+00 1.000e+00 0.000e+00
 0.000e+00 2.000e+00 0.000e+00 1.000e+00 1.000e+00 1.000e+00]
979200 loops cons: [2.702e+03 8.100e+02 3.630e+02 2.090e+02 1.150e+02 7.700e+01 5.000e+01
 3.500e+01 2.600e+01 2.000e+01 1.400e+01 1.500e+01 1.100e+01 4.000e+00
 6.000e+00 5.000e+00 9.000e+00 6.000e+00 6.000e+00 6.000e+00 2.000e+00
 3.000e+00 3.000e+00 9.000e+00 3.000e+00 4.000e+00 3.000e+00 2.000e+00
 2.000e+00 1.000e+00 3.000e+00 0.000e+00 1.000e+00 0.000e+00 0.000e+00
 0.000e+00 0.000e+00 1.000e+00 1.000e+00 1.000e+00 1.000e+00 0.000e+00
 0.000e+00 2.000e+00 0.000e+00 1.000e+00 1.000e+00 1.000e+00]
984000 loops cons: [2.715e+03 8.130e+02 3.640e+02 2.090e+02 1.150e+02 7.900e+01 5.100e+01
 3.500e+01 2.700e+01 2.000e+01 1.500e+01 1.500e+01 1.100e+01 4.000e+00
 7.000e+00 5.000e+00 9.000e+00 6.000e+00 6.000e+00 6.000e+00 2.000e+00
 3.000e+00 3.000e+00 9.000e+00 3.000e+00 4.000e+00 3.000e+00 2.000e+00
 2.000e+00 1.000e+00 3.000e+00 0.000e+00 1.000e+00 0.000e+00 0.000e+00
 0.000e+00 0.000e+00 1.000e+00 1.000e+00 1.000e+00 1.000e+00 0.000e+00
 0.000e+00 2.000e+00 0.000e+00 1.000e+00 1.000e+00 1.000e+00]
988800 loops cons: [2.732e+03 8.200e+02 3.650e+02 2.110e+02 1.150e+02 7.900e+01 5.100e+01
 3.500e+01 2.700e+01 2.000e+01 1.500e+01 1.500e+01 1.100e+01 4.000e+00
 7.000e+00 5.000e+00 9.000e+00 6.000e+00 6.000e+00 6.000e+00 2.000e+00
 3.000e+00 3.000e+00 9.000e+00 3.000e+00 4.000e+00 3.000e+00 2.000e+00
 2.000e+00 1.000e+00 3.000e+00 0.000e+00 1.000e+00 0.000e+00 0.000e+00
 0.000e+00 0.000e+00 1.000e+00 1.000e+00 1.000e+00 1.000e+00 0.000e+00
 0.000e+00 2.000e+00 0.000e+00 1.000e+00 1.000e+00 1.000e+00]
993600 loops cons: [2.752e+03 8.240e+02 3.660e+02 2.130e+02 1.150e+02 7.900e+01 5.100e+01
 3.600e+01 2.700e+01 2.000e+01 1.500e+01 1.500e+01 1.200e+01 4.000e+00
 7.000e+00 5.000e+00 9.000e+00 6.000e+00 6.000e+00 6.000e+00 2.000e+00
 3.000e+00 3.000e+00 9.000e+00 3.000e+00 4.000e+00 3.000e+00 2.000e+00
 2.000e+00 1.000e+00 3.000e+00 0.000e+00 1.000e+00 0.000e+00 0.000e+00
 0.000e+00 0.000e+00 1.000e+00 1.000e+00 1.000e+00 1.000e+00 0.000e+00
 0.000e+00 2.000e+00 0.000e+00 1.000e+00 1.000e+00 1.000e+00]
998400 loops cons: [2.769e+03 8.280e+02 3.670e+02 2.130e+02 1.160e+02 8.000e+01 5.100e+01
 3.600e+01 2.700e+01 2.000e+01 1.500e+01 1.500e+01 1.200e+01 4.000e+00
 7.000e+00 6.000e+00 9.000e+00 6.000e+00 6.000e+00 6.000e+00 2.000e+00
 3.000e+00 3.000e+00 9.000e+00 3.000e+00 4.000e+00 3.000e+00 2.000e+00
 2.000e+00 1.000e+00 3.000e+00 0.000e+00 1.000e+00 0.000e+00 0.000e+00
 0.000e+00 0.000e+00 1.000e+00 1.000e+00 1.000e+00 1.000e+00 0.000e+00
 0.000e+00 2.000e+00 0.000e+00 1.000e+00 1.000e+00 1.000e+00]
1003200 loops cons: [2.783e+03 8.310e+02 3.680e+02 2.140e+02 1.160e+02 8.000e+01 5.100e+01
 3.600e+01 2.700e+01 2.000e+01 1.500e+01 1.500e+01 1.200e+01 4.000e+00
 7.000e+00 6.000e+00 9.000e+00 6.000e+00 6.000e+00 6.000e+00 2.000e+00
 3.000e+00 4.000e+00 9.000e+00 3.000e+00 4.000e+00 3.000e+00 2.000e+00
 2.000e+00 1.000e+00 3.000e+00 0.000e+00 1.000e+00 0.000e+00 0.000e+00
 0.000e+00 0.000e+00 1.000e+00 1.000e+00 1.000e+00 1.000e+00 0.000e+00
 0.000e+00 2.000e+00 0.000e+00 1.000e+00 1.000e+00 1.000e+00]
1008000 loops cons: [2.787e+03 8.320e+02 3.710e+02 2.140e+02 1.160e+02 8.000e+01 5.100e+01
 3.600e+01 2.700e+01 2.000e+01 1.500e+01 1.500e+01 1.200e+01 4.000e+00
 7.000e+00 6.000e+00 9.000e+00 6.000e+00 6.000e+00 6.000e+00 2.000e+00
 3.000e+00 4.000e+00 9.000e+00 3.000e+00 4.000e+00 3.000e+00 2.000e+00
 3.000e+00 1.000e+00 3.000e+00 0.000e+00 1.000e+00 0.000e+00 0.000e+00
 0.000e+00 0.000e+00 1.000e+00 1.000e+00 1.000e+00 1.000e+00 0.000e+00
 0.000e+00 2.000e+00 0.000e+00 1.000e+00 1.000e+00 1.000e+00]
1012800 loops cons: [2.802e+03 8.360e+02 3.740e+02 2.160e+02 1.170e+02 8.000e+01 5.200e+01
 3.600e+01 2.700e+01 2.000e+01 1.500e+01 1.500e+01 1.200e+01 4.000e+00
 7.000e+00 6.000e+00 9.000e+00 6.000e+00 6.000e+00 6.000e+00 2.000e+00
 3.000e+00 4.000e+00 9.000e+00 3.000e+00 4.000e+00 3.000e+00 2.000e+00
 3.000e+00 1.000e+00 3.000e+00 0.000e+00 1.000e+00 0.000e+00 0.000e+00
 0.000e+00 0.000e+00 1.000e+00 1.000e+00 1.000e+00 1.000e+00 0.000e+00
 0.000e+00 2.000e+00 0.000e+00 1.000e+00 1.000e+00 1.000e+00]
1017600 loops cons: [2.818e+03 8.380e+02 3.750e+02 2.180e+02 1.170e+02 8.000e+01 5.200e+01
 3.700e+01 2.700e+01 2.000e+01 1.600e+01 1.500e+01 1.300e+01 4.000e+00
 7.000e+00 6.000e+00 9.000e+00 6.000e+00 6.000e+00 6.000e+00 2.000e+00
 3.000e+00 4.000e+00 9.000e+00 3.000e+00 4.000e+00 3.000e+00 2.000e+00
 3.000e+00 1.000e+00 3.000e+00 0.000e+00 1.000e+00 0.000e+00 0.000e+00
 0.000e+00 0.000e+00 1.000e+00 1.000e+00 1.000e+00 1.000e+00 0.000e+00
 0.000e+00 2.000e+00 0.000e+00 1.000e+00 1.000e+00 1.000e+00]
1022400 loops cons: [2.831e+03 8.410e+02 3.750e+02 2.190e+02 1.170e+02 8.200e+01 5.200e+01
 3.700e+01 2.700e+01 2.000e+01 1.600e+01 1.500e+01 1.300e+01 4.000e+00
 7.000e+00 6.000e+00 9.000e+00 6.000e+00 6.000e+00 6.000e+00 2.000e+00
 3.000e+00 4.000e+00 9.000e+00 3.000e+00 4.000e+00 3.000e+00 2.000e+00
 3.000e+00 1.000e+00 3.000e+00 0.000e+00 1.000e+00 0.000e+00 0.000e+00
 0.000e+00 0.000e+00 1.000e+00 1.000e+00 1.000e+00 1.000e+00 0.000e+00
 0.000e+00 2.000e+00 0.000e+00 1.000e+00 1.000e+00 1.000e+00]
1027200 loops cons: [2.846e+03 8.460e+02 3.790e+02 2.200e+02 1.170e+02 8.200e+01 5.200e+01
 3.700e+01 2.800e+01 2.000e+01 1.600e+01 1.500e+01 1.300e+01 4.000e+00
 7.000e+00 6.000e+00 9.000e+00 6.000e+00 6.000e+00 6.000e+00 2.000e+00
 3.000e+00 4.000e+00 9.000e+00 3.000e+00 4.000e+00 3.000e+00 2.000e+00
 3.000e+00 1.000e+00 3.000e+00 0.000e+00 1.000e+00 0.000e+00 0.000e+00
 0.000e+00 0.000e+00 1.000e+00 1.000e+00 1.000e+00 1.000e+00 0.000e+00
 0.000e+00 2.000e+00 0.000e+00 1.000e+00 1.000e+00 1.000e+00]
1032000 loops cons: [2.858e+03 8.490e+02 3.820e+02 2.230e+02 1.190e+02 8.200e+01 5.200e+01
 3.800e+01 2.800e+01 2.000e+01 1.600e+01 1.500e+01 1.300e+01 4.000e+00
 7.000e+00 6.000e+00 9.000e+00 6.000e+00 6.000e+00 6.000e+00 2.000e+00
 3.000e+00 4.000e+00 9.000e+00 3.000e+00 4.000e+00 3.000e+00 2.000e+00
 3.000e+00 1.000e+00 3.000e+00 0.000e+00 1.000e+00 0.000e+00 0.000e+00
 0.000e+00 0.000e+00 1.000e+00 1.000e+00 1.000e+00 1.000e+00 0.000e+00
 0.000e+00 2.000e+00 0.000e+00 1.000e+00 1.000e+00 1.000e+00]
1036800 loops cons: [2.867e+03 8.530e+02 3.840e+02 2.250e+02 1.190e+02 8.300e+01 5.200e+01
 3.800e+01 2.800e+01 2.000e+01 1.600e+01 1.500e+01 1.300e+01 4.000e+00
 7.000e+00 6.000e+00 9.000e+00 6.000e+00 6.000e+00 6.000e+00 2.000e+00
 3.000e+00 4.000e+00 9.000e+00 3.000e+00 4.000e+00 3.000e+00 2.000e+00
 3.000e+00 1.000e+00 3.000e+00 0.000e+00 1.000e+00 0.000e+00 0.000e+00
 0.000e+00 0.000e+00 1.000e+00 1.000e+00 1.000e+00 1.000e+00 0.000e+00
 0.000e+00 2.000e+00 0.000e+00 1.000e+00 1.000e+00 1.000e+00]
1041600 loops cons: [2.885e+03 8.590e+02 3.860e+02 2.260e+02 1.190e+02 8.400e+01 5.300e+01
 3.800e+01 2.800e+01 2.000e+01 1.600e+01 1.500e+01 1.300e+01 4.000e+00
 7.000e+00 6.000e+00 9.000e+00 6.000e+00 6.000e+00 6.000e+00 2.000e+00
 3.000e+00 4.000e+00 9.000e+00 3.000e+00 4.000e+00 3.000e+00 2.000e+00
 3.000e+00 1.000e+00 3.000e+00 0.000e+00 1.000e+00 0.000e+00 0.000e+00
 0.000e+00 0.000e+00 1.000e+00 1.000e+00 1.000e+00 1.000e+00 0.000e+00
 0.000e+00 2.000e+00 0.000e+00 1.000e+00 1.000e+00 1.000e+00]
1046400 loops cons: [2.899e+03 8.640e+02 3.890e+02 2.260e+02 1.200e+02 8.400e+01 5.300e+01
 3.800e+01 2.800e+01 2.000e+01 1.600e+01 1.500e+01 1.300e+01 4.000e+00
 7.000e+00 6.000e+00 9.000e+00 6.000e+00 6.000e+00 6.000e+00 2.000e+00
 3.000e+00 4.000e+00 9.000e+00 3.000e+00 4.000e+00 3.000e+00 2.000e+00
 3.000e+00 1.000e+00 3.000e+00 0.000e+00 1.000e+00 0.000e+00 0.000e+00
 0.000e+00 0.000e+00 1.000e+00 1.000e+00 1.000e+00 1.000e+00 0.000e+00
 0.000e+00 2.000e+00 0.000e+00 1.000e+00 1.000e+00 1.000e+00]
1051200 loops cons: [2.912e+03 8.680e+02 3.900e+02 2.270e+02 1.200e+02 8.400e+01 5.300e+01
 3.800e+01 2.800e+01 2.000e+01 1.600e+01 1.500e+01 1.300e+01 4.000e+00
 7.000e+00 6.000e+00 9.000e+00 6.000e+00 6.000e+00 6.000e+00 2.000e+00
 3.000e+00 4.000e+00 9.000e+00 3.000e+00 4.000e+00 3.000e+00 2.000e+00
 3.000e+00 1.000e+00 3.000e+00 0.000e+00 1.000e+00 0.000e+00 0.000e+00
 0.000e+00 0.000e+00 1.000e+00 1.000e+00 1.000e+00 1.000e+00 0.000e+00
 0.000e+00 2.000e+00 0.000e+00 1.000e+00 1.000e+00 1.000e+00]
1056000 loops cons: [2.922e+03 8.740e+02 3.920e+02 2.290e+02 1.200e+02 8.400e+01 5.300e+01
 3.800e+01 2.800e+01 2.000e+01 1.600e+01 1.500e+01 1.300e+01 5.000e+00
 7.000e+00 6.000e+00 9.000e+00 6.000e+00 7.000e+00 6.000e+00 2.000e+00
 3.000e+00 4.000e+00 9.000e+00 3.000e+00 4.000e+00 3.000e+00 2.000e+00
 3.000e+00 1.000e+00 3.000e+00 0.000e+00 1.000e+00 0.000e+00 0.000e+00
 0.000e+00 0.000e+00 1.000e+00 1.000e+00 1.000e+00 1.000e+00 0.000e+00
 0.000e+00 2.000e+00 0.000e+00 1.000e+00 1.000e+00 1.000e+00]
1060800 loops cons: [2.934e+03 8.790e+02 3.930e+02 2.320e+02 1.200e+02 8.500e+01 5.400e+01
 3.800e+01 2.800e+01 2.000e+01 1.600e+01 1.500e+01 1.300e+01 5.000e+00
 7.000e+00 6.000e+00 9.000e+00 6.000e+00 7.000e+00 6.000e+00 2.000e+00
 3.000e+00 4.000e+00 9.000e+00 3.000e+00 4.000e+00 3.000e+00 2.000e+00
 3.000e+00 1.000e+00 3.000e+00 0.000e+00 1.000e+00 0.000e+00 0.000e+00
 0.000e+00 0.000e+00 1.000e+00 1.000e+00 1.000e+00 1.000e+00 0.000e+00
 0.000e+00 2.000e+00 0.000e+00 1.000e+00 1.000e+00 1.000e+00]
1065600 loops cons: [2.944e+03 8.830e+02 3.960e+02 2.320e+02 1.210e+02 8.500e+01 5.400e+01
 3.800e+01 2.800e+01 2.100e+01 1.600e+01 1.500e+01 1.300e+01 5.000e+00
 7.000e+00 6.000e+00 9.000e+00 6.000e+00 7.000e+00 6.000e+00 2.000e+00
 3.000e+00 4.000e+00 9.000e+00 3.000e+00 4.000e+00 3.000e+00 2.000e+00
 3.000e+00 1.000e+00 3.000e+00 0.000e+00 1.000e+00 0.000e+00 0.000e+00
 0.000e+00 0.000e+00 1.000e+00 1.000e+00 1.000e+00 1.000e+00 0.000e+00
 0.000e+00 2.000e+00 0.000e+00 1.000e+00 1.000e+00 1.000e+00]
