Starting new run concatemerization
concentration: 2
0 loops cons: [0. 0. 0. 0. 0. 0. 0. 0. 0. 0. 0. 0. 0. 0. 0. 0. 0. 0. 0. 0. 0. 0. 0. 0.
 0. 0. 0. 0. 0. 0. 0. 0. 0. 0. 0. 0. 0. 0. 0. 0. 0. 0. 0. 0. 0. 0. 0. 0.]
4800 loops cons: [13.  5.  3.  1.  0.  1.  0.  0.  0.  0.  0.  0.  0.  0.  0.  0.  0.  0.
  0.  0.  0.  0.  0.  0.  0.  0.  0.  0.  0.  0.  0.  0.  0.  0.  0.  0.
  0.  0.  0.  0.  0.  0.  0.  0.  0.  0.  0.  0.]
9600 loops cons: [24.  9.  4.  4.  1.  1.  0.  0.  0.  0.  0.  0.  0.  0.  0.  0.  0.  0.
  0.  0.  0.  0.  0.  0.  0.  0.  0.  0.  0.  0.  0.  0.  0.  0.  0.  0.
  0.  0.  0.  0.  0.  0.  0.  0.  0.  0.  0.  0.]
14400 loops cons: [40. 16.  5.  4.  1.  1.  0.  0.  1.  0.  0.  0.  0.  0.  0.  0.  0.  0.
  0.  0.  0.  0.  0.  0.  0.  0.  0.  0.  0.  0.  0.  0.  0.  0.  0.  0.
  0.  0.  0.  0.  0.  0.  0.  0.  0.  0.  0.  0.]
19200 loops cons: [52. 18.  8.  7.  1.  1.  0.  0.  1.  0.  0.  0.  0.  0.  0.  0.  0.  0.
  0.  0.  0.  0.  0.  0.  0.  0.  0.  0.  0.  0.  0.  0.  0.  0.  0.  0.
  0.  0.  0.  0.  0.  0.  0.  0.  0.  0.  0.  0.]
24000 loops cons: [64. 21. 11.  7.  1.  1.  0.  0.  3.  0.  1.  0.  0.  0.  0.  0.  0.  0.
  0.  0.  0.  0.  0.  0.  0.  0.  0.  0.  0.  0.  0.  0.  1.  0.  0.  0.
  0.  0.  0.  0.  0.  0.  0.  0.  0.  0.  0.  0.]
28800 loops cons: [81. 25. 11.  9.  1.  2.  1.  0.  3.  0.  1.  0.  2.  0.  0.  0.  0.  0.
  0.  0.  0.  0.  0.  0.  0.  0.  0.  0.  0.  0.  0.  0.  1.  0.  0.  0.
  0.  0.  0.  0.  0.  0.  0.  0.  0.  0.  0.  0.]
33600 loops cons: [94. 32. 15. 10.  2.  2.  1.  1.  3.  0.  1.  0.  2.  0.  0.  0.  0.  0.
  0.  0.  0.  0.  0.  0.  0.  0.  0.  0.  0.  0.  0.  0.  1.  0.  0.  0.
  0.  0.  0.  0.  0.  0.  0.  0.  0.  0.  0.  0.]
38400 loops cons: [106.  39.  21.  11.   3.   2.   1.   1.   3.   0.   1.   0.   2.   0.
   0.   0.   1.   0.   0.   0.   0.   0.   0.   0.   0.   0.   0.   0.
   0.   0.   0.   0.   1.   0.   0.   0.   0.   0.   0.   0.   0.   0.
   0.   0.   0.   0.   0.   0.]
43200 loops cons: [117.  41.  23.  12.   4.   2.   1.   2.   3.   0.   1.   0.   2.   0.
   0.   0.   1.   0.   0.   1.   0.   0.   0.   0.   0.   0.   0.   0.
   0.   0.   0.   0.   1.   0.   0.   0.   0.   0.   0.   0.   0.   0.
   0.   0.   0.   0.   0.   0.]
48000 loops cons: [130.  44.  25.  12.   5.   2.   1.   2.   3.   0.   1.   0.   2.   0.
   0.   0.   1.   0.   0.   1.   0.   0.   1.   0.   0.   0.   0.   0.
   0.   0.   0.   0.   1.   0.   0.   0.   0.   0.   0.   0.   0.   0.
   0.   0.   0.   0.   0.   0.]
52800 loops cons: [143.  46.  29.  12.   6.   2.   1.   2.   3.   0.   1.   0.   2.   0.
   0.   0.   1.   0.   0.   1.   0.   0.   1.   0.   0.   0.   0.   0.
   0.   0.   0.   0.   1.   0.   0.   0.   0.   0.   0.   0.   0.   0.
   0.   0.   0.   0.   0.   0.]
57600 loops cons: [159.  50.  29.  13.   6.   3.   1.   2.   3.   0.   1.   0.   2.   0.
   0.   0.   1.   0.   0.   1.   1.   0.   1.   0.   0.   0.   0.   0.
   0.   0.   0.   0.   1.   0.   0.   0.   0.   0.   0.   0.   0.   0.
   0.   0.   0.   0.   0.   0.]
62400 loops cons: [171.  57.  33.  13.   6.   5.   2.   2.   4.   0.   1.   0.   2.   0.
   0.   0.   1.   0.   0.   1.   1.   0.   1.   0.   0.   0.   0.   0.
   0.   0.   0.   0.   1.   0.   0.   0.   0.   0.   0.   0.   0.   0.
   0.   0.   0.   0.   0.   0.]
67200 loops cons: [184.  61.  34.  14.   6.   6.   2.   2.   4.   0.   1.   0.   2.   0.
   0.   0.   1.   0.   0.   1.   1.   0.   1.   0.   0.   0.   0.   0.
   0.   0.   0.   0.   1.   0.   0.   0.   0.   0.   0.   0.   0.   0.
   0.   0.   0.   0.   0.   0.]
72000 loops cons: [203.  64.  38.  15.   6.   6.   3.   2.   4.   0.   1.   0.   2.   0.
   0.   0.   1.   0.   0.   1.   1.   0.   1.   0.   0.   0.   0.   0.
   0.   0.   0.   0.   1.   0.   0.   0.   0.   0.   0.   0.   0.   0.
   0.   0.   0.   0.   0.   0.]
76800 loops cons: [222.  68.  39.  15.   7.   6.   3.   3.   4.   0.   1.   0.   2.   0.
   0.   0.   1.   0.   0.   1.   1.   0.   1.   0.   0.   0.   0.   1.
   0.   0.   0.   0.   1.   0.   0.   0.   0.   0.   0.   0.   0.   0.
   0.   1.   0.   0.   0.   0.]
81600 loops cons: [237.  71.  43.  18.   8.   7.   3.   3.   4.   0.   1.   0.   2.   0.
   0.   0.   1.   0.   0.   1.   1.   0.   1.   0.   0.   0.   0.   1.
   0.   0.   0.   0.   1.   0.   0.   0.   0.   0.   0.   0.   0.   0.
   0.   1.   0.   0.   0.   0.]
86400 loops cons: [249.  76.  43.  19.   9.   7.   3.   4.   4.   0.   1.   1.   2.   0.
   0.   0.   1.   0.   0.   1.   1.   0.   1.   0.   0.   0.   0.   1.
   0.   0.   0.   0.   1.   0.   0.   0.   0.   0.   0.   0.   0.   0.
   0.   1.   0.   0.   0.   0.]
91200 loops cons: [263.  83.  43.  21.   9.   7.   3.   5.   4.   0.   1.   1.   2.   0.
   0.   0.   1.   0.   0.   1.   1.   0.   1.   0.   0.   0.   0.   1.
   0.   0.   0.   0.   1.   0.   0.   0.   0.   0.   0.   0.   0.   0.
   0.   1.   0.   0.   0.   0.]
96000 loops cons: [275.  86.  44.  21.   9.   7.   3.   5.   4.   0.   2.   1.   2.   1.
   0.   0.   1.   0.   0.   1.   1.   0.   1.   0.   0.   0.   0.   1.
   0.   0.   0.   0.   1.   0.   0.   0.   0.   0.   0.   0.   0.   0.
   0.   1.   0.   0.   0.   0.]
100800 loops cons: [288.  89.  48.  22.  10.   8.   3.   5.   4.   0.   2.   1.   2.   1.
   0.   0.   1.   0.   0.   1.   1.   0.   1.   0.   0.   0.   0.   1.
   0.   0.   0.   0.   1.   0.   0.   0.   0.   0.   0.   0.   0.   0.
   0.   1.   0.   0.   0.   0.]
105600 loops cons: [303.  92.  50.  22.  10.   9.   4.   5.   5.   0.   2.   1.   2.   1.
   0.   0.   1.   0.   0.   1.   1.   0.   1.   0.   0.   0.   0.   1.
   0.   0.   0.   0.   1.   0.   0.   0.   0.   0.   0.   0.   0.   0.
   0.   1.   0.   0.   0.   0.]
110400 loops cons: [312.  96.  52.  23.  11.  10.   4.   5.   5.   0.   2.   1.   2.   1.
   0.   0.   1.   0.   0.   1.   1.   0.   1.   0.   0.   0.   0.   1.
   0.   0.   0.   0.   1.   0.   0.   0.   0.   0.   0.   0.   0.   0.
   0.   1.   0.   0.   0.   0.]
115200 loops cons: [321.  98.  55.  24.  11.  10.   4.   5.   5.   0.   2.   1.   2.   1.
   0.   0.   1.   0.   0.   1.   1.   0.   1.   0.   0.   0.   0.   1.
   0.   0.   0.   0.   1.   0.   0.   0.   0.   0.   0.   0.   0.   0.
   0.   1.   0.   0.   0.   0.]
120000 loops cons: [334. 103.  56.  25.  11.  10.   4.   5.   5.   0.   2.   1.   2.   1.
   0.   0.   1.   0.   0.   1.   1.   0.   1.   0.   0.   0.   0.   1.
   0.   0.   0.   0.   1.   0.   0.   0.   0.   0.   0.   0.   0.   0.
   0.   1.   0.   0.   0.   0.]
124800 loops cons: [350. 109.  59.  26.  11.  10.   5.   6.   5.   0.   2.   1.   2.   1.
   0.   0.   1.   0.   0.   1.   1.   0.   1.   0.   0.   0.   0.   1.
   0.   0.   0.   0.   1.   0.   0.   0.   0.   0.   0.   0.   0.   0.
   0.   1.   0.   0.   0.   0.]
129600 loops cons: [363. 113.  59.  26.  11.  11.   6.   6.   5.   0.   2.   1.   2.   1.
   0.   0.   1.   0.   0.   1.   1.   0.   1.   0.   0.   0.   0.   1.
   0.   0.   0.   0.   1.   0.   0.   0.   0.   0.   0.   0.   0.   0.
   0.   1.   0.   0.   0.   0.]
134400 loops cons: [371. 118.  60.  26.  12.  11.   6.   6.   5.   0.   2.   1.   2.   1.
   0.   0.   1.   0.   0.   1.   1.   0.   1.   0.   0.   0.   0.   1.
   0.   0.   0.   0.   1.   0.   0.   1.   0.   0.   0.   0.   0.   0.
   0.   1.   0.   0.   0.   0.]
139200 loops cons: [379. 124.  61.  28.  12.  12.   7.   6.   5.   0.   2.   1.   2.   1.
   0.   0.   1.   0.   0.   1.   1.   0.   1.   0.   0.   0.   0.   1.
   0.   0.   0.   0.   1.   0.   0.   1.   0.   0.   0.   0.   0.   0.
   0.   1.   0.   0.   0.   0.]
144000 loops cons: [392. 126.  64.  30.  12.  12.   7.   6.   5.   0.   2.   1.   2.   1.
   1.   0.   1.   0.   0.   1.   1.   0.   1.   0.   0.   0.   0.   1.
   0.   0.   0.   0.   1.   0.   0.   1.   0.   0.   0.   0.   0.   0.
   0.   2.   0.   0.   0.   0.]
148800 loops cons: [404. 129.  68.  30.  13.  12.   7.   6.   5.   0.   3.   1.   2.   1.
   1.   0.   3.   0.   0.   1.   1.   0.   1.   0.   0.   0.   0.   1.
   0.   0.   0.   0.   1.   0.   0.   1.   0.   0.   0.   0.   0.   0.
   0.   2.   0.   0.   0.   0.]
153600 loops cons: [425. 133.  68.  30.  14.  13.   8.   6.   5.   0.   3.   1.   2.   1.
   1.   0.   3.   0.   0.   1.   1.   0.   1.   0.   0.   0.   0.   1.
   0.   0.   0.   0.   1.   0.   0.   1.   0.   0.   0.   0.   0.   0.
   0.   2.   0.   0.   0.   0.]
158400 loops cons: [433. 134.  70.  30.  15.  13.   9.   6.   5.   0.   3.   1.   2.   1.
   1.   0.   3.   1.   0.   1.   1.   0.   1.   0.   0.   0.   0.   1.
   0.   0.   0.   0.   1.   0.   0.   1.   0.   0.   0.   0.   0.   0.
   0.   2.   0.   0.   0.   0.]
163200 loops cons: [446. 139.  72.  32.  16.  15.   9.   6.   5.   1.   3.   2.   2.   1.
   1.   0.   3.   1.   0.   1.   1.   0.   1.   0.   0.   0.   0.   1.
   0.   0.   0.   0.   1.   0.   0.   1.   0.   0.   0.   0.   0.   0.
   0.   2.   0.   0.   0.   0.]
168000 loops cons: [460. 144.  74.  35.  17.  15.   9.   6.   5.   1.   3.   2.   2.   1.
   1.   0.   3.   1.   0.   1.   1.   0.   1.   1.   0.   0.   0.   1.
   0.   0.   0.   0.   1.   0.   0.   1.   0.   0.   0.   0.   0.   0.
   0.   2.   0.   0.   1.   0.]
172800 loops cons: [474. 148.  75.  36.  17.  15.   9.   6.   5.   1.   3.   2.   2.   1.
   1.   0.   3.   1.   0.   1.   1.   0.   1.   1.   0.   0.   0.   1.
   0.   0.   0.   0.   1.   0.   0.   1.   0.   0.   0.   0.   0.   0.
   0.   2.   0.   0.   1.   0.]
177600 loops cons: [488. 151.  76.  36.  17.  15.  10.   6.   5.   1.   3.   2.   2.   1.
   1.   0.   4.   1.   0.   1.   1.   0.   2.   1.   0.   0.   0.   1.
   0.   0.   0.   0.   1.   0.   0.   1.   0.   0.   0.   0.   0.   0.
   0.   2.   0.   0.   1.   0.]
182400 loops cons: [505. 154.  77.  37.  17.  15.  11.   6.   5.   2.   3.   2.   3.   1.
   1.   0.   4.   1.   0.   1.   1.   0.   2.   1.   0.   0.   0.   1.
   0.   0.   0.   0.   1.   0.   0.   1.   0.   0.   0.   0.   0.   0.
   0.   2.   0.   0.   1.   0.]
187200 loops cons: [509. 157.  82.  38.  17.  15.  11.   6.   5.   2.   3.   2.   3.   1.
   1.   0.   4.   1.   0.   1.   1.   0.   2.   1.   0.   0.   0.   1.
   0.   0.   0.   0.   1.   0.   0.   1.   0.   0.   0.   0.   0.   0.
   0.   2.   0.   0.   1.   0.]
192000 loops cons: [520. 158.  85.  38.  18.  15.  11.   6.   5.   2.   3.   2.   3.   1.
   1.   0.   5.   1.   0.   1.   1.   0.   2.   1.   0.   0.   0.   1.
   0.   0.   0.   0.   1.   0.   0.   1.   0.   0.   0.   0.   0.   0.
   0.   2.   0.   0.   1.   0.]
196800 loops cons: [533. 161.  86.  38.  20.  15.  11.   6.   6.   2.   3.   2.   3.   1.
   1.   0.   5.   1.   0.   1.   1.   0.   2.   1.   0.   0.   0.   1.
   0.   0.   0.   0.   1.   0.   0.   1.   0.   0.   0.   0.   0.   1.
   0.   2.   0.   0.   1.   0.]
201600 loops cons: [545. 168.  86.  39.  20.  15.  11.   6.   6.   2.   3.   3.   3.   1.
   1.   0.   5.   1.   0.   1.   1.   0.   2.   1.   0.   0.   0.   1.
   0.   0.   0.   0.   1.   0.   0.   1.   0.   0.   0.   0.   0.   1.
   0.   2.   0.   0.   1.   0.]
206400 loops cons: [560. 169.  87.  39.  20.  15.  11.   6.   6.   2.   3.   3.   4.   1.
   1.   0.   5.   1.   0.   1.   1.   0.   2.   1.   0.   0.   0.   1.
   0.   0.   0.   0.   1.   0.   0.   1.   0.   0.   0.   0.   0.   1.
   0.   2.   0.   0.   1.   0.]
211200 loops cons: [580. 173.  90.  39.  20.  16.  12.   6.   6.   2.   3.   3.   4.   1.
   1.   0.   5.   1.   0.   1.   1.   0.   2.   1.   0.   0.   0.   1.
   0.   0.   0.   0.   1.   0.   0.   1.   0.   0.   0.   0.   0.   1.
   0.   2.   0.   0.   1.   0.]
216000 loops cons: [590. 177.  91.  40.  20.  16.  12.   6.   6.   2.   3.   3.   4.   1.
   1.   0.   5.   1.   0.   1.   1.   0.   2.   1.   0.   0.   0.   1.
   0.   0.   0.   0.   1.   0.   0.   1.   0.   0.   0.   0.   0.   1.
   0.   2.   0.   0.   1.   0.]
220800 loops cons: [603. 181.  93.  42.  20.  16.  12.   6.   6.   3.   3.   3.   4.   1.
   1.   0.   5.   1.   0.   1.   1.   0.   2.   1.   0.   0.   0.   1.
   0.   0.   0.   0.   1.   0.   0.   1.   0.   0.   0.   0.   0.   1.
   0.   2.   0.   0.   1.   0.]
225600 loops cons: [619. 184.  93.  42.  21.  16.  12.   7.   6.   3.   3.   3.   4.   1.
   1.   0.   5.   1.   0.   1.   1.   0.   2.   1.   0.   0.   0.   1.
   0.   0.   0.   0.   1.   0.   0.   1.   0.   0.   0.   0.   0.   1.
   0.   2.   0.   0.   1.   0.]
230400 loops cons: [637. 187.  97.  43.  21.  17.  12.   7.   6.   3.   3.   3.   4.   1.
   1.   0.   5.   1.   0.   1.   1.   1.   2.   1.   0.   0.   0.   1.
   0.   0.   0.   0.   1.   0.   0.   1.   0.   0.   0.   0.   0.   1.
   0.   2.   0.   0.   1.   0.]
235200 loops cons: [658. 194.  97.  44.  24.  19.  12.   7.   6.   3.   3.   3.   4.   1.
   1.   0.   5.   1.   0.   1.   1.   1.   2.   1.   0.   0.   0.   1.
   0.   0.   0.   0.   1.   0.   0.   1.   0.   0.   0.   0.   0.   1.
   0.   2.   0.   0.   1.   0.]
240000 loops cons: [672. 202.  98.  45.  26.  19.  12.   7.   6.   3.   3.   3.   4.   1.
   1.   0.   5.   1.   0.   1.   1.   1.   2.   1.   0.   0.   0.   1.
   0.   0.   0.   0.   1.   0.   0.   1.   0.   0.   0.   0.   0.   1.
   0.   2.   0.   0.   1.   0.]
244800 loops cons: [686. 207.  98.  46.  26.  19.  12.   8.   6.   3.   4.   3.   4.   1.
   1.   0.   5.   1.   0.   1.   1.   1.   2.   1.   1.   0.   0.   1.
   0.   0.   0.   0.   1.   0.   0.   1.   0.   0.   0.   0.   0.   1.
   0.   2.   0.   0.   1.   0.]
249600 loops cons: [702. 208. 100.  47.  27.  19.  12.   8.   6.   3.   4.   3.   4.   1.
   1.   0.   5.   1.   0.   1.   1.   1.   2.   1.   1.   0.   0.   1.
   0.   0.   0.   0.   1.   0.   0.   1.   0.   0.   0.   0.   0.   1.
   0.   2.   0.   0.   1.   0.]
254400 loops cons: [713. 211. 104.  48.  27.  20.  12.   8.   6.   3.   4.   3.   4.   1.
   1.   0.   5.   1.   0.   1.   1.   1.   2.   1.   1.   0.   0.   1.
   0.   0.   0.   0.   1.   0.   0.   1.   0.   0.   0.   0.   0.   1.
   0.   2.   0.   0.   1.   0.]
259200 loops cons: [723. 218. 106.  49.  27.  21.  12.   8.   6.   3.   4.   3.   4.   1.
   1.   0.   5.   1.   0.   1.   1.   1.   2.   1.   1.   0.   0.   1.
   0.   0.   0.   0.   1.   0.   0.   1.   0.   0.   0.   0.   0.   1.
   0.   2.   0.   0.   1.   0.]
264000 loops cons: [734. 223. 109.  50.  28.  21.  12.   8.   6.   3.   4.   3.   4.   1.
   1.   0.   5.   1.   0.   1.   1.   1.   2.   1.   1.   0.   0.   1.
   0.   0.   0.   0.   1.   0.   0.   1.   0.   0.   0.   0.   0.   1.
   0.   2.   0.   0.   1.   0.]
268800 loops cons: [746. 231. 110.  51.  29.  21.  12.   9.   7.   3.   4.   3.   4.   1.
   1.   0.   5.   1.   0.   1.   1.   1.   2.   1.   1.   0.   0.   1.
   0.   0.   0.   0.   1.   0.   0.   1.   0.   0.   0.   0.   0.   1.
   0.   2.   0.   0.   1.   0.]
273600 loops cons: [763. 232. 113.  53.  29.  21.  13.   9.   7.   3.   4.   3.   4.   1.
   1.   0.   5.   1.   0.   1.   1.   1.   2.   1.   1.   0.   0.   1.
   0.   0.   0.   0.   1.   0.   0.   1.   0.   0.   0.   0.   0.   1.
   0.   2.   0.   0.   1.   0.]
278400 loops cons: [775. 236. 114.  53.  29.  21.  14.   9.   7.   3.   4.   3.   4.   1.
   1.   0.   5.   1.   0.   1.   1.   1.   2.   1.   1.   0.   0.   1.
   0.   0.   0.   0.   1.   0.   0.   1.   0.   0.   0.   0.   0.   1.
   0.   2.   0.   0.   1.   0.]
283200 loops cons: [785. 241. 114.  53.  29.  21.  14.  10.   7.   3.   4.   3.   6.   2.
   1.   0.   5.   1.   0.   1.   1.   1.   2.   1.   1.   0.   0.   1.
   0.   0.   0.   0.   1.   0.   0.   1.   0.   0.   0.   0.   0.   1.
   0.   2.   0.   0.   1.   0.]
288000 loops cons: [797. 247. 115.  54.  30.  21.  14.  10.   7.   3.   4.   4.   6.   2.
   1.   0.   5.   1.   0.   1.   1.   1.   2.   1.   1.   0.   0.   1.
   0.   0.   0.   0.   1.   0.   0.   1.   0.   0.   0.   0.   0.   1.
   0.   2.   0.   0.   1.   0.]
292800 loops cons: [813. 250. 117.  57.  30.  21.  14.  10.   9.   3.   4.   4.   6.   2.
   1.   0.   5.   1.   0.   1.   1.   1.   2.   1.   1.   0.   1.   1.
   0.   0.   0.   0.   1.   0.   0.   1.   0.   0.   0.   0.   0.   1.
   0.   2.   0.   0.   1.   0.]
297600 loops cons: [827. 257. 120.  58.  30.  22.  14.  10.   9.   3.   4.   4.   6.   2.
   1.   0.   5.   1.   0.   1.   1.   1.   2.   1.   1.   0.   1.   1.
   0.   0.   0.   0.   1.   0.   0.   1.   0.   0.   0.   0.   0.   1.
   0.   2.   0.   0.   1.   0.]
302400 loops cons: [843. 260. 124.  58.  31.  23.  14.  11.   9.   3.   4.   4.   6.   2.
   1.   0.   5.   1.   1.   1.   1.   1.   2.   1.   1.   0.   1.   1.
   0.   0.   0.   0.   1.   0.   0.   1.   0.   0.   0.   0.   0.   1.
   0.   2.   0.   0.   1.   0.]
307200 loops cons: [852. 261. 128.  59.  32.  23.  14.  11.   9.   3.   4.   4.   6.   2.
   1.   0.   5.   1.   1.   1.   1.   1.   2.   1.   1.   0.   1.   1.
   0.   0.   0.   0.   1.   0.   0.   1.   0.   0.   0.   0.   0.   1.
   0.   2.   0.   0.   1.   0.]
312000 loops cons: [868. 264. 131.  59.  33.  23.  14.  12.   9.   3.   4.   4.   6.   2.
   1.   0.   5.   1.   1.   1.   1.   1.   2.   1.   1.   0.   1.   1.
   0.   0.   0.   0.   1.   0.   0.   1.   0.   0.   0.   0.   0.   1.
   0.   2.   0.   0.   1.   0.]
316800 loops cons: [877. 270. 134.  60.  33.  23.  14.  12.   9.   3.   4.   5.   6.   2.
   1.   0.   5.   1.   1.   1.   1.   1.   2.   1.   1.   0.   1.   1.
   0.   0.   0.   0.   1.   0.   0.   1.   0.   0.   0.   0.   0.   1.
   0.   2.   0.   0.   1.   0.]
321600 loops cons: [893. 278. 138.  60.  33.  23.  14.  13.   9.   3.   4.   5.   6.   2.
   1.   0.   5.   1.   1.   1.   1.   1.   2.   1.   1.   0.   1.   1.
   1.   0.   0.   0.   1.   0.   0.   1.   0.   0.   0.   0.   0.   1.
   0.   2.   0.   0.   1.   0.]
326400 loops cons: [909. 280. 140.  61.  33.  24.  14.  13.   9.   3.   4.   7.   6.   2.
   1.   0.   5.   1.   1.   2.   1.   1.   3.   1.   1.   0.   1.   1.
   1.   0.   0.   0.   1.   0.   0.   1.   0.   0.   0.   0.   0.   1.
   0.   2.   0.   0.   1.   0.]
331200 loops cons: [921. 281. 141.  62.  33.  24.  14.  13.   9.   3.   4.   7.   6.   2.
   2.   0.   5.   1.   1.   2.   1.   1.   3.   1.   1.   0.   1.   1.
   1.   0.   0.   0.   1.   0.   0.   1.   0.   0.   0.   0.   0.   1.
   0.   2.   0.   0.   1.   0.]
336000 loops cons: [940. 287. 143.  63.  33.  24.  16.  13.   9.   3.   5.   8.   6.   3.
   2.   0.   5.   1.   1.   2.   1.   1.   3.   1.   1.   0.   1.   1.
   1.   0.   0.   0.   1.   0.   0.   1.   0.   0.   0.   0.   0.   1.
   0.   2.   0.   0.   1.   0.]
340800 loops cons: [955. 290. 148.  65.  33.  24.  16.  13.   9.   3.   6.   8.   6.   3.
   2.   0.   5.   1.   1.   2.   1.   1.   3.   1.   1.   0.   1.   1.
   1.   0.   0.   0.   1.   0.   0.   1.   0.   0.   0.   0.   0.   1.
   0.   2.   0.   0.   1.   0.]
345600 loops cons: [962. 293. 149.  67.  33.  24.  16.  13.   9.   3.   6.   8.   6.   3.
   2.   0.   5.   1.   1.   2.   1.   1.   3.   1.   1.   0.   1.   1.
   1.   1.   0.   0.   1.   0.   0.   1.   0.   0.   0.   0.   1.   1.
   0.   2.   0.   0.   1.   0.]
350400 loops cons: [974. 297. 152.  68.  33.  24.  16.  13.   9.   3.   6.   8.   6.   3.
   2.   0.   5.   1.   1.   2.   1.   1.   3.   1.   1.   0.   1.   1.
   1.   1.   0.   0.   1.   0.   0.   1.   0.   0.   0.   0.   1.   1.
   0.   2.   0.   0.   1.   0.]
355200 loops cons: [989. 300. 153.  69.  34.  24.  16.  13.   9.   3.   6.   8.   6.   3.
   2.   0.   5.   1.   1.   2.   1.   1.   3.   1.   1.   0.   1.   1.
   1.   1.   0.   0.   1.   0.   0.   1.   0.   0.   0.   0.   1.   1.
   0.   2.   0.   0.   1.   0.]
360000 loops cons: [1.001e+03 3.030e+02 1.550e+02 6.900e+01 3.500e+01 2.400e+01 1.600e+01
 1.300e+01 9.000e+00 3.000e+00 6.000e+00 8.000e+00 6.000e+00 3.000e+00
 2.000e+00 0.000e+00 5.000e+00 1.000e+00 1.000e+00 2.000e+00 1.000e+00
 1.000e+00 3.000e+00 1.000e+00 1.000e+00 0.000e+00 1.000e+00 1.000e+00
 1.000e+00 1.000e+00 0.000e+00 0.000e+00 1.000e+00 0.000e+00 0.000e+00
 1.000e+00 0.000e+00 0.000e+00 0.000e+00 0.000e+00 1.000e+00 1.000e+00
 0.000e+00 2.000e+00 0.000e+00 0.000e+00 1.000e+00 0.000e+00]
364800 loops cons: [1.009e+03 3.060e+02 1.550e+02 7.100e+01 3.500e+01 2.400e+01 1.600e+01
 1.300e+01 9.000e+00 3.000e+00 6.000e+00 8.000e+00 6.000e+00 3.000e+00
 2.000e+00 0.000e+00 5.000e+00 1.000e+00 1.000e+00 2.000e+00 1.000e+00
 1.000e+00 3.000e+00 1.000e+00 1.000e+00 0.000e+00 1.000e+00 1.000e+00
 1.000e+00 1.000e+00 0.000e+00 0.000e+00 1.000e+00 0.000e+00 0.000e+00
 1.000e+00 0.000e+00 0.000e+00 0.000e+00 0.000e+00 1.000e+00 1.000e+00
 0.000e+00 2.000e+00 0.000e+00 0.000e+00 1.000e+00 0.000e+00]
369600 loops cons: [1.021e+03 3.100e+02 1.550e+02 7.100e+01 3.500e+01 2.400e+01 1.600e+01
 1.300e+01 1.000e+01 3.000e+00 6.000e+00 8.000e+00 6.000e+00 3.000e+00
 2.000e+00 0.000e+00 5.000e+00 1.000e+00 1.000e+00 2.000e+00 1.000e+00
 1.000e+00 3.000e+00 1.000e+00 1.000e+00 0.000e+00 1.000e+00 1.000e+00
 1.000e+00 1.000e+00 0.000e+00 0.000e+00 1.000e+00 0.000e+00 0.000e+00
 1.000e+00 0.000e+00 0.000e+00 0.000e+00 0.000e+00 1.000e+00 1.000e+00
 0.000e+00 2.000e+00 0.000e+00 0.000e+00 1.000e+00 0.000e+00]
374400 loops cons: [1.036e+03 3.140e+02 1.590e+02 7.100e+01 3.500e+01 2.400e+01 1.600e+01
 1.300e+01 1.000e+01 3.000e+00 6.000e+00 8.000e+00 6.000e+00 3.000e+00
 2.000e+00 0.000e+00 5.000e+00 1.000e+00 1.000e+00 2.000e+00 1.000e+00
 1.000e+00 3.000e+00 1.000e+00 1.000e+00 0.000e+00 1.000e+00 1.000e+00
 1.000e+00 1.000e+00 0.000e+00 0.000e+00 1.000e+00 0.000e+00 0.000e+00
 1.000e+00 0.000e+00 1.000e+00 0.000e+00 0.000e+00 1.000e+00 1.000e+00
 0.000e+00 2.000e+00 0.000e+00 0.000e+00 1.000e+00 0.000e+00]
379200 loops cons: [1.049e+03 3.210e+02 1.590e+02 7.100e+01 3.500e+01 2.400e+01 1.700e+01
 1.300e+01 1.000e+01 3.000e+00 6.000e+00 8.000e+00 6.000e+00 3.000e+00
 2.000e+00 0.000e+00 5.000e+00 1.000e+00 1.000e+00 2.000e+00 1.000e+00
 1.000e+00 3.000e+00 1.000e+00 1.000e+00 0.000e+00 1.000e+00 1.000e+00
 1.000e+00 1.000e+00 0.000e+00 0.000e+00 1.000e+00 0.000e+00 0.000e+00
 1.000e+00 0.000e+00 1.000e+00 0.000e+00 0.000e+00 1.000e+00 1.000e+00
 0.000e+00 2.000e+00 0.000e+00 0.000e+00 1.000e+00 0.000e+00]
384000 loops cons: [1.057e+03 3.210e+02 1.620e+02 7.100e+01 3.500e+01 2.500e+01 1.700e+01
 1.300e+01 1.000e+01 3.000e+00 6.000e+00 8.000e+00 6.000e+00 3.000e+00
 2.000e+00 0.000e+00 5.000e+00 1.000e+00 1.000e+00 2.000e+00 1.000e+00
 1.000e+00 3.000e+00 1.000e+00 1.000e+00 0.000e+00 1.000e+00 1.000e+00
 1.000e+00 1.000e+00 0.000e+00 0.000e+00 1.000e+00 0.000e+00 0.000e+00
 1.000e+00 0.000e+00 1.000e+00 0.000e+00 0.000e+00 1.000e+00 1.000e+00
 0.000e+00 2.000e+00 0.000e+00 0.000e+00 1.000e+00 0.000e+00]
388800 loops cons: [1.063e+03 3.260e+02 1.630e+02 7.100e+01 3.600e+01 2.500e+01 1.700e+01
 1.300e+01 1.000e+01 3.000e+00 6.000e+00 8.000e+00 6.000e+00 3.000e+00
 2.000e+00 0.000e+00 5.000e+00 1.000e+00 1.000e+00 2.000e+00 1.000e+00
 1.000e+00 3.000e+00 1.000e+00 1.000e+00 0.000e+00 1.000e+00 1.000e+00
 1.000e+00 1.000e+00 0.000e+00 0.000e+00 1.000e+00 0.000e+00 0.000e+00
 1.000e+00 0.000e+00 1.000e+00 0.000e+00 0.000e+00 1.000e+00 1.000e+00
 0.000e+00 2.000e+00 0.000e+00 0.000e+00 1.000e+00 0.000e+00]
393600 loops cons: [1.077e+03 3.290e+02 1.630e+02 7.300e+01 3.700e+01 2.500e+01 1.700e+01
 1.300e+01 1.000e+01 3.000e+00 6.000e+00 8.000e+00 6.000e+00 3.000e+00
 2.000e+00 0.000e+00 5.000e+00 1.000e+00 1.000e+00 2.000e+00 1.000e+00
 1.000e+00 3.000e+00 1.000e+00 1.000e+00 0.000e+00 1.000e+00 1.000e+00
 1.000e+00 1.000e+00 0.000e+00 0.000e+00 1.000e+00 0.000e+00 0.000e+00
 1.000e+00 0.000e+00 1.000e+00 0.000e+00 0.000e+00 1.000e+00 1.000e+00
 0.000e+00 2.000e+00 0.000e+00 0.000e+00 1.000e+00 0.000e+00]
398400 loops cons: [1.095e+03 3.320e+02 1.670e+02 7.500e+01 3.700e+01 2.600e+01 1.900e+01
 1.300e+01 1.200e+01 3.000e+00 7.000e+00 8.000e+00 6.000e+00 3.000e+00
 2.000e+00 0.000e+00 5.000e+00 1.000e+00 1.000e+00 2.000e+00 1.000e+00
 1.000e+00 3.000e+00 1.000e+00 1.000e+00 0.000e+00 1.000e+00 1.000e+00
 1.000e+00 1.000e+00 0.000e+00 0.000e+00 1.000e+00 0.000e+00 0.000e+00
 1.000e+00 0.000e+00 1.000e+00 0.000e+00 0.000e+00 1.000e+00 1.000e+00
 0.000e+00 2.000e+00 0.000e+00 0.000e+00 1.000e+00 0.000e+00]
403200 loops cons: [1.113e+03 3.340e+02 1.680e+02 7.700e+01 3.700e+01 2.800e+01 2.000e+01
 1.300e+01 1.200e+01 3.000e+00 7.000e+00 8.000e+00 6.000e+00 3.000e+00
 2.000e+00 0.000e+00 5.000e+00 1.000e+00 1.000e+00 2.000e+00 1.000e+00
 1.000e+00 3.000e+00 1.000e+00 1.000e+00 0.000e+00 1.000e+00 1.000e+00
 1.000e+00 1.000e+00 0.000e+00 0.000e+00 1.000e+00 0.000e+00 0.000e+00
 1.000e+00 0.000e+00 1.000e+00 0.000e+00 0.000e+00 1.000e+00 1.000e+00
 0.000e+00 2.000e+00 0.000e+00 0.000e+00 1.000e+00 0.000e+00]
408000 loops cons: [1.13e+03 3.38e+02 1.69e+02 7.70e+01 3.70e+01 2.80e+01 2.00e+01 1.30e+01
 1.20e+01 3.00e+00 7.00e+00 8.00e+00 6.00e+00 3.00e+00 2.00e+00 0.00e+00
 5.00e+00 1.00e+00 1.00e+00 2.00e+00 1.00e+00 1.00e+00 3.00e+00 1.00e+00
 1.00e+00 0.00e+00 1.00e+00 1.00e+00 1.00e+00 1.00e+00 0.00e+00 0.00e+00
 1.00e+00 0.00e+00 0.00e+00 1.00e+00 0.00e+00 1.00e+00 0.00e+00 0.00e+00
 1.00e+00 1.00e+00 0.00e+00 2.00e+00 0.00e+00 0.00e+00 1.00e+00 0.00e+00]
412800 loops cons: [1.147e+03 3.430e+02 1.690e+02 7.800e+01 3.700e+01 2.800e+01 2.000e+01
 1.300e+01 1.200e+01 3.000e+00 7.000e+00 8.000e+00 6.000e+00 3.000e+00
 3.000e+00 0.000e+00 5.000e+00 1.000e+00 1.000e+00 2.000e+00 1.000e+00
 1.000e+00 3.000e+00 1.000e+00 1.000e+00 0.000e+00 1.000e+00 1.000e+00
 1.000e+00 1.000e+00 0.000e+00 0.000e+00 1.000e+00 0.000e+00 0.000e+00
 1.000e+00 0.000e+00 1.000e+00 0.000e+00 0.000e+00 1.000e+00 1.000e+00
 0.000e+00 2.000e+00 0.000e+00 0.000e+00 1.000e+00 0.000e+00]
417600 loops cons: [1.159e+03 3.490e+02 1.700e+02 7.900e+01 3.700e+01 2.800e+01 2.100e+01
 1.300e+01 1.200e+01 4.000e+00 7.000e+00 9.000e+00 6.000e+00 3.000e+00
 3.000e+00 0.000e+00 5.000e+00 1.000e+00 1.000e+00 2.000e+00 1.000e+00
 1.000e+00 3.000e+00 1.000e+00 1.000e+00 0.000e+00 1.000e+00 1.000e+00
 1.000e+00 1.000e+00 0.000e+00 0.000e+00 1.000e+00 0.000e+00 0.000e+00
 1.000e+00 0.000e+00 1.000e+00 0.000e+00 0.000e+00 1.000e+00 1.000e+00
 0.000e+00 2.000e+00 0.000e+00 1.000e+00 1.000e+00 0.000e+00]
422400 loops cons: [1.176e+03 3.530e+02 1.710e+02 7.900e+01 3.800e+01 2.900e+01 2.100e+01
 1.300e+01 1.200e+01 5.000e+00 7.000e+00 9.000e+00 6.000e+00 3.000e+00
 3.000e+00 0.000e+00 5.000e+00 1.000e+00 1.000e+00 2.000e+00 1.000e+00
 1.000e+00 3.000e+00 1.000e+00 1.000e+00 0.000e+00 1.000e+00 1.000e+00
 1.000e+00 1.000e+00 0.000e+00 0.000e+00 1.000e+00 0.000e+00 0.000e+00
 1.000e+00 0.000e+00 1.000e+00 0.000e+00 0.000e+00 1.000e+00 1.000e+00
 0.000e+00 2.000e+00 0.000e+00 1.000e+00 1.000e+00 0.000e+00]
427200 loops cons: [1.183e+03 3.590e+02 1.740e+02 7.900e+01 3.800e+01 3.000e+01 2.100e+01
 1.300e+01 1.200e+01 5.000e+00 7.000e+00 9.000e+00 6.000e+00 3.000e+00
 3.000e+00 0.000e+00 5.000e+00 1.000e+00 1.000e+00 2.000e+00 1.000e+00
 1.000e+00 3.000e+00 1.000e+00 1.000e+00 0.000e+00 1.000e+00 1.000e+00
 1.000e+00 1.000e+00 0.000e+00 0.000e+00 1.000e+00 0.000e+00 0.000e+00
 1.000e+00 0.000e+00 1.000e+00 0.000e+00 0.000e+00 1.000e+00 1.000e+00
 0.000e+00 2.000e+00 0.000e+00 1.000e+00 1.000e+00 0.000e+00]
432000 loops cons: [1.197e+03 3.630e+02 1.750e+02 8.100e+01 4.000e+01 3.000e+01 2.200e+01
 1.300e+01 1.200e+01 5.000e+00 7.000e+00 9.000e+00 6.000e+00 3.000e+00
 3.000e+00 0.000e+00 5.000e+00 1.000e+00 1.000e+00 2.000e+00 1.000e+00
 1.000e+00 3.000e+00 1.000e+00 1.000e+00 0.000e+00 1.000e+00 1.000e+00
 1.000e+00 1.000e+00 0.000e+00 0.000e+00 1.000e+00 0.000e+00 0.000e+00
 1.000e+00 0.000e+00 1.000e+00 0.000e+00 0.000e+00 1.000e+00 1.000e+00
 0.000e+00 2.000e+00 0.000e+00 1.000e+00 1.000e+00 0.000e+00]
436800 loops cons: [1.212e+03 3.670e+02 1.780e+02 8.200e+01 4.000e+01 3.000e+01 2.300e+01
 1.300e+01 1.200e+01 5.000e+00 7.000e+00 9.000e+00 6.000e+00 3.000e+00
 3.000e+00 0.000e+00 5.000e+00 1.000e+00 1.000e+00 2.000e+00 1.000e+00
 1.000e+00 3.000e+00 2.000e+00 1.000e+00 0.000e+00 1.000e+00 1.000e+00
 1.000e+00 1.000e+00 0.000e+00 0.000e+00 1.000e+00 0.000e+00 0.000e+00
 1.000e+00 0.000e+00 1.000e+00 0.000e+00 0.000e+00 1.000e+00 1.000e+00
 0.000e+00 2.000e+00 0.000e+00 1.000e+00 1.000e+00 0.000e+00]
441600 loops cons: [1.221e+03 3.710e+02 1.810e+02 8.300e+01 4.200e+01 3.000e+01 2.400e+01
 1.300e+01 1.300e+01 5.000e+00 7.000e+00 9.000e+00 6.000e+00 3.000e+00
 3.000e+00 0.000e+00 5.000e+00 1.000e+00 1.000e+00 2.000e+00 1.000e+00
 1.000e+00 3.000e+00 2.000e+00 1.000e+00 0.000e+00 1.000e+00 1.000e+00
 1.000e+00 1.000e+00 0.000e+00 0.000e+00 1.000e+00 0.000e+00 0.000e+00
 1.000e+00 0.000e+00 1.000e+00 0.000e+00 0.000e+00 1.000e+00 1.000e+00
 0.000e+00 2.000e+00 0.000e+00 1.000e+00 1.000e+00 0.000e+00]
446400 loops cons: [1.233e+03 3.750e+02 1.830e+02 8.400e+01 4.200e+01 3.000e+01 2.500e+01
 1.300e+01 1.300e+01 5.000e+00 7.000e+00 9.000e+00 6.000e+00 3.000e+00
 3.000e+00 0.000e+00 5.000e+00 1.000e+00 1.000e+00 2.000e+00 1.000e+00
 1.000e+00 3.000e+00 2.000e+00 1.000e+00 0.000e+00 1.000e+00 1.000e+00
 1.000e+00 1.000e+00 0.000e+00 0.000e+00 1.000e+00 0.000e+00 0.000e+00
 1.000e+00 0.000e+00 1.000e+00 0.000e+00 0.000e+00 1.000e+00 1.000e+00
 0.000e+00 2.000e+00 0.000e+00 1.000e+00 1.000e+00 0.000e+00]
451200 loops cons: [1.243e+03 3.790e+02 1.870e+02 8.600e+01 4.300e+01 3.000e+01 2.600e+01
 1.300e+01 1.300e+01 6.000e+00 8.000e+00 9.000e+00 6.000e+00 3.000e+00
 3.000e+00 0.000e+00 5.000e+00 1.000e+00 1.000e+00 2.000e+00 1.000e+00
 1.000e+00 3.000e+00 2.000e+00 1.000e+00 0.000e+00 2.000e+00 1.000e+00
 1.000e+00 1.000e+00 0.000e+00 0.000e+00 1.000e+00 0.000e+00 0.000e+00
 1.000e+00 0.000e+00 1.000e+00 0.000e+00 0.000e+00 1.000e+00 1.000e+00
 0.000e+00 2.000e+00 0.000e+00 1.000e+00 1.000e+00 0.000e+00]
456000 loops cons: [1.263e+03 3.810e+02 1.900e+02 8.600e+01 4.500e+01 3.000e+01 2.700e+01
 1.300e+01 1.300e+01 6.000e+00 8.000e+00 9.000e+00 8.000e+00 3.000e+00
 3.000e+00 1.000e+00 5.000e+00 1.000e+00 1.000e+00 2.000e+00 1.000e+00
 1.000e+00 3.000e+00 2.000e+00 1.000e+00 0.000e+00 2.000e+00 1.000e+00
 1.000e+00 1.000e+00 0.000e+00 0.000e+00 1.000e+00 0.000e+00 0.000e+00
 1.000e+00 0.000e+00 1.000e+00 0.000e+00 0.000e+00 1.000e+00 1.000e+00
 0.000e+00 2.000e+00 0.000e+00 1.000e+00 1.000e+00 0.000e+00]
460800 loops cons: [1.272e+03 3.870e+02 1.930e+02 8.700e+01 4.500e+01 3.100e+01 2.900e+01
 1.300e+01 1.300e+01 6.000e+00 8.000e+00 9.000e+00 8.000e+00 3.000e+00
 3.000e+00 2.000e+00 5.000e+00 1.000e+00 1.000e+00 2.000e+00 1.000e+00
 1.000e+00 3.000e+00 2.000e+00 1.000e+00 0.000e+00 2.000e+00 1.000e+00
 1.000e+00 1.000e+00 0.000e+00 0.000e+00 1.000e+00 0.000e+00 0.000e+00
 1.000e+00 0.000e+00 1.000e+00 0.000e+00 0.000e+00 1.000e+00 1.000e+00
 0.000e+00 2.000e+00 0.000e+00 1.000e+00 1.000e+00 0.000e+00]
465600 loops cons: [1.286e+03 3.930e+02 1.930e+02 9.000e+01 4.600e+01 3.100e+01 3.000e+01
 1.300e+01 1.300e+01 6.000e+00 8.000e+00 9.000e+00 8.000e+00 3.000e+00
 3.000e+00 2.000e+00 6.000e+00 1.000e+00 1.000e+00 2.000e+00 1.000e+00
 1.000e+00 3.000e+00 2.000e+00 1.000e+00 0.000e+00 3.000e+00 1.000e+00
 1.000e+00 1.000e+00 0.000e+00 0.000e+00 1.000e+00 0.000e+00 0.000e+00
 1.000e+00 0.000e+00 1.000e+00 0.000e+00 0.000e+00 1.000e+00 1.000e+00
 0.000e+00 2.000e+00 0.000e+00 1.000e+00 1.000e+00 0.000e+00]
470400 loops cons: [1.303e+03 3.960e+02 1.950e+02 9.100e+01 4.600e+01 3.100e+01 3.000e+01
 1.400e+01 1.400e+01 6.000e+00 8.000e+00 9.000e+00 8.000e+00 3.000e+00
 3.000e+00 2.000e+00 6.000e+00 1.000e+00 1.000e+00 2.000e+00 1.000e+00
 1.000e+00 3.000e+00 2.000e+00 1.000e+00 0.000e+00 3.000e+00 1.000e+00
 1.000e+00 1.000e+00 0.000e+00 0.000e+00 1.000e+00 0.000e+00 0.000e+00
 1.000e+00 0.000e+00 1.000e+00 0.000e+00 0.000e+00 1.000e+00 1.000e+00
 0.000e+00 2.000e+00 0.000e+00 1.000e+00 1.000e+00 0.000e+00]
475200 loops cons: [1.323e+03 4.010e+02 1.970e+02 9.200e+01 4.700e+01 3.100e+01 3.100e+01
 1.400e+01 1.500e+01 6.000e+00 9.000e+00 9.000e+00 8.000e+00 3.000e+00
 3.000e+00 2.000e+00 6.000e+00 1.000e+00 1.000e+00 2.000e+00 1.000e+00
 1.000e+00 3.000e+00 2.000e+00 1.000e+00 0.000e+00 3.000e+00 1.000e+00
 1.000e+00 1.000e+00 0.000e+00 0.000e+00 1.000e+00 1.000e+00 0.000e+00
 1.000e+00 0.000e+00 1.000e+00 0.000e+00 0.000e+00 1.000e+00 1.000e+00
 0.000e+00 2.000e+00 0.000e+00 1.000e+00 1.000e+00 0.000e+00]
480000 loops cons: [1.336e+03 4.060e+02 1.990e+02 9.300e+01 4.800e+01 3.200e+01 3.100e+01
 1.400e+01 1.500e+01 7.000e+00 9.000e+00 9.000e+00 8.000e+00 3.000e+00
 3.000e+00 2.000e+00 6.000e+00 1.000e+00 1.000e+00 2.000e+00 1.000e+00
 1.000e+00 3.000e+00 2.000e+00 1.000e+00 0.000e+00 3.000e+00 1.000e+00
 1.000e+00 1.000e+00 0.000e+00 0.000e+00 1.000e+00 1.000e+00 0.000e+00
 1.000e+00 0.000e+00 1.000e+00 0.000e+00 0.000e+00 1.000e+00 1.000e+00
 0.000e+00 2.000e+00 0.000e+00 1.000e+00 1.000e+00 0.000e+00]
484800 loops cons: [1.345e+03 4.100e+02 2.000e+02 9.300e+01 4.800e+01 3.300e+01 3.100e+01
 1.400e+01 1.500e+01 7.000e+00 9.000e+00 9.000e+00 8.000e+00 3.000e+00
 3.000e+00 2.000e+00 6.000e+00 1.000e+00 1.000e+00 2.000e+00 1.000e+00
 1.000e+00 3.000e+00 2.000e+00 1.000e+00 0.000e+00 3.000e+00 1.000e+00
 1.000e+00 1.000e+00 0.000e+00 0.000e+00 1.000e+00 1.000e+00 0.000e+00
 1.000e+00 0.000e+00 1.000e+00 0.000e+00 0.000e+00 1.000e+00 1.000e+00
 0.000e+00 2.000e+00 0.000e+00 1.000e+00 1.000e+00 0.000e+00]
489600 loops cons: [1.358e+03 4.130e+02 2.010e+02 9.500e+01 4.900e+01 3.400e+01 3.100e+01
 1.500e+01 1.500e+01 7.000e+00 1.000e+01 9.000e+00 8.000e+00 3.000e+00
 3.000e+00 2.000e+00 6.000e+00 1.000e+00 1.000e+00 2.000e+00 1.000e+00
 1.000e+00 3.000e+00 2.000e+00 1.000e+00 0.000e+00 3.000e+00 1.000e+00
 1.000e+00 1.000e+00 0.000e+00 0.000e+00 1.000e+00 1.000e+00 0.000e+00
 1.000e+00 0.000e+00 1.000e+00 0.000e+00 0.000e+00 1.000e+00 1.000e+00
 0.000e+00 2.000e+00 0.000e+00 1.000e+00 1.000e+00 0.000e+00]
494400 loops cons: [1.375e+03 4.150e+02 2.070e+02 9.600e+01 4.900e+01 3.400e+01 3.100e+01
 1.500e+01 1.500e+01 7.000e+00 1.000e+01 9.000e+00 8.000e+00 3.000e+00
 3.000e+00 2.000e+00 6.000e+00 1.000e+00 1.000e+00 2.000e+00 1.000e+00
 1.000e+00 3.000e+00 2.000e+00 1.000e+00 0.000e+00 3.000e+00 1.000e+00
 1.000e+00 1.000e+00 0.000e+00 0.000e+00 1.000e+00 1.000e+00 0.000e+00
 1.000e+00 0.000e+00 1.000e+00 0.000e+00 0.000e+00 1.000e+00 1.000e+00
 0.000e+00 2.000e+00 0.000e+00 1.000e+00 1.000e+00 0.000e+00]
499200 loops cons: [1.383e+03 4.180e+02 2.080e+02 9.800e+01 5.000e+01 3.400e+01 3.100e+01
 1.500e+01 1.500e+01 7.000e+00 1.100e+01 9.000e+00 8.000e+00 3.000e+00
 3.000e+00 2.000e+00 6.000e+00 1.000e+00 1.000e+00 2.000e+00 1.000e+00
 1.000e+00 3.000e+00 2.000e+00 1.000e+00 0.000e+00 3.000e+00 1.000e+00
 1.000e+00 1.000e+00 0.000e+00 0.000e+00 1.000e+00 1.000e+00 0.000e+00
 1.000e+00 0.000e+00 1.000e+00 0.000e+00 0.000e+00 1.000e+00 1.000e+00
 0.000e+00 2.000e+00 0.000e+00 1.000e+00 1.000e+00 0.000e+00]
504000 loops cons: [1.395e+03 4.200e+02 2.080e+02 1.000e+02 5.000e+01 3.400e+01 3.100e+01
 1.500e+01 1.500e+01 7.000e+00 1.200e+01 9.000e+00 8.000e+00 3.000e+00
 3.000e+00 2.000e+00 6.000e+00 1.000e+00 1.000e+00 2.000e+00 1.000e+00
 1.000e+00 3.000e+00 2.000e+00 1.000e+00 0.000e+00 3.000e+00 1.000e+00
 1.000e+00 1.000e+00 0.000e+00 0.000e+00 1.000e+00 1.000e+00 0.000e+00
 1.000e+00 0.000e+00 1.000e+00 0.000e+00 0.000e+00 1.000e+00 1.000e+00
 0.000e+00 2.000e+00 0.000e+00 1.000e+00 1.000e+00 0.000e+00]
508800 loops cons: [1.407e+03 4.250e+02 2.110e+02 1.030e+02 5.100e+01 3.400e+01 3.300e+01
 1.500e+01 1.500e+01 7.000e+00 1.200e+01 9.000e+00 8.000e+00 3.000e+00
 3.000e+00 2.000e+00 6.000e+00 1.000e+00 1.000e+00 2.000e+00 1.000e+00
 1.000e+00 3.000e+00 2.000e+00 1.000e+00 0.000e+00 3.000e+00 1.000e+00
 1.000e+00 1.000e+00 0.000e+00 0.000e+00 1.000e+00 1.000e+00 0.000e+00
 1.000e+00 0.000e+00 1.000e+00 0.000e+00 0.000e+00 1.000e+00 1.000e+00
 0.000e+00 2.000e+00 0.000e+00 1.000e+00 1.000e+00 0.000e+00]
513600 loops cons: [1.421e+03 4.260e+02 2.140e+02 1.030e+02 5.200e+01 3.400e+01 3.300e+01
 1.600e+01 1.500e+01 7.000e+00 1.200e+01 9.000e+00 8.000e+00 3.000e+00
 3.000e+00 2.000e+00 6.000e+00 1.000e+00 1.000e+00 2.000e+00 1.000e+00
 1.000e+00 3.000e+00 2.000e+00 1.000e+00 1.000e+00 3.000e+00 1.000e+00
 1.000e+00 1.000e+00 0.000e+00 0.000e+00 1.000e+00 1.000e+00 0.000e+00
 1.000e+00 0.000e+00 1.000e+00 0.000e+00 0.000e+00 1.000e+00 1.000e+00
 0.000e+00 2.000e+00 0.000e+00 1.000e+00 1.000e+00 0.000e+00]
518400 loops cons: [1.435e+03 4.280e+02 2.170e+02 1.030e+02 5.300e+01 3.600e+01 3.300e+01
 1.600e+01 1.500e+01 7.000e+00 1.200e+01 9.000e+00 8.000e+00 3.000e+00
 3.000e+00 2.000e+00 6.000e+00 1.000e+00 1.000e+00 2.000e+00 1.000e+00
 1.000e+00 3.000e+00 2.000e+00 1.000e+00 1.000e+00 3.000e+00 1.000e+00
 1.000e+00 1.000e+00 0.000e+00 0.000e+00 1.000e+00 1.000e+00 0.000e+00
 1.000e+00 0.000e+00 1.000e+00 0.000e+00 0.000e+00 1.000e+00 1.000e+00
 0.000e+00 2.000e+00 0.000e+00 1.000e+00 1.000e+00 0.000e+00]
523200 loops cons: [1.45e+03 4.34e+02 2.19e+02 1.04e+02 5.30e+01 3.60e+01 3.40e+01 1.60e+01
 1.50e+01 7.00e+00 1.20e+01 9.00e+00 9.00e+00 3.00e+00 3.00e+00 2.00e+00
 6.00e+00 1.00e+00 1.00e+00 2.00e+00 1.00e+00 1.00e+00 3.00e+00 2.00e+00
 1.00e+00 1.00e+00 3.00e+00 1.00e+00 1.00e+00 1.00e+00 0.00e+00 0.00e+00
 1.00e+00 1.00e+00 0.00e+00 1.00e+00 0.00e+00 1.00e+00 0.00e+00 0.00e+00
 1.00e+00 1.00e+00 0.00e+00 2.00e+00 0.00e+00 1.00e+00 1.00e+00 0.00e+00]
528000 loops cons: [1.471e+03 4.360e+02 2.220e+02 1.040e+02 5.400e+01 3.600e+01 3.400e+01
 1.600e+01 1.500e+01 7.000e+00 1.200e+01 9.000e+00 9.000e+00 3.000e+00
 3.000e+00 2.000e+00 6.000e+00 1.000e+00 1.000e+00 2.000e+00 1.000e+00
 1.000e+00 3.000e+00 2.000e+00 1.000e+00 1.000e+00 3.000e+00 1.000e+00
 1.000e+00 1.000e+00 0.000e+00 0.000e+00 1.000e+00 1.000e+00 0.000e+00
 1.000e+00 0.000e+00 1.000e+00 0.000e+00 0.000e+00 1.000e+00 1.000e+00
 0.000e+00 2.000e+00 0.000e+00 1.000e+00 1.000e+00 0.000e+00]
532800 loops cons: [1.481e+03 4.420e+02 2.230e+02 1.070e+02 5.400e+01 3.600e+01 3.500e+01
 1.600e+01 1.500e+01 7.000e+00 1.200e+01 9.000e+00 9.000e+00 3.000e+00
 3.000e+00 2.000e+00 6.000e+00 1.000e+00 1.000e+00 2.000e+00 1.000e+00
 1.000e+00 3.000e+00 2.000e+00 1.000e+00 1.000e+00 3.000e+00 1.000e+00
 1.000e+00 1.000e+00 0.000e+00 0.000e+00 1.000e+00 2.000e+00 0.000e+00
 1.000e+00 0.000e+00 1.000e+00 0.000e+00 0.000e+00 1.000e+00 1.000e+00
 0.000e+00 2.000e+00 0.000e+00 1.000e+00 1.000e+00 0.000e+00]
537600 loops cons: [1.494e+03 4.520e+02 2.270e+02 1.080e+02 5.400e+01 3.600e+01 3.500e+01
 1.700e+01 1.500e+01 7.000e+00 1.200e+01 9.000e+00 9.000e+00 3.000e+00
 3.000e+00 2.000e+00 6.000e+00 1.000e+00 1.000e+00 2.000e+00 1.000e+00
 2.000e+00 3.000e+00 2.000e+00 1.000e+00 1.000e+00 3.000e+00 1.000e+00
 1.000e+00 1.000e+00 0.000e+00 0.000e+00 1.000e+00 2.000e+00 0.000e+00
 1.000e+00 0.000e+00 1.000e+00 0.000e+00 0.000e+00 1.000e+00 1.000e+00
 0.000e+00 2.000e+00 0.000e+00 1.000e+00 1.000e+00 0.000e+00]
542400 loops cons: [1.508e+03 4.550e+02 2.280e+02 1.090e+02 5.400e+01 3.600e+01 3.500e+01
 1.700e+01 1.500e+01 7.000e+00 1.300e+01 9.000e+00 9.000e+00 3.000e+00
 3.000e+00 2.000e+00 6.000e+00 1.000e+00 1.000e+00 2.000e+00 1.000e+00
 2.000e+00 3.000e+00 2.000e+00 1.000e+00 1.000e+00 3.000e+00 1.000e+00
 1.000e+00 1.000e+00 0.000e+00 0.000e+00 1.000e+00 2.000e+00 0.000e+00
 1.000e+00 0.000e+00 1.000e+00 0.000e+00 0.000e+00 1.000e+00 1.000e+00
 0.000e+00 2.000e+00 0.000e+00 1.000e+00 1.000e+00 0.000e+00]
547200 loops cons: [1.522e+03 4.560e+02 2.290e+02 1.100e+02 5.600e+01 3.600e+01 3.600e+01
 1.700e+01 1.500e+01 7.000e+00 1.300e+01 9.000e+00 9.000e+00 3.000e+00
 3.000e+00 2.000e+00 6.000e+00 1.000e+00 1.000e+00 2.000e+00 1.000e+00
 3.000e+00 3.000e+00 2.000e+00 1.000e+00 1.000e+00 3.000e+00 1.000e+00
 1.000e+00 1.000e+00 0.000e+00 0.000e+00 1.000e+00 2.000e+00 0.000e+00
 1.000e+00 0.000e+00 1.000e+00 0.000e+00 0.000e+00 1.000e+00 1.000e+00
 0.000e+00 2.000e+00 0.000e+00 1.000e+00 1.000e+00 0.000e+00]
552000 loops cons: [1.53e+03 4.62e+02 2.31e+02 1.13e+02 5.60e+01 3.60e+01 3.60e+01 1.80e+01
 1.50e+01 7.00e+00 1.30e+01 9.00e+00 9.00e+00 3.00e+00 3.00e+00 2.00e+00
 6.00e+00 1.00e+00 1.00e+00 2.00e+00 1.00e+00 3.00e+00 3.00e+00 2.00e+00
 1.00e+00 1.00e+00 3.00e+00 1.00e+00 1.00e+00 1.00e+00 0.00e+00 0.00e+00
 1.00e+00 2.00e+00 0.00e+00 1.00e+00 0.00e+00 1.00e+00 0.00e+00 0.00e+00
 1.00e+00 1.00e+00 0.00e+00 2.00e+00 0.00e+00 1.00e+00 1.00e+00 0.00e+00]
556800 loops cons: [1.545e+03 4.670e+02 2.340e+02 1.160e+02 5.600e+01 3.600e+01 3.600e+01
 1.800e+01 1.500e+01 7.000e+00 1.300e+01 9.000e+00 9.000e+00 3.000e+00
 3.000e+00 2.000e+00 6.000e+00 1.000e+00 1.000e+00 2.000e+00 1.000e+00
 3.000e+00 3.000e+00 2.000e+00 1.000e+00 1.000e+00 3.000e+00 1.000e+00
 1.000e+00 1.000e+00 0.000e+00 0.000e+00 1.000e+00 2.000e+00 0.000e+00
 1.000e+00 0.000e+00 1.000e+00 0.000e+00 0.000e+00 1.000e+00 1.000e+00
 0.000e+00 2.000e+00 0.000e+00 1.000e+00 1.000e+00 0.000e+00]
561600 loops cons: [1.56e+03 4.73e+02 2.35e+02 1.18e+02 5.60e+01 3.70e+01 3.60e+01 1.80e+01
 1.50e+01 7.00e+00 1.30e+01 9.00e+00 9.00e+00 3.00e+00 3.00e+00 2.00e+00
 6.00e+00 1.00e+00 1.00e+00 2.00e+00 1.00e+00 3.00e+00 3.00e+00 2.00e+00
 1.00e+00 1.00e+00 3.00e+00 1.00e+00 1.00e+00 1.00e+00 0.00e+00 1.00e+00
 1.00e+00 2.00e+00 0.00e+00 1.00e+00 0.00e+00 1.00e+00 0.00e+00 0.00e+00
 1.00e+00 1.00e+00 0.00e+00 2.00e+00 0.00e+00 1.00e+00 1.00e+00 0.00e+00]
566400 loops cons: [1.571e+03 4.780e+02 2.390e+02 1.220e+02 5.600e+01 3.700e+01 3.600e+01
 1.900e+01 1.500e+01 7.000e+00 1.300e+01 9.000e+00 9.000e+00 3.000e+00
 4.000e+00 2.000e+00 6.000e+00 1.000e+00 1.000e+00 2.000e+00 1.000e+00
 3.000e+00 3.000e+00 2.000e+00 1.000e+00 1.000e+00 3.000e+00 1.000e+00
 1.000e+00 1.000e+00 0.000e+00 1.000e+00 1.000e+00 2.000e+00 0.000e+00
 1.000e+00 0.000e+00 1.000e+00 0.000e+00 0.000e+00 1.000e+00 1.000e+00
 0.000e+00 2.000e+00 0.000e+00 1.000e+00 1.000e+00 0.000e+00]
571200 loops cons: [1.584e+03 4.860e+02 2.410e+02 1.250e+02 5.600e+01 3.700e+01 3.600e+01
 1.900e+01 1.600e+01 8.000e+00 1.300e+01 9.000e+00 9.000e+00 3.000e+00
 4.000e+00 2.000e+00 6.000e+00 1.000e+00 1.000e+00 2.000e+00 1.000e+00
 3.000e+00 3.000e+00 2.000e+00 1.000e+00 1.000e+00 3.000e+00 1.000e+00
 1.000e+00 1.000e+00 0.000e+00 1.000e+00 1.000e+00 2.000e+00 0.000e+00
 1.000e+00 0.000e+00 1.000e+00 0.000e+00 0.000e+00 1.000e+00 1.000e+00
 0.000e+00 2.000e+00 0.000e+00 1.000e+00 1.000e+00 0.000e+00]
576000 loops cons: [1.602e+03 4.890e+02 2.430e+02 1.260e+02 5.600e+01 3.700e+01 3.600e+01
 1.900e+01 1.600e+01 8.000e+00 1.300e+01 9.000e+00 9.000e+00 4.000e+00
 4.000e+00 2.000e+00 6.000e+00 1.000e+00 1.000e+00 2.000e+00 1.000e+00
 3.000e+00 3.000e+00 2.000e+00 1.000e+00 1.000e+00 3.000e+00 1.000e+00
 1.000e+00 1.000e+00 0.000e+00 1.000e+00 1.000e+00 2.000e+00 0.000e+00
 1.000e+00 0.000e+00 1.000e+00 0.000e+00 0.000e+00 1.000e+00 1.000e+00
 0.000e+00 2.000e+00 0.000e+00 1.000e+00 1.000e+00 0.000e+00]
580800 loops cons: [1.614e+03 4.930e+02 2.470e+02 1.260e+02 5.600e+01 3.800e+01 3.600e+01
 1.900e+01 1.700e+01 8.000e+00 1.300e+01 9.000e+00 9.000e+00 4.000e+00
 4.000e+00 2.000e+00 6.000e+00 1.000e+00 1.000e+00 2.000e+00 1.000e+00
 3.000e+00 3.000e+00 2.000e+00 1.000e+00 1.000e+00 3.000e+00 1.000e+00
 1.000e+00 1.000e+00 1.000e+00 1.000e+00 1.000e+00 2.000e+00 0.000e+00
 1.000e+00 0.000e+00 1.000e+00 0.000e+00 0.000e+00 1.000e+00 1.000e+00
 0.000e+00 2.000e+00 0.000e+00 1.000e+00 1.000e+00 0.000e+00]
585600 loops cons: [1.63e+03 4.97e+02 2.53e+02 1.26e+02 5.60e+01 3.80e+01 3.60e+01 1.90e+01
 1.70e+01 8.00e+00 1.30e+01 9.00e+00 9.00e+00 4.00e+00 4.00e+00 2.00e+00
 6.00e+00 1.00e+00 1.00e+00 2.00e+00 1.00e+00 3.00e+00 3.00e+00 2.00e+00
 1.00e+00 1.00e+00 3.00e+00 1.00e+00 1.00e+00 1.00e+00 1.00e+00 1.00e+00
 1.00e+00 2.00e+00 0.00e+00 1.00e+00 0.00e+00 1.00e+00 0.00e+00 0.00e+00
 1.00e+00 1.00e+00 0.00e+00 2.00e+00 0.00e+00 1.00e+00 1.00e+00 0.00e+00]
590400 loops cons: [1.644e+03 5.030e+02 2.540e+02 1.280e+02 5.800e+01 4.000e+01 3.600e+01
 1.900e+01 1.700e+01 9.000e+00 1.300e+01 9.000e+00 9.000e+00 4.000e+00
 4.000e+00 2.000e+00 6.000e+00 1.000e+00 1.000e+00 2.000e+00 1.000e+00
 3.000e+00 3.000e+00 2.000e+00 1.000e+00 1.000e+00 3.000e+00 1.000e+00
 1.000e+00 1.000e+00 1.000e+00 1.000e+00 1.000e+00 2.000e+00 0.000e+00
 1.000e+00 0.000e+00 1.000e+00 0.000e+00 0.000e+00 1.000e+00 1.000e+00
 0.000e+00 2.000e+00 0.000e+00 1.000e+00 1.000e+00 0.000e+00]
595200 loops cons: [1.664e+03 5.090e+02 2.550e+02 1.300e+02 5.800e+01 4.000e+01 3.600e+01
 1.900e+01 1.800e+01 9.000e+00 1.300e+01 9.000e+00 9.000e+00 4.000e+00
 4.000e+00 2.000e+00 6.000e+00 1.000e+00 1.000e+00 2.000e+00 1.000e+00
 3.000e+00 3.000e+00 2.000e+00 1.000e+00 1.000e+00 3.000e+00 1.000e+00
 1.000e+00 1.000e+00 1.000e+00 1.000e+00 1.000e+00 2.000e+00 0.000e+00
 1.000e+00 0.000e+00 1.000e+00 0.000e+00 0.000e+00 1.000e+00 1.000e+00
 0.000e+00 2.000e+00 0.000e+00 1.000e+00 1.000e+00 0.000e+00]
600000 loops cons: [1.676e+03 5.140e+02 2.580e+02 1.300e+02 5.900e+01 4.100e+01 3.700e+01
 1.900e+01 1.800e+01 9.000e+00 1.300e+01 9.000e+00 9.000e+00 4.000e+00
 4.000e+00 2.000e+00 6.000e+00 1.000e+00 1.000e+00 2.000e+00 2.000e+00
 3.000e+00 3.000e+00 2.000e+00 1.000e+00 1.000e+00 3.000e+00 1.000e+00
 1.000e+00 1.000e+00 1.000e+00 1.000e+00 1.000e+00 2.000e+00 0.000e+00
 1.000e+00 1.000e+00 1.000e+00 0.000e+00 0.000e+00 1.000e+00 1.000e+00
 0.000e+00 2.000e+00 0.000e+00 1.000e+00 1.000e+00 0.000e+00]
604800 loops cons: [1.688e+03 5.160e+02 2.620e+02 1.330e+02 6.100e+01 4.100e+01 3.800e+01
 1.900e+01 1.800e+01 9.000e+00 1.300e+01 9.000e+00 9.000e+00 4.000e+00
 5.000e+00 2.000e+00 6.000e+00 1.000e+00 1.000e+00 2.000e+00 2.000e+00
 3.000e+00 3.000e+00 2.000e+00 1.000e+00 1.000e+00 3.000e+00 1.000e+00
 1.000e+00 1.000e+00 1.000e+00 1.000e+00 1.000e+00 2.000e+00 0.000e+00
 1.000e+00 1.000e+00 1.000e+00 0.000e+00 0.000e+00 1.000e+00 1.000e+00
 0.000e+00 2.000e+00 0.000e+00 1.000e+00 1.000e+00 0.000e+00]
609600 loops cons: [1.707e+03 5.210e+02 2.630e+02 1.350e+02 6.100e+01 4.100e+01 3.800e+01
 1.900e+01 1.800e+01 9.000e+00 1.300e+01 9.000e+00 9.000e+00 4.000e+00
 5.000e+00 2.000e+00 6.000e+00 1.000e+00 1.000e+00 2.000e+00 2.000e+00
 3.000e+00 3.000e+00 2.000e+00 1.000e+00 1.000e+00 3.000e+00 1.000e+00
 1.000e+00 1.000e+00 1.000e+00 1.000e+00 1.000e+00 2.000e+00 0.000e+00
 1.000e+00 1.000e+00 1.000e+00 0.000e+00 0.000e+00 1.000e+00 1.000e+00
 0.000e+00 2.000e+00 0.000e+00 1.000e+00 1.000e+00 0.000e+00]
614400 loops cons: [1.721e+03 5.250e+02 2.630e+02 1.360e+02 6.100e+01 4.200e+01 3.800e+01
 1.900e+01 1.800e+01 9.000e+00 1.300e+01 1.000e+01 9.000e+00 4.000e+00
 5.000e+00 2.000e+00 6.000e+00 1.000e+00 1.000e+00 2.000e+00 2.000e+00
 3.000e+00 3.000e+00 2.000e+00 1.000e+00 1.000e+00 3.000e+00 1.000e+00
 1.000e+00 1.000e+00 1.000e+00 1.000e+00 1.000e+00 2.000e+00 0.000e+00
 1.000e+00 1.000e+00 1.000e+00 0.000e+00 0.000e+00 1.000e+00 1.000e+00
 0.000e+00 2.000e+00 0.000e+00 1.000e+00 1.000e+00 0.000e+00]
619200 loops cons: [1.729e+03 5.270e+02 2.650e+02 1.370e+02 6.200e+01 4.200e+01 3.900e+01
 1.900e+01 1.800e+01 9.000e+00 1.300e+01 1.000e+01 9.000e+00 4.000e+00
 5.000e+00 2.000e+00 6.000e+00 1.000e+00 1.000e+00 2.000e+00 2.000e+00
 3.000e+00 3.000e+00 2.000e+00 1.000e+00 1.000e+00 3.000e+00 1.000e+00
 1.000e+00 1.000e+00 1.000e+00 1.000e+00 1.000e+00 2.000e+00 0.000e+00
 1.000e+00 1.000e+00 1.000e+00 0.000e+00 0.000e+00 1.000e+00 1.000e+00
 0.000e+00 2.000e+00 0.000e+00 1.000e+00 1.000e+00 0.000e+00]
624000 loops cons: [1.736e+03 5.310e+02 2.650e+02 1.400e+02 6.300e+01 4.200e+01 3.900e+01
 1.900e+01 1.800e+01 9.000e+00 1.300e+01 1.000e+01 9.000e+00 4.000e+00
 5.000e+00 2.000e+00 6.000e+00 1.000e+00 1.000e+00 2.000e+00 2.000e+00
 3.000e+00 3.000e+00 2.000e+00 1.000e+00 1.000e+00 3.000e+00 1.000e+00
 1.000e+00 1.000e+00 1.000e+00 1.000e+00 1.000e+00 2.000e+00 0.000e+00
 1.000e+00 1.000e+00 1.000e+00 0.000e+00 0.000e+00 1.000e+00 1.000e+00
 0.000e+00 2.000e+00 0.000e+00 1.000e+00 1.000e+00 0.000e+00]
628800 loops cons: [1.746e+03 5.370e+02 2.650e+02 1.430e+02 6.300e+01 4.200e+01 3.900e+01
 1.900e+01 1.800e+01 1.000e+01 1.300e+01 1.000e+01 9.000e+00 4.000e+00
 5.000e+00 2.000e+00 6.000e+00 1.000e+00 1.000e+00 2.000e+00 2.000e+00
 3.000e+00 3.000e+00 2.000e+00 1.000e+00 1.000e+00 3.000e+00 1.000e+00
 1.000e+00 1.000e+00 1.000e+00 1.000e+00 1.000e+00 2.000e+00 0.000e+00
 1.000e+00 1.000e+00 1.000e+00 0.000e+00 0.000e+00 1.000e+00 1.000e+00
 0.000e+00 2.000e+00 0.000e+00 1.000e+00 1.000e+00 0.000e+00]
633600 loops cons: [1.757e+03 5.450e+02 2.660e+02 1.430e+02 6.400e+01 4.200e+01 3.900e+01
 1.900e+01 1.800e+01 1.000e+01 1.300e+01 1.100e+01 9.000e+00 4.000e+00
 5.000e+00 2.000e+00 6.000e+00 1.000e+00 1.000e+00 2.000e+00 2.000e+00
 3.000e+00 3.000e+00 2.000e+00 1.000e+00 1.000e+00 3.000e+00 1.000e+00
 1.000e+00 1.000e+00 1.000e+00 1.000e+00 1.000e+00 2.000e+00 0.000e+00
 1.000e+00 1.000e+00 1.000e+00 0.000e+00 0.000e+00 1.000e+00 1.000e+00
 0.000e+00 2.000e+00 0.000e+00 1.000e+00 1.000e+00 0.000e+00]
638400 loops cons: [1.77e+03 5.53e+02 2.67e+02 1.43e+02 6.60e+01 4.30e+01 3.90e+01 1.90e+01
 1.80e+01 1.00e+01 1.30e+01 1.10e+01 9.00e+00 4.00e+00 5.00e+00 2.00e+00
 6.00e+00 1.00e+00 1.00e+00 2.00e+00 2.00e+00 3.00e+00 3.00e+00 2.00e+00
 1.00e+00 1.00e+00 3.00e+00 1.00e+00 1.00e+00 1.00e+00 1.00e+00 1.00e+00
 1.00e+00 2.00e+00 0.00e+00 1.00e+00 1.00e+00 1.00e+00 0.00e+00 0.00e+00
 1.00e+00 1.00e+00 0.00e+00 2.00e+00 0.00e+00 1.00e+00 1.00e+00 0.00e+00]
643200 loops cons: [1.781e+03 5.600e+02 2.690e+02 1.430e+02 6.800e+01 4.300e+01 4.000e+01
 1.900e+01 1.800e+01 1.000e+01 1.300e+01 1.100e+01 9.000e+00 4.000e+00
 5.000e+00 2.000e+00 6.000e+00 2.000e+00 1.000e+00 2.000e+00 2.000e+00
 3.000e+00 3.000e+00 2.000e+00 1.000e+00 1.000e+00 3.000e+00 1.000e+00
 1.000e+00 1.000e+00 1.000e+00 1.000e+00 1.000e+00 2.000e+00 0.000e+00
 1.000e+00 1.000e+00 1.000e+00 0.000e+00 0.000e+00 1.000e+00 1.000e+00
 0.000e+00 2.000e+00 0.000e+00 1.000e+00 1.000e+00 0.000e+00]
648000 loops cons: [1.787e+03 5.670e+02 2.700e+02 1.450e+02 6.800e+01 4.300e+01 4.100e+01
 1.900e+01 1.800e+01 1.000e+01 1.300e+01 1.100e+01 9.000e+00 4.000e+00
 5.000e+00 2.000e+00 6.000e+00 2.000e+00 1.000e+00 2.000e+00 2.000e+00
 3.000e+00 3.000e+00 2.000e+00 1.000e+00 1.000e+00 3.000e+00 1.000e+00
 1.000e+00 1.000e+00 1.000e+00 1.000e+00 1.000e+00 2.000e+00 0.000e+00
 1.000e+00 1.000e+00 1.000e+00 0.000e+00 0.000e+00 1.000e+00 1.000e+00
 0.000e+00 2.000e+00 0.000e+00 1.000e+00 1.000e+00 0.000e+00]
652800 loops cons: [1.80e+03 5.71e+02 2.72e+02 1.45e+02 6.80e+01 4.30e+01 4.10e+01 1.90e+01
 1.80e+01 1.00e+01 1.30e+01 1.10e+01 9.00e+00 4.00e+00 5.00e+00 2.00e+00
 6.00e+00 2.00e+00 1.00e+00 2.00e+00 2.00e+00 3.00e+00 3.00e+00 2.00e+00
 1.00e+00 1.00e+00 3.00e+00 1.00e+00 1.00e+00 1.00e+00 1.00e+00 1.00e+00
 1.00e+00 2.00e+00 0.00e+00 1.00e+00 1.00e+00 1.00e+00 0.00e+00 0.00e+00
 1.00e+00 1.00e+00 0.00e+00 2.00e+00 0.00e+00 1.00e+00 1.00e+00 0.00e+00]
657600 loops cons: [1.812e+03 5.750e+02 2.730e+02 1.460e+02 6.800e+01 4.500e+01 4.200e+01
 2.000e+01 1.800e+01 1.000e+01 1.300e+01 1.100e+01 9.000e+00 4.000e+00
 5.000e+00 2.000e+00 6.000e+00 2.000e+00 1.000e+00 2.000e+00 2.000e+00
 3.000e+00 3.000e+00 2.000e+00 1.000e+00 1.000e+00 3.000e+00 1.000e+00
 1.000e+00 1.000e+00 1.000e+00 1.000e+00 1.000e+00 2.000e+00 0.000e+00
 1.000e+00 1.000e+00 1.000e+00 0.000e+00 0.000e+00 1.000e+00 1.000e+00
 0.000e+00 2.000e+00 0.000e+00 1.000e+00 1.000e+00 0.000e+00]
662400 loops cons: [1.83e+03 5.77e+02 2.73e+02 1.48e+02 6.80e+01 4.60e+01 4.30e+01 2.00e+01
 1.80e+01 1.00e+01 1.30e+01 1.10e+01 9.00e+00 4.00e+00 5.00e+00 2.00e+00
 6.00e+00 2.00e+00 1.00e+00 2.00e+00 3.00e+00 3.00e+00 3.00e+00 2.00e+00
 1.00e+00 1.00e+00 3.00e+00 1.00e+00 1.00e+00 1.00e+00 1.00e+00 1.00e+00
 1.00e+00 2.00e+00 0.00e+00 1.00e+00 1.00e+00 1.00e+00 0.00e+00 0.00e+00
 1.00e+00 1.00e+00 0.00e+00 2.00e+00 0.00e+00 1.00e+00 1.00e+00 0.00e+00]
667200 loops cons: [1.838e+03 5.810e+02 2.730e+02 1.490e+02 6.900e+01 4.600e+01 4.300e+01
 2.000e+01 1.800e+01 1.000e+01 1.300e+01 1.100e+01 9.000e+00 4.000e+00
 5.000e+00 2.000e+00 6.000e+00 2.000e+00 1.000e+00 2.000e+00 3.000e+00
 3.000e+00 3.000e+00 2.000e+00 1.000e+00 1.000e+00 3.000e+00 1.000e+00
 1.000e+00 1.000e+00 1.000e+00 1.000e+00 1.000e+00 2.000e+00 0.000e+00
 1.000e+00 1.000e+00 1.000e+00 0.000e+00 0.000e+00 1.000e+00 1.000e+00
 0.000e+00 2.000e+00 0.000e+00 1.000e+00 1.000e+00 0.000e+00]
672000 loops cons: [1.849e+03 5.860e+02 2.750e+02 1.490e+02 6.900e+01 4.600e+01 4.300e+01
 2.000e+01 1.800e+01 1.000e+01 1.300e+01 1.100e+01 9.000e+00 4.000e+00
 5.000e+00 2.000e+00 6.000e+00 2.000e+00 1.000e+00 2.000e+00 3.000e+00
 3.000e+00 3.000e+00 2.000e+00 1.000e+00 1.000e+00 3.000e+00 1.000e+00
 1.000e+00 1.000e+00 1.000e+00 1.000e+00 1.000e+00 2.000e+00 0.000e+00
 1.000e+00 1.000e+00 1.000e+00 0.000e+00 0.000e+00 1.000e+00 1.000e+00
 0.000e+00 2.000e+00 0.000e+00 1.000e+00 1.000e+00 0.000e+00]
676800 loops cons: [1.861e+03 5.910e+02 2.770e+02 1.500e+02 7.000e+01 4.700e+01 4.300e+01
 2.000e+01 1.800e+01 1.000e+01 1.300e+01 1.100e+01 1.000e+01 4.000e+00
 5.000e+00 2.000e+00 6.000e+00 2.000e+00 1.000e+00 2.000e+00 3.000e+00
 3.000e+00 3.000e+00 2.000e+00 1.000e+00 1.000e+00 3.000e+00 1.000e+00
 1.000e+00 1.000e+00 1.000e+00 1.000e+00 1.000e+00 2.000e+00 0.000e+00
 1.000e+00 1.000e+00 1.000e+00 0.000e+00 0.000e+00 1.000e+00 1.000e+00
 0.000e+00 2.000e+00 0.000e+00 1.000e+00 1.000e+00 0.000e+00]
681600 loops cons: [1.876e+03 5.960e+02 2.780e+02 1.500e+02 7.100e+01 4.800e+01 4.300e+01
 2.000e+01 1.800e+01 1.000e+01 1.300e+01 1.100e+01 1.000e+01 4.000e+00
 5.000e+00 2.000e+00 6.000e+00 2.000e+00 1.000e+00 2.000e+00 3.000e+00
 3.000e+00 3.000e+00 2.000e+00 1.000e+00 1.000e+00 3.000e+00 1.000e+00
 1.000e+00 1.000e+00 1.000e+00 1.000e+00 1.000e+00 2.000e+00 0.000e+00
 1.000e+00 1.000e+00 1.000e+00 0.000e+00 0.000e+00 1.000e+00 1.000e+00
 0.000e+00 2.000e+00 0.000e+00 1.000e+00 1.000e+00 0.000e+00]
686400 loops cons: [1.89e+03 6.00e+02 2.80e+02 1.54e+02 7.10e+01 4.90e+01 4.40e+01 2.00e+01
 1.90e+01 1.00e+01 1.30e+01 1.10e+01 1.00e+01 4.00e+00 5.00e+00 2.00e+00
 6.00e+00 2.00e+00 1.00e+00 2.00e+00 3.00e+00 3.00e+00 3.00e+00 2.00e+00
 1.00e+00 1.00e+00 3.00e+00 1.00e+00 1.00e+00 1.00e+00 1.00e+00 1.00e+00
 1.00e+00 2.00e+00 0.00e+00 1.00e+00 1.00e+00 1.00e+00 0.00e+00 0.00e+00
 1.00e+00 1.00e+00 0.00e+00 2.00e+00 0.00e+00 1.00e+00 1.00e+00 0.00e+00]
691200 loops cons: [1.902e+03 6.020e+02 2.810e+02 1.540e+02 7.100e+01 5.000e+01 4.400e+01
 2.000e+01 1.900e+01 1.000e+01 1.300e+01 1.100e+01 1.100e+01 4.000e+00
 5.000e+00 2.000e+00 6.000e+00 2.000e+00 1.000e+00 2.000e+00 3.000e+00
 3.000e+00 3.000e+00 2.000e+00 1.000e+00 1.000e+00 3.000e+00 1.000e+00
 1.000e+00 1.000e+00 1.000e+00 1.000e+00 1.000e+00 2.000e+00 0.000e+00
 1.000e+00 1.000e+00 1.000e+00 0.000e+00 0.000e+00 1.000e+00 1.000e+00
 0.000e+00 2.000e+00 0.000e+00 1.000e+00 1.000e+00 0.000e+00]
696000 loops cons: [1.912e+03 6.050e+02 2.820e+02 1.540e+02 7.200e+01 5.000e+01 4.500e+01
 2.000e+01 1.900e+01 1.000e+01 1.300e+01 1.100e+01 1.100e+01 4.000e+00
 5.000e+00 2.000e+00 6.000e+00 2.000e+00 1.000e+00 2.000e+00 3.000e+00
 3.000e+00 3.000e+00 2.000e+00 1.000e+00 1.000e+00 3.000e+00 1.000e+00
 1.000e+00 1.000e+00 1.000e+00 1.000e+00 1.000e+00 2.000e+00 0.000e+00
 1.000e+00 1.000e+00 1.000e+00 0.000e+00 0.000e+00 1.000e+00 1.000e+00
 0.000e+00 2.000e+00 0.000e+00 1.000e+00 1.000e+00 0.000e+00]
700800 loops cons: [1.931e+03 6.120e+02 2.820e+02 1.560e+02 7.300e+01 5.000e+01 4.600e+01
 2.000e+01 1.900e+01 1.100e+01 1.300e+01 1.100e+01 1.100e+01 4.000e+00
 5.000e+00 2.000e+00 6.000e+00 2.000e+00 1.000e+00 2.000e+00 3.000e+00
 3.000e+00 3.000e+00 2.000e+00 1.000e+00 1.000e+00 3.000e+00 1.000e+00
 1.000e+00 1.000e+00 1.000e+00 1.000e+00 1.000e+00 2.000e+00 0.000e+00
 1.000e+00 1.000e+00 1.000e+00 0.000e+00 0.000e+00 1.000e+00 1.000e+00
 0.000e+00 2.000e+00 0.000e+00 1.000e+00 1.000e+00 0.000e+00]
705600 loops cons: [1.943e+03 6.140e+02 2.840e+02 1.570e+02 7.400e+01 5.000e+01 4.600e+01
 2.000e+01 1.900e+01 1.100e+01 1.300e+01 1.100e+01 1.100e+01 4.000e+00
 5.000e+00 2.000e+00 6.000e+00 2.000e+00 1.000e+00 3.000e+00 3.000e+00
 3.000e+00 3.000e+00 2.000e+00 1.000e+00 1.000e+00 3.000e+00 1.000e+00
 1.000e+00 1.000e+00 1.000e+00 1.000e+00 1.000e+00 2.000e+00 0.000e+00
 1.000e+00 1.000e+00 1.000e+00 0.000e+00 0.000e+00 1.000e+00 1.000e+00
 0.000e+00 2.000e+00 0.000e+00 1.000e+00 1.000e+00 0.000e+00]
710400 loops cons: [1.95e+03 6.23e+02 2.85e+02 1.57e+02 7.40e+01 5.20e+01 4.70e+01 2.00e+01
 1.90e+01 1.10e+01 1.30e+01 1.10e+01 1.10e+01 4.00e+00 5.00e+00 2.00e+00
 7.00e+00 2.00e+00 1.00e+00 3.00e+00 3.00e+00 3.00e+00 3.00e+00 2.00e+00
 1.00e+00 1.00e+00 3.00e+00 1.00e+00 1.00e+00 1.00e+00 1.00e+00 1.00e+00
 1.00e+00 2.00e+00 0.00e+00 1.00e+00 1.00e+00 1.00e+00 0.00e+00 0.00e+00
 1.00e+00 1.00e+00 0.00e+00 2.00e+00 0.00e+00 1.00e+00 1.00e+00 0.00e+00]
715200 loops cons: [1.966e+03 6.300e+02 2.860e+02 1.580e+02 7.500e+01 5.200e+01 4.700e+01
 2.000e+01 1.900e+01 1.100e+01 1.300e+01 1.200e+01 1.100e+01 4.000e+00
 5.000e+00 2.000e+00 7.000e+00 2.000e+00 1.000e+00 3.000e+00 4.000e+00
 3.000e+00 3.000e+00 2.000e+00 1.000e+00 1.000e+00 3.000e+00 1.000e+00
 1.000e+00 1.000e+00 1.000e+00 1.000e+00 1.000e+00 2.000e+00 0.000e+00
 1.000e+00 1.000e+00 1.000e+00 0.000e+00 0.000e+00 1.000e+00 1.000e+00
 0.000e+00 2.000e+00 0.000e+00 1.000e+00 1.000e+00 0.000e+00]
720000 loops cons: [1.975e+03 6.330e+02 2.890e+02 1.590e+02 7.600e+01 5.400e+01 4.700e+01
 2.000e+01 2.000e+01 1.100e+01 1.300e+01 1.200e+01 1.100e+01 4.000e+00
 5.000e+00 2.000e+00 7.000e+00 2.000e+00 1.000e+00 3.000e+00 4.000e+00
 3.000e+00 3.000e+00 2.000e+00 1.000e+00 1.000e+00 3.000e+00 1.000e+00
 1.000e+00 1.000e+00 1.000e+00 1.000e+00 1.000e+00 2.000e+00 0.000e+00
 1.000e+00 1.000e+00 1.000e+00 0.000e+00 0.000e+00 1.000e+00 1.000e+00
 0.000e+00 2.000e+00 0.000e+00 1.000e+00 1.000e+00 0.000e+00]
724800 loops cons: [1.987e+03 6.370e+02 2.890e+02 1.600e+02 7.800e+01 5.400e+01 4.700e+01
 2.000e+01 2.100e+01 1.100e+01 1.400e+01 1.200e+01 1.100e+01 4.000e+00
 5.000e+00 2.000e+00 7.000e+00 2.000e+00 1.000e+00 3.000e+00 4.000e+00
 3.000e+00 3.000e+00 2.000e+00 1.000e+00 1.000e+00 3.000e+00 1.000e+00
 1.000e+00 1.000e+00 1.000e+00 1.000e+00 1.000e+00 2.000e+00 0.000e+00
 1.000e+00 1.000e+00 1.000e+00 0.000e+00 0.000e+00 1.000e+00 1.000e+00
 0.000e+00 2.000e+00 0.000e+00 1.000e+00 1.000e+00 0.000e+00]
729600 loops cons: [2.00e+03 6.45e+02 2.89e+02 1.63e+02 7.90e+01 5.40e+01 4.70e+01 2.10e+01
 2.10e+01 1.10e+01 1.40e+01 1.20e+01 1.10e+01 4.00e+00 5.00e+00 2.00e+00
 7.00e+00 2.00e+00 1.00e+00 3.00e+00 4.00e+00 3.00e+00 3.00e+00 2.00e+00
 1.00e+00 1.00e+00 3.00e+00 1.00e+00 1.00e+00 1.00e+00 1.00e+00 1.00e+00
 1.00e+00 2.00e+00 1.00e+00 1.00e+00 1.00e+00 1.00e+00 0.00e+00 0.00e+00
 1.00e+00 1.00e+00 0.00e+00 2.00e+00 0.00e+00 1.00e+00 1.00e+00 0.00e+00]
734400 loops cons: [2.011e+03 6.480e+02 2.890e+02 1.630e+02 8.100e+01 5.400e+01 4.700e+01
 2.100e+01 2.100e+01 1.100e+01 1.400e+01 1.200e+01 1.100e+01 4.000e+00
 5.000e+00 2.000e+00 7.000e+00 2.000e+00 1.000e+00 3.000e+00 4.000e+00
 3.000e+00 3.000e+00 2.000e+00 1.000e+00 1.000e+00 3.000e+00 1.000e+00
 1.000e+00 1.000e+00 1.000e+00 1.000e+00 1.000e+00 2.000e+00 1.000e+00
 1.000e+00 1.000e+00 1.000e+00 0.000e+00 0.000e+00 1.000e+00 1.000e+00
 0.000e+00 2.000e+00 0.000e+00 1.000e+00 1.000e+00 0.000e+00]
739200 loops cons: [2.023e+03 6.510e+02 2.890e+02 1.630e+02 8.100e+01 5.400e+01 4.700e+01
 2.100e+01 2.200e+01 1.100e+01 1.500e+01 1.200e+01 1.100e+01 4.000e+00
 5.000e+00 2.000e+00 7.000e+00 2.000e+00 1.000e+00 3.000e+00 4.000e+00
 3.000e+00 3.000e+00 2.000e+00 1.000e+00 1.000e+00 3.000e+00 1.000e+00
 1.000e+00 1.000e+00 1.000e+00 1.000e+00 1.000e+00 2.000e+00 1.000e+00
 1.000e+00 1.000e+00 1.000e+00 0.000e+00 0.000e+00 1.000e+00 1.000e+00
 0.000e+00 2.000e+00 0.000e+00 1.000e+00 1.000e+00 0.000e+00]
744000 loops cons: [2.034e+03 6.590e+02 2.890e+02 1.630e+02 8.200e+01 5.400e+01 4.800e+01
 2.100e+01 2.200e+01 1.100e+01 1.500e+01 1.200e+01 1.100e+01 4.000e+00
 5.000e+00 2.000e+00 7.000e+00 2.000e+00 1.000e+00 3.000e+00 4.000e+00
 3.000e+00 3.000e+00 2.000e+00 1.000e+00 1.000e+00 3.000e+00 1.000e+00
 1.000e+00 1.000e+00 1.000e+00 1.000e+00 2.000e+00 2.000e+00 1.000e+00
 1.000e+00 1.000e+00 1.000e+00 0.000e+00 0.000e+00 1.000e+00 1.000e+00
 0.000e+00 2.000e+00 0.000e+00 1.000e+00 1.000e+00 0.000e+00]
748800 loops cons: [2.045e+03 6.640e+02 2.890e+02 1.660e+02 8.200e+01 5.500e+01 4.800e+01
 2.100e+01 2.200e+01 1.100e+01 1.500e+01 1.200e+01 1.100e+01 4.000e+00
 5.000e+00 2.000e+00 7.000e+00 2.000e+00 1.000e+00 3.000e+00 4.000e+00
 3.000e+00 3.000e+00 2.000e+00 1.000e+00 1.000e+00 3.000e+00 1.000e+00
 1.000e+00 1.000e+00 1.000e+00 1.000e+00 2.000e+00 2.000e+00 1.000e+00
 1.000e+00 1.000e+00 1.000e+00 0.000e+00 0.000e+00 1.000e+00 1.000e+00
 0.000e+00 2.000e+00 0.000e+00 1.000e+00 1.000e+00 0.000e+00]
753600 loops cons: [2.061e+03 6.650e+02 2.890e+02 1.660e+02 8.200e+01 5.500e+01 4.900e+01
 2.100e+01 2.200e+01 1.100e+01 1.500e+01 1.200e+01 1.100e+01 4.000e+00
 5.000e+00 2.000e+00 7.000e+00 2.000e+00 1.000e+00 3.000e+00 4.000e+00
 3.000e+00 3.000e+00 2.000e+00 1.000e+00 1.000e+00 3.000e+00 1.000e+00
 1.000e+00 1.000e+00 1.000e+00 1.000e+00 2.000e+00 2.000e+00 1.000e+00
 1.000e+00 1.000e+00 1.000e+00 0.000e+00 0.000e+00 1.000e+00 1.000e+00
 0.000e+00 2.000e+00 0.000e+00 1.000e+00 1.000e+00 0.000e+00]
758400 loops cons: [2.072e+03 6.710e+02 2.890e+02 1.660e+02 8.200e+01 5.500e+01 4.900e+01
 2.100e+01 2.200e+01 1.100e+01 1.500e+01 1.200e+01 1.100e+01 4.000e+00
 5.000e+00 2.000e+00 7.000e+00 2.000e+00 1.000e+00 3.000e+00 4.000e+00
 3.000e+00 3.000e+00 2.000e+00 1.000e+00 1.000e+00 3.000e+00 1.000e+00
 1.000e+00 1.000e+00 1.000e+00 1.000e+00 2.000e+00 2.000e+00 1.000e+00
 1.000e+00 1.000e+00 1.000e+00 0.000e+00 0.000e+00 1.000e+00 1.000e+00
 0.000e+00 2.000e+00 0.000e+00 1.000e+00 1.000e+00 0.000e+00]
763200 loops cons: [2.086e+03 6.740e+02 2.900e+02 1.680e+02 8.300e+01 5.500e+01 5.000e+01
 2.200e+01 2.200e+01 1.200e+01 1.500e+01 1.200e+01 1.100e+01 4.000e+00
 5.000e+00 2.000e+00 7.000e+00 2.000e+00 1.000e+00 3.000e+00 4.000e+00
 3.000e+00 3.000e+00 2.000e+00 1.000e+00 1.000e+00 3.000e+00 1.000e+00
 1.000e+00 1.000e+00 1.000e+00 1.000e+00 2.000e+00 2.000e+00 1.000e+00
 1.000e+00 1.000e+00 1.000e+00 0.000e+00 0.000e+00 1.000e+00 1.000e+00
 0.000e+00 2.000e+00 0.000e+00 1.000e+00 1.000e+00 0.000e+00]
768000 loops cons: [2.093e+03 6.760e+02 2.930e+02 1.680e+02 8.500e+01 5.500e+01 5.000e+01
 2.200e+01 2.200e+01 1.200e+01 1.500e+01 1.200e+01 1.100e+01 4.000e+00
 5.000e+00 2.000e+00 7.000e+00 2.000e+00 1.000e+00 3.000e+00 4.000e+00
 3.000e+00 3.000e+00 2.000e+00 1.000e+00 1.000e+00 3.000e+00 1.000e+00
 1.000e+00 1.000e+00 1.000e+00 1.000e+00 2.000e+00 2.000e+00 1.000e+00
 1.000e+00 1.000e+00 1.000e+00 0.000e+00 0.000e+00 1.000e+00 1.000e+00
 0.000e+00 2.000e+00 0.000e+00 1.000e+00 1.000e+00 0.000e+00]
772800 loops cons: [2.106e+03 6.780e+02 2.960e+02 1.700e+02 8.700e+01 5.600e+01 5.100e+01
 2.200e+01 2.200e+01 1.300e+01 1.500e+01 1.200e+01 1.100e+01 4.000e+00
 5.000e+00 2.000e+00 7.000e+00 2.000e+00 1.000e+00 3.000e+00 4.000e+00
 3.000e+00 3.000e+00 2.000e+00 1.000e+00 1.000e+00 3.000e+00 1.000e+00
 1.000e+00 1.000e+00 1.000e+00 1.000e+00 2.000e+00 2.000e+00 1.000e+00
 1.000e+00 1.000e+00 1.000e+00 0.000e+00 0.000e+00 1.000e+00 1.000e+00
 0.000e+00 2.000e+00 0.000e+00 1.000e+00 1.000e+00 0.000e+00]
777600 loops cons: [2.125e+03 6.850e+02 2.990e+02 1.700e+02 8.700e+01 5.600e+01 5.300e+01
 2.300e+01 2.200e+01 1.300e+01 1.500e+01 1.200e+01 1.100e+01 4.000e+00
 5.000e+00 2.000e+00 7.000e+00 2.000e+00 1.000e+00 3.000e+00 4.000e+00
 3.000e+00 3.000e+00 2.000e+00 1.000e+00 1.000e+00 3.000e+00 1.000e+00
 1.000e+00 1.000e+00 1.000e+00 1.000e+00 2.000e+00 2.000e+00 1.000e+00
 1.000e+00 1.000e+00 1.000e+00 0.000e+00 0.000e+00 1.000e+00 1.000e+00
 0.000e+00 2.000e+00 0.000e+00 1.000e+00 1.000e+00 0.000e+00]
782400 loops cons: [2.137e+03 6.890e+02 3.010e+02 1.700e+02 8.700e+01 5.600e+01 5.400e+01
 2.300e+01 2.200e+01 1.300e+01 1.500e+01 1.200e+01 1.100e+01 4.000e+00
 5.000e+00 2.000e+00 8.000e+00 2.000e+00 1.000e+00 3.000e+00 4.000e+00
 3.000e+00 3.000e+00 2.000e+00 1.000e+00 1.000e+00 3.000e+00 1.000e+00
 1.000e+00 1.000e+00 1.000e+00 1.000e+00 2.000e+00 2.000e+00 1.000e+00
 1.000e+00 1.000e+00 1.000e+00 0.000e+00 0.000e+00 1.000e+00 1.000e+00
 0.000e+00 2.000e+00 0.000e+00 1.000e+00 1.000e+00 0.000e+00]
787200 loops cons: [2.154e+03 6.940e+02 3.040e+02 1.730e+02 8.900e+01 5.600e+01 5.400e+01
 2.300e+01 2.300e+01 1.300e+01 1.500e+01 1.200e+01 1.100e+01 5.000e+00
 5.000e+00 2.000e+00 8.000e+00 2.000e+00 1.000e+00 3.000e+00 4.000e+00
 3.000e+00 3.000e+00 2.000e+00 1.000e+00 1.000e+00 3.000e+00 1.000e+00
 1.000e+00 1.000e+00 1.000e+00 1.000e+00 2.000e+00 2.000e+00 1.000e+00
 1.000e+00 1.000e+00 1.000e+00 0.000e+00 0.000e+00 1.000e+00 1.000e+00
 0.000e+00 2.000e+00 0.000e+00 1.000e+00 1.000e+00 0.000e+00]
792000 loops cons: [2.171e+03 6.950e+02 3.060e+02 1.730e+02 8.900e+01 5.600e+01 5.400e+01
 2.300e+01 2.300e+01 1.300e+01 1.500e+01 1.200e+01 1.300e+01 5.000e+00
 5.000e+00 2.000e+00 8.000e+00 2.000e+00 1.000e+00 3.000e+00 4.000e+00
 3.000e+00 3.000e+00 2.000e+00 1.000e+00 1.000e+00 3.000e+00 1.000e+00
 1.000e+00 1.000e+00 1.000e+00 1.000e+00 2.000e+00 2.000e+00 1.000e+00
 1.000e+00 1.000e+00 1.000e+00 0.000e+00 0.000e+00 1.000e+00 1.000e+00
 0.000e+00 2.000e+00 0.000e+00 1.000e+00 1.000e+00 0.000e+00]
796800 loops cons: [2.192e+03 7.040e+02 3.070e+02 1.730e+02 8.900e+01 5.600e+01 5.400e+01
 2.300e+01 2.300e+01 1.300e+01 1.500e+01 1.200e+01 1.300e+01 6.000e+00
 5.000e+00 2.000e+00 8.000e+00 2.000e+00 1.000e+00 3.000e+00 4.000e+00
 3.000e+00 3.000e+00 2.000e+00 1.000e+00 1.000e+00 3.000e+00 1.000e+00
 1.000e+00 1.000e+00 1.000e+00 1.000e+00 2.000e+00 2.000e+00 1.000e+00
 1.000e+00 1.000e+00 1.000e+00 0.000e+00 0.000e+00 1.000e+00 1.000e+00
 0.000e+00 2.000e+00 0.000e+00 1.000e+00 1.000e+00 0.000e+00]
801600 loops cons: [2.205e+03 7.070e+02 3.070e+02 1.730e+02 8.900e+01 5.600e+01 5.400e+01
 2.300e+01 2.400e+01 1.300e+01 1.500e+01 1.200e+01 1.300e+01 6.000e+00
 5.000e+00 2.000e+00 8.000e+00 2.000e+00 1.000e+00 3.000e+00 4.000e+00
 3.000e+00 3.000e+00 2.000e+00 1.000e+00 1.000e+00 3.000e+00 1.000e+00
 1.000e+00 1.000e+00 1.000e+00 1.000e+00 2.000e+00 2.000e+00 1.000e+00
 1.000e+00 1.000e+00 1.000e+00 0.000e+00 0.000e+00 1.000e+00 1.000e+00
 0.000e+00 2.000e+00 0.000e+00 1.000e+00 1.000e+00 0.000e+00]
806400 loops cons: [2.222e+03 7.110e+02 3.100e+02 1.750e+02 8.900e+01 5.600e+01 5.500e+01
 2.300e+01 2.400e+01 1.300e+01 1.600e+01 1.200e+01 1.300e+01 6.000e+00
 5.000e+00 2.000e+00 8.000e+00 2.000e+00 1.000e+00 3.000e+00 4.000e+00
 3.000e+00 3.000e+00 2.000e+00 1.000e+00 1.000e+00 3.000e+00 1.000e+00
 1.000e+00 1.000e+00 1.000e+00 1.000e+00 2.000e+00 2.000e+00 1.000e+00
 1.000e+00 1.000e+00 1.000e+00 0.000e+00 0.000e+00 1.000e+00 1.000e+00
 0.000e+00 2.000e+00 0.000e+00 1.000e+00 1.000e+00 0.000e+00]
811200 loops cons: [2.241e+03 7.150e+02 3.120e+02 1.770e+02 9.000e+01 5.600e+01 5.500e+01
 2.300e+01 2.400e+01 1.300e+01 1.600e+01 1.200e+01 1.300e+01 6.000e+00
 5.000e+00 2.000e+00 8.000e+00 2.000e+00 1.000e+00 3.000e+00 4.000e+00
 3.000e+00 3.000e+00 2.000e+00 1.000e+00 1.000e+00 3.000e+00 1.000e+00
 1.000e+00 1.000e+00 1.000e+00 1.000e+00 2.000e+00 2.000e+00 1.000e+00
 1.000e+00 1.000e+00 1.000e+00 0.000e+00 0.000e+00 1.000e+00 1.000e+00
 0.000e+00 2.000e+00 0.000e+00 1.000e+00 1.000e+00 0.000e+00]
816000 loops cons: [2.256e+03 7.170e+02 3.150e+02 1.790e+02 9.000e+01 5.600e+01 5.500e+01
 2.400e+01 2.400e+01 1.300e+01 1.600e+01 1.200e+01 1.300e+01 6.000e+00
 5.000e+00 2.000e+00 8.000e+00 2.000e+00 1.000e+00 3.000e+00 4.000e+00
 3.000e+00 3.000e+00 2.000e+00 1.000e+00 1.000e+00 3.000e+00 1.000e+00
 1.000e+00 1.000e+00 1.000e+00 1.000e+00 2.000e+00 2.000e+00 1.000e+00
 1.000e+00 1.000e+00 1.000e+00 0.000e+00 0.000e+00 1.000e+00 1.000e+00
 0.000e+00 2.000e+00 0.000e+00 1.000e+00 1.000e+00 0.000e+00]
820800 loops cons: [2.266e+03 7.230e+02 3.210e+02 1.790e+02 9.000e+01 5.700e+01 5.500e+01
 2.400e+01 2.500e+01 1.300e+01 1.600e+01 1.200e+01 1.300e+01 6.000e+00
 5.000e+00 2.000e+00 8.000e+00 2.000e+00 1.000e+00 3.000e+00 4.000e+00
 3.000e+00 3.000e+00 2.000e+00 1.000e+00 1.000e+00 3.000e+00 1.000e+00
 1.000e+00 1.000e+00 1.000e+00 1.000e+00 2.000e+00 2.000e+00 1.000e+00
 1.000e+00 1.000e+00 1.000e+00 0.000e+00 0.000e+00 1.000e+00 1.000e+00
 0.000e+00 2.000e+00 0.000e+00 1.000e+00 1.000e+00 0.000e+00]
825600 loops cons: [2.274e+03 7.240e+02 3.220e+02 1.790e+02 9.000e+01 5.700e+01 5.600e+01
 2.400e+01 2.500e+01 1.300e+01 1.600e+01 1.200e+01 1.300e+01 6.000e+00
 5.000e+00 2.000e+00 8.000e+00 2.000e+00 1.000e+00 3.000e+00 4.000e+00
 3.000e+00 3.000e+00 2.000e+00 1.000e+00 1.000e+00 3.000e+00 1.000e+00
 1.000e+00 1.000e+00 1.000e+00 1.000e+00 2.000e+00 2.000e+00 1.000e+00
 1.000e+00 1.000e+00 1.000e+00 0.000e+00 0.000e+00 1.000e+00 1.000e+00
 0.000e+00 2.000e+00 0.000e+00 1.000e+00 1.000e+00 0.000e+00]
830400 loops cons: [2.287e+03 7.310e+02 3.240e+02 1.800e+02 9.000e+01 5.700e+01 5.600e+01
 2.400e+01 2.500e+01 1.400e+01 1.600e+01 1.200e+01 1.300e+01 7.000e+00
 5.000e+00 2.000e+00 8.000e+00 2.000e+00 1.000e+00 3.000e+00 4.000e+00
 3.000e+00 3.000e+00 2.000e+00 1.000e+00 1.000e+00 3.000e+00 1.000e+00
 1.000e+00 1.000e+00 1.000e+00 1.000e+00 2.000e+00 2.000e+00 1.000e+00
 1.000e+00 1.000e+00 1.000e+00 0.000e+00 0.000e+00 1.000e+00 1.000e+00
 0.000e+00 2.000e+00 0.000e+00 1.000e+00 1.000e+00 0.000e+00]
835200 loops cons: [2.301e+03 7.340e+02 3.250e+02 1.820e+02 9.000e+01 5.800e+01 5.700e+01
 2.500e+01 2.500e+01 1.400e+01 1.600e+01 1.200e+01 1.300e+01 7.000e+00
 5.000e+00 2.000e+00 8.000e+00 2.000e+00 1.000e+00 3.000e+00 4.000e+00
 3.000e+00 3.000e+00 2.000e+00 1.000e+00 1.000e+00 3.000e+00 1.000e+00
 1.000e+00 1.000e+00 1.000e+00 1.000e+00 2.000e+00 2.000e+00 1.000e+00
 1.000e+00 1.000e+00 1.000e+00 0.000e+00 0.000e+00 1.000e+00 1.000e+00
 0.000e+00 2.000e+00 0.000e+00 1.000e+00 1.000e+00 0.000e+00]
840000 loops cons: [2.319e+03 7.410e+02 3.280e+02 1.820e+02 9.000e+01 5.800e+01 5.700e+01
 2.600e+01 2.500e+01 1.400e+01 1.700e+01 1.200e+01 1.300e+01 7.000e+00
 5.000e+00 2.000e+00 8.000e+00 2.000e+00 1.000e+00 3.000e+00 4.000e+00
 3.000e+00 3.000e+00 2.000e+00 1.000e+00 1.000e+00 3.000e+00 1.000e+00
 1.000e+00 1.000e+00 1.000e+00 1.000e+00 2.000e+00 2.000e+00 1.000e+00
 1.000e+00 1.000e+00 1.000e+00 0.000e+00 0.000e+00 1.000e+00 1.000e+00
 0.000e+00 2.000e+00 0.000e+00 1.000e+00 1.000e+00 0.000e+00]
844800 loops cons: [2.331e+03 7.470e+02 3.320e+02 1.820e+02 9.100e+01 5.900e+01 5.700e+01
 2.600e+01 2.600e+01 1.400e+01 1.800e+01 1.200e+01 1.300e+01 7.000e+00
 5.000e+00 2.000e+00 8.000e+00 2.000e+00 1.000e+00 3.000e+00 4.000e+00
 3.000e+00 3.000e+00 2.000e+00 1.000e+00 1.000e+00 3.000e+00 1.000e+00
 1.000e+00 1.000e+00 1.000e+00 1.000e+00 2.000e+00 2.000e+00 1.000e+00
 1.000e+00 1.000e+00 1.000e+00 0.000e+00 0.000e+00 1.000e+00 1.000e+00
 0.000e+00 2.000e+00 0.000e+00 1.000e+00 1.000e+00 0.000e+00]
849600 loops cons: [2.345e+03 7.530e+02 3.330e+02 1.830e+02 9.100e+01 5.900e+01 5.800e+01
 2.600e+01 2.600e+01 1.400e+01 1.800e+01 1.200e+01 1.300e+01 7.000e+00
 5.000e+00 2.000e+00 8.000e+00 2.000e+00 2.000e+00 3.000e+00 4.000e+00
 3.000e+00 3.000e+00 2.000e+00 1.000e+00 1.000e+00 3.000e+00 1.000e+00
 1.000e+00 1.000e+00 1.000e+00 1.000e+00 2.000e+00 2.000e+00 1.000e+00
 1.000e+00 1.000e+00 1.000e+00 0.000e+00 0.000e+00 1.000e+00 1.000e+00
 0.000e+00 2.000e+00 0.000e+00 1.000e+00 1.000e+00 0.000e+00]
854400 loops cons: [2.351e+03 7.560e+02 3.360e+02 1.830e+02 9.100e+01 5.900e+01 5.800e+01
 2.600e+01 2.600e+01 1.400e+01 1.800e+01 1.200e+01 1.300e+01 8.000e+00
 5.000e+00 3.000e+00 8.000e+00 2.000e+00 2.000e+00 3.000e+00 4.000e+00
 3.000e+00 3.000e+00 2.000e+00 1.000e+00 1.000e+00 3.000e+00 1.000e+00
 1.000e+00 1.000e+00 1.000e+00 1.000e+00 2.000e+00 2.000e+00 1.000e+00
 1.000e+00 1.000e+00 1.000e+00 0.000e+00 0.000e+00 1.000e+00 1.000e+00
 0.000e+00 2.000e+00 0.000e+00 1.000e+00 1.000e+00 0.000e+00]
859200 loops cons: [2.363e+03 7.610e+02 3.400e+02 1.830e+02 9.100e+01 5.900e+01 5.900e+01
 2.600e+01 2.600e+01 1.400e+01 1.900e+01 1.200e+01 1.300e+01 9.000e+00
 5.000e+00 3.000e+00 8.000e+00 2.000e+00 2.000e+00 3.000e+00 5.000e+00
 3.000e+00 3.000e+00 2.000e+00 1.000e+00 1.000e+00 3.000e+00 1.000e+00
 1.000e+00 1.000e+00 1.000e+00 1.000e+00 2.000e+00 2.000e+00 1.000e+00
 1.000e+00 1.000e+00 1.000e+00 0.000e+00 0.000e+00 1.000e+00 1.000e+00
 0.000e+00 2.000e+00 0.000e+00 1.000e+00 1.000e+00 0.000e+00]
864000 loops cons: [2.373e+03 7.640e+02 3.440e+02 1.830e+02 9.200e+01 5.900e+01 5.900e+01
 2.600e+01 2.600e+01 1.400e+01 1.900e+01 1.200e+01 1.300e+01 9.000e+00
 5.000e+00 3.000e+00 8.000e+00 2.000e+00 2.000e+00 3.000e+00 5.000e+00
 3.000e+00 3.000e+00 2.000e+00 1.000e+00 1.000e+00 3.000e+00 1.000e+00
 1.000e+00 1.000e+00 1.000e+00 1.000e+00 2.000e+00 2.000e+00 1.000e+00
 1.000e+00 1.000e+00 1.000e+00 0.000e+00 0.000e+00 1.000e+00 1.000e+00
 0.000e+00 2.000e+00 0.000e+00 1.000e+00 1.000e+00 0.000e+00]
868800 loops cons: [2.384e+03 7.690e+02 3.490e+02 1.850e+02 9.400e+01 5.900e+01 6.000e+01
 2.600e+01 2.600e+01 1.500e+01 1.900e+01 1.200e+01 1.300e+01 9.000e+00
 5.000e+00 3.000e+00 9.000e+00 2.000e+00 2.000e+00 3.000e+00 5.000e+00
 3.000e+00 3.000e+00 2.000e+00 1.000e+00 1.000e+00 3.000e+00 1.000e+00
 1.000e+00 1.000e+00 1.000e+00 1.000e+00 2.000e+00 2.000e+00 1.000e+00
 1.000e+00 1.000e+00 1.000e+00 0.000e+00 0.000e+00 1.000e+00 1.000e+00
 0.000e+00 2.000e+00 0.000e+00 1.000e+00 1.000e+00 0.000e+00]
873600 loops cons: [2.401e+03 7.710e+02 3.570e+02 1.850e+02 9.400e+01 5.900e+01 6.100e+01
 2.700e+01 2.700e+01 1.500e+01 1.900e+01 1.200e+01 1.300e+01 9.000e+00
 5.000e+00 3.000e+00 9.000e+00 2.000e+00 2.000e+00 3.000e+00 5.000e+00
 3.000e+00 3.000e+00 2.000e+00 1.000e+00 1.000e+00 3.000e+00 1.000e+00
 1.000e+00 1.000e+00 1.000e+00 1.000e+00 2.000e+00 2.000e+00 1.000e+00
 1.000e+00 1.000e+00 1.000e+00 0.000e+00 0.000e+00 1.000e+00 1.000e+00
 0.000e+00 2.000e+00 0.000e+00 1.000e+00 1.000e+00 0.000e+00]
878400 loops cons: [2.413e+03 7.730e+02 3.580e+02 1.870e+02 9.400e+01 6.000e+01 6.100e+01
 2.700e+01 2.800e+01 1.500e+01 1.900e+01 1.200e+01 1.300e+01 1.100e+01
 5.000e+00 3.000e+00 9.000e+00 2.000e+00 2.000e+00 3.000e+00 5.000e+00
 3.000e+00 3.000e+00 2.000e+00 1.000e+00 1.000e+00 3.000e+00 1.000e+00
 1.000e+00 1.000e+00 1.000e+00 1.000e+00 2.000e+00 2.000e+00 2.000e+00
 1.000e+00 1.000e+00 1.000e+00 0.000e+00 0.000e+00 1.000e+00 1.000e+00
 0.000e+00 2.000e+00 0.000e+00 1.000e+00 1.000e+00 0.000e+00]
883200 loops cons: [2.426e+03 7.770e+02 3.580e+02 1.870e+02 9.400e+01 6.000e+01 6.100e+01
 2.700e+01 2.800e+01 1.500e+01 1.900e+01 1.200e+01 1.300e+01 1.100e+01
 5.000e+00 3.000e+00 9.000e+00 2.000e+00 2.000e+00 3.000e+00 5.000e+00
 3.000e+00 3.000e+00 2.000e+00 1.000e+00 1.000e+00 3.000e+00 1.000e+00
 1.000e+00 1.000e+00 1.000e+00 1.000e+00 2.000e+00 2.000e+00 2.000e+00
 1.000e+00 1.000e+00 1.000e+00 0.000e+00 0.000e+00 1.000e+00 1.000e+00
 0.000e+00 2.000e+00 0.000e+00 1.000e+00 1.000e+00 0.000e+00]
888000 loops cons: [2.432e+03 7.820e+02 3.590e+02 1.880e+02 9.600e+01 6.000e+01 6.100e+01
 2.800e+01 2.800e+01 1.500e+01 1.900e+01 1.200e+01 1.500e+01 1.200e+01
 5.000e+00 3.000e+00 9.000e+00 2.000e+00 2.000e+00 3.000e+00 5.000e+00
 3.000e+00 3.000e+00 2.000e+00 1.000e+00 1.000e+00 3.000e+00 1.000e+00
 1.000e+00 1.000e+00 1.000e+00 1.000e+00 2.000e+00 2.000e+00 2.000e+00
 1.000e+00 1.000e+00 1.000e+00 0.000e+00 0.000e+00 2.000e+00 1.000e+00
 0.000e+00 2.000e+00 0.000e+00 1.000e+00 1.000e+00 0.000e+00]
892800 loops cons: [2.444e+03 7.850e+02 3.600e+02 1.880e+02 9.600e+01 6.000e+01 6.100e+01
 2.800e+01 2.800e+01 1.500e+01 1.900e+01 1.200e+01 1.500e+01 1.200e+01
 5.000e+00 3.000e+00 9.000e+00 2.000e+00 2.000e+00 3.000e+00 5.000e+00
 3.000e+00 3.000e+00 2.000e+00 1.000e+00 1.000e+00 3.000e+00 1.000e+00
 1.000e+00 1.000e+00 1.000e+00 1.000e+00 2.000e+00 2.000e+00 2.000e+00
 1.000e+00 1.000e+00 1.000e+00 0.000e+00 0.000e+00 2.000e+00 1.000e+00
 0.000e+00 2.000e+00 0.000e+00 1.000e+00 1.000e+00 0.000e+00]
897600 loops cons: [2.456e+03 7.890e+02 3.620e+02 1.880e+02 9.700e+01 6.100e+01 6.100e+01
 2.800e+01 2.800e+01 1.500e+01 1.900e+01 1.200e+01 1.500e+01 1.200e+01
 5.000e+00 3.000e+00 9.000e+00 2.000e+00 2.000e+00 3.000e+00 5.000e+00
 3.000e+00 3.000e+00 2.000e+00 1.000e+00 1.000e+00 3.000e+00 1.000e+00
 1.000e+00 1.000e+00 1.000e+00 1.000e+00 2.000e+00 2.000e+00 3.000e+00
 1.000e+00 1.000e+00 1.000e+00 0.000e+00 0.000e+00 2.000e+00 1.000e+00
 0.000e+00 2.000e+00 0.000e+00 1.000e+00 1.000e+00 0.000e+00]
902400 loops cons: [2.464e+03 7.920e+02 3.630e+02 1.880e+02 9.700e+01 6.100e+01 6.100e+01
 2.800e+01 2.800e+01 1.500e+01 1.900e+01 1.200e+01 1.500e+01 1.200e+01
 5.000e+00 3.000e+00 9.000e+00 2.000e+00 2.000e+00 3.000e+00 5.000e+00
 3.000e+00 3.000e+00 2.000e+00 1.000e+00 1.000e+00 3.000e+00 1.000e+00
 1.000e+00 1.000e+00 1.000e+00 1.000e+00 2.000e+00 2.000e+00 3.000e+00
 1.000e+00 1.000e+00 1.000e+00 0.000e+00 0.000e+00 2.000e+00 1.000e+00
 0.000e+00 2.000e+00 0.000e+00 1.000e+00 1.000e+00 0.000e+00]
907200 loops cons: [2.475e+03 7.970e+02 3.670e+02 1.880e+02 1.000e+02 6.300e+01 6.100e+01
 2.800e+01 2.800e+01 1.500e+01 1.900e+01 1.200e+01 1.500e+01 1.200e+01
 5.000e+00 3.000e+00 9.000e+00 2.000e+00 2.000e+00 3.000e+00 5.000e+00
 3.000e+00 3.000e+00 2.000e+00 1.000e+00 1.000e+00 3.000e+00 1.000e+00
 1.000e+00 1.000e+00 1.000e+00 1.000e+00 2.000e+00 2.000e+00 3.000e+00
 1.000e+00 1.000e+00 1.000e+00 0.000e+00 0.000e+00 2.000e+00 1.000e+00
 0.000e+00 2.000e+00 0.000e+00 1.000e+00 1.000e+00 0.000e+00]
912000 loops cons: [2.488e+03 8.000e+02 3.670e+02 1.900e+02 1.000e+02 6.300e+01 6.100e+01
 2.800e+01 2.800e+01 1.500e+01 1.900e+01 1.200e+01 1.500e+01 1.200e+01
 6.000e+00 3.000e+00 9.000e+00 2.000e+00 2.000e+00 4.000e+00 5.000e+00
 3.000e+00 3.000e+00 2.000e+00 1.000e+00 1.000e+00 3.000e+00 1.000e+00
 1.000e+00 1.000e+00 1.000e+00 1.000e+00 2.000e+00 2.000e+00 3.000e+00
 1.000e+00 1.000e+00 1.000e+00 0.000e+00 0.000e+00 2.000e+00 1.000e+00
 0.000e+00 2.000e+00 0.000e+00 1.000e+00 1.000e+00 0.000e+00]
916800 loops cons: [2.498e+03 8.050e+02 3.680e+02 1.900e+02 1.000e+02 6.300e+01 6.100e+01
 2.800e+01 2.900e+01 1.500e+01 1.900e+01 1.200e+01 1.500e+01 1.200e+01
 6.000e+00 3.000e+00 9.000e+00 2.000e+00 2.000e+00 4.000e+00 5.000e+00
 3.000e+00 3.000e+00 2.000e+00 1.000e+00 1.000e+00 3.000e+00 1.000e+00
 1.000e+00 1.000e+00 1.000e+00 1.000e+00 2.000e+00 2.000e+00 3.000e+00
 1.000e+00 1.000e+00 1.000e+00 0.000e+00 0.000e+00 2.000e+00 1.000e+00
 0.000e+00 2.000e+00 0.000e+00 1.000e+00 1.000e+00 0.000e+00]
921600 loops cons: [2.514e+03 8.120e+02 3.690e+02 1.920e+02 1.000e+02 6.400e+01 6.100e+01
 2.800e+01 3.000e+01 1.500e+01 1.900e+01 1.200e+01 1.500e+01 1.200e+01
 6.000e+00 3.000e+00 9.000e+00 2.000e+00 2.000e+00 4.000e+00 5.000e+00
 3.000e+00 3.000e+00 2.000e+00 1.000e+00 1.000e+00 3.000e+00 1.000e+00
 1.000e+00 1.000e+00 1.000e+00 1.000e+00 2.000e+00 2.000e+00 3.000e+00
 1.000e+00 1.000e+00 1.000e+00 0.000e+00 0.000e+00 2.000e+00 1.000e+00
 0.000e+00 2.000e+00 0.000e+00 1.000e+00 1.000e+00 0.000e+00]
926400 loops cons: [2.526e+03 8.150e+02 3.690e+02 1.930e+02 1.010e+02 6.400e+01 6.100e+01
 2.800e+01 3.000e+01 1.500e+01 1.900e+01 1.200e+01 1.500e+01 1.200e+01
 6.000e+00 3.000e+00 9.000e+00 2.000e+00 2.000e+00 4.000e+00 5.000e+00
 3.000e+00 3.000e+00 2.000e+00 1.000e+00 1.000e+00 3.000e+00 1.000e+00
 1.000e+00 1.000e+00 1.000e+00 1.000e+00 2.000e+00 2.000e+00 3.000e+00
 1.000e+00 1.000e+00 1.000e+00 0.000e+00 0.000e+00 2.000e+00 1.000e+00
 0.000e+00 2.000e+00 0.000e+00 1.000e+00 1.000e+00 0.000e+00]
931200 loops cons: [2.539e+03 8.220e+02 3.750e+02 1.950e+02 1.010e+02 6.500e+01 6.100e+01
 2.900e+01 3.000e+01 1.600e+01 1.900e+01 1.200e+01 1.500e+01 1.200e+01
 6.000e+00 3.000e+00 9.000e+00 2.000e+00 2.000e+00 4.000e+00 5.000e+00
 3.000e+00 3.000e+00 2.000e+00 1.000e+00 1.000e+00 3.000e+00 1.000e+00
 1.000e+00 1.000e+00 1.000e+00 1.000e+00 2.000e+00 2.000e+00 3.000e+00
 1.000e+00 1.000e+00 1.000e+00 0.000e+00 0.000e+00 2.000e+00 1.000e+00
 0.000e+00 2.000e+00 0.000e+00 1.000e+00 1.000e+00 0.000e+00]
936000 loops cons: [2.555e+03 8.280e+02 3.760e+02 1.960e+02 1.010e+02 6.500e+01 6.100e+01
 3.000e+01 3.000e+01 1.600e+01 1.900e+01 1.200e+01 1.500e+01 1.200e+01
 6.000e+00 3.000e+00 9.000e+00 2.000e+00 2.000e+00 4.000e+00 5.000e+00
 3.000e+00 3.000e+00 2.000e+00 1.000e+00 1.000e+00 3.000e+00 1.000e+00
 1.000e+00 1.000e+00 1.000e+00 1.000e+00 2.000e+00 2.000e+00 3.000e+00
 1.000e+00 1.000e+00 1.000e+00 0.000e+00 0.000e+00 2.000e+00 1.000e+00
 0.000e+00 2.000e+00 0.000e+00 1.000e+00 1.000e+00 0.000e+00]
940800 loops cons: [2.565e+03 8.340e+02 3.770e+02 1.970e+02 1.040e+02 6.500e+01 6.100e+01
 3.100e+01 3.000e+01 1.600e+01 1.900e+01 1.200e+01 1.500e+01 1.200e+01
 6.000e+00 3.000e+00 9.000e+00 2.000e+00 2.000e+00 4.000e+00 5.000e+00
 3.000e+00 3.000e+00 2.000e+00 1.000e+00 1.000e+00 3.000e+00 1.000e+00
 1.000e+00 1.000e+00 1.000e+00 1.000e+00 2.000e+00 2.000e+00 3.000e+00
 1.000e+00 1.000e+00 1.000e+00 0.000e+00 0.000e+00 2.000e+00 1.000e+00
 0.000e+00 2.000e+00 0.000e+00 1.000e+00 1.000e+00 0.000e+00]
945600 loops cons: [2.571e+03 8.380e+02 3.820e+02 1.980e+02 1.040e+02 6.500e+01 6.100e+01
 3.100e+01 3.100e+01 1.600e+01 1.900e+01 1.200e+01 1.500e+01 1.200e+01
 6.000e+00 3.000e+00 9.000e+00 2.000e+00 2.000e+00 4.000e+00 5.000e+00
 3.000e+00 3.000e+00 2.000e+00 1.000e+00 1.000e+00 3.000e+00 1.000e+00
 1.000e+00 1.000e+00 1.000e+00 1.000e+00 2.000e+00 2.000e+00 3.000e+00
 1.000e+00 1.000e+00 1.000e+00 0.000e+00 0.000e+00 2.000e+00 1.000e+00
 0.000e+00 2.000e+00 0.000e+00 1.000e+00 1.000e+00 0.000e+00]
950400 loops cons: [2.581e+03 8.430e+02 3.850e+02 1.990e+02 1.040e+02 6.500e+01 6.100e+01
 3.100e+01 3.100e+01 1.600e+01 1.900e+01 1.200e+01 1.500e+01 1.200e+01
 6.000e+00 3.000e+00 9.000e+00 2.000e+00 2.000e+00 4.000e+00 5.000e+00
 3.000e+00 3.000e+00 2.000e+00 1.000e+00 1.000e+00 3.000e+00 1.000e+00
 1.000e+00 1.000e+00 1.000e+00 1.000e+00 2.000e+00 2.000e+00 3.000e+00
 1.000e+00 1.000e+00 1.000e+00 0.000e+00 0.000e+00 2.000e+00 1.000e+00
 0.000e+00 2.000e+00 0.000e+00 1.000e+00 1.000e+00 0.000e+00]
955200 loops cons: [2.59e+03 8.48e+02 3.88e+02 1.99e+02 1.04e+02 6.60e+01 6.10e+01 3.10e+01
 3.10e+01 1.60e+01 1.90e+01 1.20e+01 1.50e+01 1.20e+01 6.00e+00 3.00e+00
 9.00e+00 2.00e+00 2.00e+00 4.00e+00 5.00e+00 3.00e+00 3.00e+00 2.00e+00
 1.00e+00 1.00e+00 3.00e+00 1.00e+00 1.00e+00 1.00e+00 1.00e+00 1.00e+00
 2.00e+00 2.00e+00 3.00e+00 1.00e+00 1.00e+00 1.00e+00 0.00e+00 0.00e+00
 2.00e+00 1.00e+00 0.00e+00 2.00e+00 0.00e+00 1.00e+00 1.00e+00 0.00e+00]
960000 loops cons: [2.604e+03 8.520e+02 3.890e+02 2.020e+02 1.040e+02 6.700e+01 6.100e+01
 3.100e+01 3.100e+01 1.600e+01 1.900e+01 1.200e+01 1.500e+01 1.200e+01
 6.000e+00 3.000e+00 9.000e+00 2.000e+00 2.000e+00 4.000e+00 5.000e+00
 3.000e+00 3.000e+00 2.000e+00 1.000e+00 1.000e+00 3.000e+00 1.000e+00
 1.000e+00 1.000e+00 1.000e+00 1.000e+00 2.000e+00 2.000e+00 3.000e+00
 1.000e+00 1.000e+00 1.000e+00 0.000e+00 0.000e+00 2.000e+00 1.000e+00
 0.000e+00 2.000e+00 0.000e+00 1.000e+00 1.000e+00 0.000e+00]
964800 loops cons: [2.618e+03 8.560e+02 3.900e+02 2.020e+02 1.040e+02 6.700e+01 6.100e+01
 3.200e+01 3.100e+01 1.600e+01 1.900e+01 1.200e+01 1.500e+01 1.200e+01
 6.000e+00 3.000e+00 9.000e+00 2.000e+00 2.000e+00 4.000e+00 5.000e+00
 3.000e+00 3.000e+00 2.000e+00 1.000e+00 1.000e+00 3.000e+00 1.000e+00
 1.000e+00 1.000e+00 1.000e+00 1.000e+00 2.000e+00 2.000e+00 3.000e+00
 1.000e+00 1.000e+00 1.000e+00 0.000e+00 0.000e+00 2.000e+00 1.000e+00
 0.000e+00 2.000e+00 0.000e+00 1.000e+00 1.000e+00 0.000e+00]
969600 loops cons: [2.638e+03 8.590e+02 3.920e+02 2.030e+02 1.050e+02 6.700e+01 6.100e+01
 3.200e+01 3.100e+01 1.600e+01 1.900e+01 1.200e+01 1.500e+01 1.200e+01
 6.000e+00 3.000e+00 9.000e+00 2.000e+00 2.000e+00 4.000e+00 5.000e+00
 3.000e+00 3.000e+00 2.000e+00 1.000e+00 1.000e+00 3.000e+00 1.000e+00
 1.000e+00 1.000e+00 1.000e+00 1.000e+00 2.000e+00 2.000e+00 3.000e+00
 1.000e+00 1.000e+00 1.000e+00 0.000e+00 0.000e+00 2.000e+00 1.000e+00
 0.000e+00 2.000e+00 0.000e+00 1.000e+00 1.000e+00 0.000e+00]
974400 loops cons: [2.65e+03 8.67e+02 3.94e+02 2.05e+02 1.05e+02 6.70e+01 6.10e+01 3.20e+01
 3.10e+01 1.60e+01 1.90e+01 1.30e+01 1.50e+01 1.20e+01 6.00e+00 3.00e+00
 9.00e+00 2.00e+00 2.00e+00 4.00e+00 5.00e+00 3.00e+00 3.00e+00 2.00e+00
 1.00e+00 1.00e+00 3.00e+00 1.00e+00 1.00e+00 1.00e+00 1.00e+00 1.00e+00
 2.00e+00 2.00e+00 4.00e+00 1.00e+00 1.00e+00 1.00e+00 0.00e+00 0.00e+00
 2.00e+00 1.00e+00 0.00e+00 2.00e+00 0.00e+00 1.00e+00 1.00e+00 0.00e+00]
979200 loops cons: [2.668e+03 8.730e+02 3.950e+02 2.080e+02 1.060e+02 6.700e+01 6.300e+01
 3.200e+01 3.100e+01 1.700e+01 1.900e+01 1.300e+01 1.600e+01 1.200e+01
 6.000e+00 3.000e+00 9.000e+00 2.000e+00 2.000e+00 4.000e+00 5.000e+00
 3.000e+00 3.000e+00 2.000e+00 1.000e+00 1.000e+00 3.000e+00 1.000e+00
 1.000e+00 1.000e+00 1.000e+00 1.000e+00 2.000e+00 2.000e+00 4.000e+00
 1.000e+00 1.000e+00 1.000e+00 0.000e+00 0.000e+00 2.000e+00 1.000e+00
 0.000e+00 2.000e+00 0.000e+00 1.000e+00 1.000e+00 0.000e+00]
984000 loops cons: [2.677e+03 8.760e+02 3.960e+02 2.080e+02 1.070e+02 6.700e+01 6.300e+01
 3.200e+01 3.100e+01 1.700e+01 1.900e+01 1.300e+01 1.600e+01 1.200e+01
 6.000e+00 3.000e+00 9.000e+00 2.000e+00 2.000e+00 4.000e+00 5.000e+00
 3.000e+00 3.000e+00 2.000e+00 1.000e+00 1.000e+00 3.000e+00 1.000e+00
 1.000e+00 1.000e+00 1.000e+00 1.000e+00 2.000e+00 2.000e+00 4.000e+00
 1.000e+00 1.000e+00 1.000e+00 0.000e+00 0.000e+00 2.000e+00 1.000e+00
 0.000e+00 2.000e+00 0.000e+00 1.000e+00 1.000e+00 0.000e+00]
988800 loops cons: [2.688e+03 8.790e+02 3.970e+02 2.090e+02 1.080e+02 6.700e+01 6.400e+01
 3.200e+01 3.100e+01 1.700e+01 2.000e+01 1.400e+01 1.600e+01 1.200e+01
 6.000e+00 3.000e+00 9.000e+00 2.000e+00 2.000e+00 4.000e+00 5.000e+00
 3.000e+00 3.000e+00 2.000e+00 1.000e+00 1.000e+00 3.000e+00 1.000e+00
 1.000e+00 1.000e+00 1.000e+00 1.000e+00 2.000e+00 2.000e+00 4.000e+00
 1.000e+00 1.000e+00 1.000e+00 0.000e+00 0.000e+00 2.000e+00 1.000e+00
 0.000e+00 2.000e+00 0.000e+00 1.000e+00 1.000e+00 0.000e+00]
993600 loops cons: [2.701e+03 8.900e+02 3.990e+02 2.090e+02 1.100e+02 6.700e+01 6.500e+01
 3.200e+01 3.100e+01 1.700e+01 2.000e+01 1.400e+01 1.600e+01 1.200e+01
 6.000e+00 3.000e+00 9.000e+00 2.000e+00 2.000e+00 4.000e+00 5.000e+00
 3.000e+00 3.000e+00 2.000e+00 1.000e+00 1.000e+00 3.000e+00 1.000e+00
 1.000e+00 1.000e+00 1.000e+00 1.000e+00 2.000e+00 2.000e+00 4.000e+00
 1.000e+00 1.000e+00 1.000e+00 0.000e+00 0.000e+00 2.000e+00 1.000e+00
 0.000e+00 2.000e+00 0.000e+00 1.000e+00 1.000e+00 0.000e+00]
998400 loops cons: [2.713e+03 8.930e+02 4.010e+02 2.100e+02 1.110e+02 6.700e+01 6.700e+01
 3.200e+01 3.100e+01 1.700e+01 2.000e+01 1.400e+01 1.600e+01 1.200e+01
 6.000e+00 3.000e+00 9.000e+00 2.000e+00 2.000e+00 4.000e+00 5.000e+00
 3.000e+00 3.000e+00 2.000e+00 1.000e+00 1.000e+00 3.000e+00 1.000e+00
 1.000e+00 1.000e+00 1.000e+00 1.000e+00 2.000e+00 2.000e+00 4.000e+00
 1.000e+00 1.000e+00 1.000e+00 0.000e+00 0.000e+00 2.000e+00 1.000e+00
 0.000e+00 2.000e+00 0.000e+00 1.000e+00 1.000e+00 0.000e+00]
1003200 loops cons: [2.724e+03 8.980e+02 4.020e+02 2.110e+02 1.110e+02 6.700e+01 6.700e+01
 3.200e+01 3.100e+01 1.700e+01 2.000e+01 1.400e+01 1.600e+01 1.200e+01
 6.000e+00 3.000e+00 9.000e+00 2.000e+00 2.000e+00 4.000e+00 5.000e+00
 3.000e+00 3.000e+00 2.000e+00 1.000e+00 1.000e+00 3.000e+00 1.000e+00
 1.000e+00 1.000e+00 1.000e+00 1.000e+00 2.000e+00 2.000e+00 4.000e+00
 1.000e+00 1.000e+00 1.000e+00 0.000e+00 0.000e+00 2.000e+00 1.000e+00
 0.000e+00 2.000e+00 0.000e+00 1.000e+00 1.000e+00 0.000e+00]
1008000 loops cons: [2.736e+03 9.020e+02 4.050e+02 2.120e+02 1.150e+02 6.700e+01 6.800e+01
 3.200e+01 3.100e+01 1.700e+01 2.000e+01 1.400e+01 1.600e+01 1.200e+01
 6.000e+00 3.000e+00 9.000e+00 2.000e+00 2.000e+00 4.000e+00 5.000e+00
 3.000e+00 3.000e+00 2.000e+00 1.000e+00 1.000e+00 3.000e+00 1.000e+00
 1.000e+00 1.000e+00 1.000e+00 1.000e+00 2.000e+00 2.000e+00 4.000e+00
 1.000e+00 1.000e+00 1.000e+00 0.000e+00 0.000e+00 2.000e+00 1.000e+00
 0.000e+00 2.000e+00 0.000e+00 1.000e+00 1.000e+00 0.000e+00]
1012800 loops cons: [2.749e+03 9.060e+02 4.070e+02 2.130e+02 1.160e+02 6.700e+01 6.800e+01
 3.200e+01 3.100e+01 1.700e+01 2.000e+01 1.400e+01 1.600e+01 1.200e+01
 6.000e+00 3.000e+00 9.000e+00 2.000e+00 2.000e+00 4.000e+00 5.000e+00
 3.000e+00 3.000e+00 2.000e+00 1.000e+00 1.000e+00 3.000e+00 1.000e+00
 1.000e+00 1.000e+00 1.000e+00 1.000e+00 2.000e+00 2.000e+00 4.000e+00
 1.000e+00 1.000e+00 1.000e+00 0.000e+00 0.000e+00 2.000e+00 1.000e+00
 0.000e+00 2.000e+00 0.000e+00 1.000e+00 1.000e+00 0.000e+00]
1017600 loops cons: [2.764e+03 9.100e+02 4.100e+02 2.130e+02 1.180e+02 6.700e+01 6.800e+01
 3.200e+01 3.100e+01 1.700e+01 2.000e+01 1.400e+01 1.600e+01 1.200e+01
 6.000e+00 3.000e+00 9.000e+00 2.000e+00 2.000e+00 4.000e+00 5.000e+00
 3.000e+00 3.000e+00 2.000e+00 1.000e+00 1.000e+00 3.000e+00 1.000e+00
 1.000e+00 1.000e+00 1.000e+00 1.000e+00 2.000e+00 2.000e+00 4.000e+00
 1.000e+00 1.000e+00 1.000e+00 0.000e+00 0.000e+00 2.000e+00 1.000e+00
 0.000e+00 2.000e+00 0.000e+00 1.000e+00 1.000e+00 0.000e+00]
1022400 loops cons: [2.774e+03 9.150e+02 4.160e+02 2.130e+02 1.190e+02 6.800e+01 6.900e+01
 3.200e+01 3.100e+01 1.700e+01 2.000e+01 1.400e+01 1.600e+01 1.200e+01
 6.000e+00 3.000e+00 9.000e+00 2.000e+00 2.000e+00 4.000e+00 5.000e+00
 3.000e+00 3.000e+00 2.000e+00 1.000e+00 1.000e+00 3.000e+00 1.000e+00
 1.000e+00 1.000e+00 1.000e+00 1.000e+00 2.000e+00 2.000e+00 4.000e+00
 1.000e+00 1.000e+00 1.000e+00 0.000e+00 0.000e+00 2.000e+00 1.000e+00
 0.000e+00 2.000e+00 0.000e+00 1.000e+00 1.000e+00 0.000e+00]
