Starting new run concatemerization
concentration: 2
0 loops cons: [1. 0. 0. 0. 0. 0. 0. 0. 0. 0. 0. 0. 0. 0. 0. 0. 0. 0. 0. 0. 0. 0. 0. 0.
 0. 0. 0. 0. 0. 0. 0. 0. 0. 0. 0. 0. 0. 0. 0. 0. 0. 0. 0. 0. 0. 0. 0. 0.]
4800 loops cons: [14.  1.  1.  0.  0.  0.  0.  1.  0.  0.  0.  0.  0.  0.  0.  0.  0.  0.
  0.  0.  0.  0.  0.  0.  0.  0.  0.  0.  0.  0.  0.  0.  0.  0.  0.  0.
  0.  0.  0.  0.  0.  0.  0.  0.  0.  0.  0.  0.]
9600 loops cons: [30.  8.  3.  2.  0.  1.  1.  1.  0.  0.  0.  0.  0.  0.  0.  0.  0.  0.
  0.  0.  0.  0.  0.  0.  0.  0.  0.  0.  0.  0.  0.  0.  0.  0.  0.  0.
  0.  0.  0.  0.  0.  0.  0.  0.  0.  0.  0.  0.]
14400 loops cons: [46. 10.  6.  5.  2.  1.  1.  1.  0.  0.  0.  0.  0.  0.  0.  0.  0.  0.
  1.  0.  0.  1.  0.  0.  0.  0.  0.  0.  0.  0.  0.  0.  0.  0.  0.  0.
  0.  0.  0.  0.  0.  0.  0.  0.  0.  0.  0.  0.]
19200 loops cons: [58. 15.  7.  5.  3.  2.  1.  1.  0.  0.  0.  0.  0.  0.  0.  1.  0.  0.
  1.  0.  0.  1.  0.  0.  0.  0.  0.  0.  0.  0.  0.  0.  0.  0.  0.  0.
  0.  0.  0.  0.  0.  0.  0.  0.  0.  0.  0.  0.]
24000 loops cons: [72. 20.  8.  7.  3.  2.  2.  1.  0.  1.  0.  0.  1.  0.  0.  1.  0.  0.
  1.  0.  0.  1.  0.  0.  0.  0.  0.  0.  0.  0.  0.  0.  0.  0.  0.  0.
  0.  0.  0.  0.  0.  0.  0.  0.  0.  0.  0.  0.]
28800 loops cons: [88. 23. 11.  9.  3.  2.  3.  1.  0.  1.  0.  0.  1.  0.  0.  1.  0.  0.
  1.  0.  0.  1.  0.  0.  0.  0.  0.  0.  0.  0.  0.  0.  0.  0.  0.  0.
  0.  0.  0.  0.  0.  0.  0.  0.  0.  0.  0.  0.]
33600 loops cons: [103.  25.  13.  10.   4.   2.   4.   1.   0.   1.   1.   0.   1.   0.
   0.   1.   0.   0.   1.   0.   0.   1.   0.   0.   0.   0.   0.   0.
   0.   0.   0.   0.   0.   0.   0.   0.   0.   0.   0.   0.   0.   0.
   0.   0.   0.   0.   0.   0.]
38400 loops cons: [120.  30.  14.  11.   6.   4.   4.   1.   0.   2.   2.   0.   1.   0.
   0.   1.   0.   0.   1.   0.   0.   1.   0.   0.   0.   0.   0.   0.
   0.   0.   0.   0.   0.   0.   0.   0.   0.   0.   0.   0.   0.   0.
   0.   0.   0.   0.   0.   0.]
43200 loops cons: [128.  35.  16.  12.   6.   4.   4.   1.   0.   2.   2.   0.   2.   0.
   0.   2.   0.   0.   1.   0.   0.   1.   0.   0.   0.   0.   0.   0.
   0.   0.   0.   0.   0.   0.   0.   0.   0.   0.   0.   0.   0.   0.
   0.   0.   0.   0.   0.   0.]
48000 loops cons: [141.  36.  19.  12.   6.   4.   4.   1.   0.   2.   2.   0.   2.   0.
   0.   2.   0.   0.   1.   0.   0.   1.   0.   0.   1.   0.   0.   0.
   0.   0.   0.   0.   0.   0.   0.   0.   0.   0.   0.   0.   0.   0.
   0.   0.   0.   0.   0.   0.]
52800 loops cons: [151.  41.  22.  13.   7.   5.   4.   1.   1.   3.   2.   0.   2.   0.
   0.   2.   0.   0.   1.   0.   0.   1.   0.   0.   1.   0.   0.   0.
   0.   0.   0.   0.   0.   0.   0.   0.   0.   0.   0.   0.   0.   0.
   0.   0.   0.   0.   0.   0.]
57600 loops cons: [164.  48.  22.  13.   7.   5.   4.   1.   1.   3.   2.   0.   2.   0.
   0.   2.   0.   0.   1.   0.   0.   1.   0.   0.   1.   0.   0.   0.
   0.   0.   0.   0.   0.   0.   0.   0.   0.   0.   0.   0.   0.   0.
   0.   0.   0.   0.   0.   0.]
62400 loops cons: [177.  51.  22.  13.   7.   5.   5.   1.   1.   3.   2.   0.   2.   0.
   0.   2.   0.   0.   1.   0.   0.   1.   0.   0.   1.   0.   0.   0.
   0.   0.   0.   0.   0.   0.   0.   0.   0.   0.   0.   0.   0.   0.
   0.   0.   0.   0.   0.   0.]
67200 loops cons: [189.  55.  25.  14.   8.   6.   5.   1.   1.   3.   2.   0.   3.   0.
   0.   2.   0.   0.   1.   0.   0.   1.   0.   0.   1.   0.   0.   0.
   0.   0.   0.   0.   0.   0.   0.   0.   0.   0.   0.   0.   0.   0.
   0.   0.   0.   0.   0.   0.]
72000 loops cons: [203.  57.  28.  15.   9.   6.   7.   1.   1.   3.   2.   0.   3.   0.
   0.   2.   0.   0.   1.   0.   0.   1.   0.   0.   1.   0.   0.   0.
   0.   0.   0.   0.   0.   0.   0.   0.   0.   0.   0.   0.   0.   0.
   0.   0.   0.   0.   0.   0.]
76800 loops cons: [214.  60.  31.  17.   9.   7.   7.   1.   1.   3.   2.   0.   3.   0.
   0.   2.   0.   0.   1.   0.   0.   1.   0.   0.   1.   0.   0.   0.
   0.   0.   0.   0.   0.   0.   0.   0.   0.   0.   0.   0.   0.   0.
   0.   0.   0.   0.   0.   0.]
81600 loops cons: [229.  61.  33.  19.  11.   7.   7.   1.   1.   3.   2.   0.   3.   0.
   0.   2.   0.   0.   1.   0.   0.   1.   0.   0.   1.   0.   0.   0.
   0.   0.   0.   0.   0.   0.   0.   0.   0.   0.   0.   0.   0.   0.
   0.   0.   0.   0.   0.   0.]
86400 loops cons: [238.  66.  34.  21.  11.   8.   7.   1.   1.   3.   2.   0.   3.   0.
   0.   2.   0.   0.   1.   0.   0.   1.   0.   0.   1.   0.   0.   0.
   0.   0.   0.   0.   0.   0.   0.   0.   0.   0.   0.   0.   0.   0.
   0.   0.   0.   0.   0.   0.]
91200 loops cons: [247.  70.  35.  22.  12.   9.   7.   1.   1.   3.   2.   0.   3.   1.
   0.   2.   0.   0.   1.   0.   0.   1.   0.   0.   1.   0.   0.   0.
   0.   0.   0.   0.   0.   0.   0.   0.   0.   0.   0.   0.   0.   0.
   0.   0.   0.   0.   0.   0.]
96000 loops cons: [262.  73.  36.  23.  14.   9.   7.   1.   2.   3.   3.   0.   3.   1.
   0.   2.   0.   0.   1.   0.   0.   1.   0.   0.   1.   0.   0.   0.
   0.   0.   0.   0.   0.   0.   0.   0.   0.   0.   0.   0.   0.   0.
   0.   0.   0.   0.   0.   0.]
100800 loops cons: [274.  81.  39.  26.  15.   9.   7.   2.   2.   3.   3.   0.   3.   1.
   0.   2.   0.   0.   1.   0.   0.   1.   0.   0.   1.   0.   0.   0.
   0.   0.   0.   0.   0.   0.   0.   0.   0.   0.   0.   0.   0.   0.
   0.   0.   0.   0.   0.   0.]
105600 loops cons: [286.  84.  43.  26.  16.  10.   7.   2.   2.   3.   3.   0.   3.   1.
   0.   2.   0.   0.   1.   0.   0.   1.   0.   0.   1.   0.   0.   0.
   0.   0.   0.   0.   0.   0.   0.   0.   0.   0.   0.   0.   0.   0.
   0.   0.   0.   0.   0.   0.]
110400 loops cons: [301.  90.  43.  28.  16.  11.   7.   2.   2.   3.   4.   0.   3.   1.
   0.   2.   0.   0.   1.   0.   0.   1.   0.   0.   1.   0.   0.   0.
   0.   0.   0.   0.   0.   0.   0.   0.   0.   0.   0.   0.   0.   0.
   0.   0.   0.   0.   0.   0.]
115200 loops cons: [309.  93.  46.  30.  17.  11.   7.   2.   3.   3.   4.   0.   3.   1.
   0.   2.   0.   0.   1.   0.   0.   1.   0.   0.   1.   0.   0.   0.
   0.   0.   0.   0.   0.   0.   0.   0.   0.   0.   0.   0.   0.   0.
   0.   0.   0.   0.   0.   0.]
120000 loops cons: [324.  97.  47.  30.  19.  11.   7.   2.   4.   3.   4.   0.   3.   1.
   0.   2.   0.   0.   1.   0.   0.   1.   0.   1.   1.   0.   0.   0.
   0.   0.   0.   0.   0.   0.   0.   0.   0.   0.   0.   0.   0.   0.
   0.   0.   0.   0.   0.   0.]
124800 loops cons: [333.  99.  48.  30.  20.  11.   7.   2.   4.   3.   4.   0.   4.   1.
   0.   2.   0.   0.   1.   0.   0.   1.   0.   1.   1.   0.   0.   0.
   0.   0.   0.   0.   0.   0.   0.   0.   0.   0.   0.   0.   0.   0.
   0.   0.   0.   0.   0.   0.]
129600 loops cons: [347. 104.  50.  32.  21.  11.   7.   3.   4.   3.   4.   0.   4.   1.
   0.   2.   0.   0.   1.   0.   0.   1.   0.   1.   1.   0.   0.   0.
   0.   0.   0.   0.   0.   0.   0.   0.   0.   0.   0.   0.   0.   0.
   0.   0.   0.   0.   0.   0.]
134400 loops cons: [364. 109.  52.  32.  23.  12.   7.   3.   5.   3.   4.   0.   4.   1.
   0.   2.   0.   0.   1.   0.   0.   1.   0.   1.   1.   0.   0.   0.
   0.   0.   0.   0.   0.   0.   0.   0.   0.   0.   0.   0.   0.   0.
   0.   0.   0.   0.   0.   0.]
139200 loops cons: [382. 114.  53.  33.  23.  12.   8.   4.   5.   4.   4.   0.   4.   2.
   1.   2.   0.   0.   1.   0.   0.   1.   0.   1.   1.   0.   0.   0.
   0.   0.   0.   0.   0.   0.   0.   0.   0.   0.   0.   0.   0.   0.
   0.   0.   0.   0.   0.   0.]
144000 loops cons: [400. 119.  55.  33.  23.  12.   8.   4.   5.   5.   5.   1.   4.   2.
   1.   2.   0.   0.   1.   0.   0.   1.   0.   1.   1.   0.   0.   0.
   0.   0.   0.   0.   0.   0.   0.   0.   0.   0.   0.   0.   0.   0.
   0.   0.   0.   0.   0.   0.]
148800 loops cons: [421. 122.  58.  33.  25.  12.   8.   4.   5.   5.   6.   1.   4.   2.
   1.   2.   0.   0.   1.   0.   0.   1.   1.   1.   1.   0.   0.   0.
   0.   0.   0.   0.   0.   0.   0.   0.   0.   0.   0.   0.   0.   0.
   0.   0.   0.   0.   0.   0.]
153600 loops cons: [428. 127.  60.  35.  26.  12.   8.   4.   5.   5.   6.   1.   4.   2.
   1.   2.   0.   0.   1.   0.   0.   1.   1.   1.   1.   0.   0.   0.
   0.   0.   0.   0.   0.   0.   0.   0.   0.   0.   0.   0.   0.   0.
   0.   0.   0.   0.   0.   0.]
158400 loops cons: [438. 129.  61.  36.  26.  13.   8.   4.   5.   5.   6.   1.   4.   2.
   1.   2.   0.   1.   1.   0.   0.   1.   1.   1.   1.   0.   0.   0.
   0.   0.   0.   0.   0.   0.   0.   0.   0.   0.   0.   0.   0.   0.
   0.   0.   0.   0.   0.   0.]
163200 loops cons: [449. 134.  66.  36.  26.  13.   8.   5.   5.   6.   6.   1.   4.   2.
   1.   3.   0.   1.   1.   0.   0.   1.   1.   1.   1.   0.   1.   0.
   0.   0.   0.   0.   0.   0.   0.   0.   0.   0.   0.   0.   0.   0.
   0.   0.   0.   0.   0.   0.]
168000 loops cons: [467. 140.  68.  36.  27.  13.   8.   5.   5.   6.   7.   2.   4.   2.
   1.   3.   0.   1.   1.   1.   0.   1.   1.   1.   1.   0.   1.   0.
   0.   0.   0.   0.   0.   0.   0.   0.   0.   0.   0.   0.   0.   0.
   0.   0.   0.   0.   0.   0.]
172800 loops cons: [481. 144.  69.  36.  27.  13.   8.   5.   5.   6.   7.   2.   4.   2.
   1.   3.   0.   1.   1.   1.   0.   1.   1.   1.   1.   0.   1.   0.
   0.   0.   0.   0.   0.   0.   0.   0.   0.   0.   0.   0.   0.   0.
   0.   0.   0.   0.   0.   0.]
177600 loops cons: [495. 144.  73.  37.  27.  13.   8.   5.   5.   6.   7.   2.   4.   3.
   1.   3.   0.   1.   1.   1.   0.   1.   1.   1.   1.   0.   1.   0.
   0.   0.   0.   0.   0.   0.   0.   0.   0.   0.   0.   0.   0.   0.
   0.   0.   0.   0.   0.   0.]
182400 loops cons: [509. 149.  74.  38.  28.  14.   8.   6.   5.   6.   7.   2.   5.   3.
   1.   3.   0.   1.   1.   1.   0.   1.   1.   1.   1.   0.   1.   0.
   0.   0.   0.   0.   0.   0.   0.   0.   0.   0.   0.   0.   0.   0.
   0.   0.   0.   0.   0.   0.]
187200 loops cons: [516. 153.  74.  38.  29.  15.  10.   6.   5.   6.   7.   2.   5.   3.
   1.   3.   0.   1.   1.   1.   0.   1.   1.   1.   1.   0.   1.   0.
   0.   0.   0.   0.   0.   0.   0.   0.   0.   0.   0.   0.   0.   0.
   0.   0.   0.   0.   0.   0.]
192000 loops cons: [524. 157.  75.  38.  29.  15.  10.   7.   5.   6.   7.   2.   5.   3.
   1.   3.   0.   1.   1.   2.   0.   1.   1.   1.   1.   0.   1.   0.
   0.   0.   0.   0.   0.   0.   0.   0.   0.   0.   0.   0.   0.   0.
   0.   0.   0.   0.   0.   0.]
196800 loops cons: [537. 163.  78.  38.  30.  15.  10.   7.   5.   6.   7.   2.   5.   3.
   1.   3.   0.   1.   1.   2.   0.   1.   1.   1.   1.   0.   1.   0.
   0.   0.   0.   0.   0.   0.   0.   0.   0.   0.   0.   0.   0.   0.
   0.   0.   0.   0.   0.   0.]
201600 loops cons: [545. 166.  81.  39.  31.  15.  11.   8.   5.   6.   7.   2.   5.   3.
   1.   3.   0.   1.   1.   2.   0.   1.   1.   1.   1.   0.   1.   0.
   0.   0.   0.   0.   0.   0.   0.   0.   0.   0.   0.   0.   0.   0.
   0.   0.   0.   0.   0.   0.]
206400 loops cons: [556. 170.  83.  39.  31.  15.  11.   8.   6.   6.   7.   2.   5.   3.
   1.   3.   0.   1.   1.   2.   0.   1.   1.   1.   1.   0.   1.   0.
   0.   0.   0.   0.   0.   0.   1.   0.   0.   0.   0.   0.   0.   0.
   0.   0.   0.   0.   0.   0.]
211200 loops cons: [568. 176.  84.  39.  31.  15.  11.   8.   6.   6.   7.   2.   5.   4.
   1.   3.   0.   1.   1.   2.   0.   1.   1.   1.   1.   0.   1.   0.
   0.   0.   0.   0.   0.   0.   1.   0.   0.   0.   0.   0.   0.   0.
   0.   0.   0.   0.   0.   0.]
216000 loops cons: [584. 179.  90.  39.  32.  19.  11.   8.   6.   6.   7.   2.   5.   4.
   1.   3.   0.   1.   1.   2.   0.   1.   1.   1.   1.   0.   1.   0.
   0.   0.   0.   0.   0.   0.   1.   0.   0.   0.   0.   0.   0.   0.
   0.   0.   0.   0.   0.   0.]
220800 loops cons: [596. 184.  91.  39.  34.  19.  12.   8.   6.   6.   7.   2.   5.   4.
   1.   3.   0.   1.   1.   2.   0.   1.   1.   1.   1.   0.   1.   0.
   0.   0.   0.   0.   0.   0.   1.   0.   0.   0.   0.   0.   0.   0.
   0.   0.   0.   0.   0.   0.]
225600 loops cons: [613. 187.  92.  43.  34.  21.  12.   8.   6.   6.   7.   2.   5.   4.
   1.   3.   0.   1.   1.   2.   0.   1.   1.   1.   1.   0.   1.   0.
   0.   0.   0.   0.   0.   0.   1.   0.   0.   0.   0.   0.   0.   0.
   0.   0.   0.   0.   0.   0.]
230400 loops cons: [621. 190.  92.  44.  34.  21.  13.   8.   6.   6.   7.   2.   6.   4.
   1.   3.   0.   1.   1.   2.   0.   1.   1.   1.   1.   0.   1.   0.
   0.   0.   0.   0.   0.   0.   1.   0.   0.   0.   0.   0.   0.   0.
   0.   0.   0.   0.   0.   0.]
235200 loops cons: [634. 194.  93.  45.  35.  21.  13.   8.   6.   6.   7.   2.   6.   4.
   1.   3.   0.   1.   1.   2.   0.   1.   1.   1.   1.   0.   1.   0.
   0.   0.   0.   0.   0.   0.   1.   0.   0.   0.   0.   0.   0.   0.
   0.   0.   0.   0.   0.   0.]
240000 loops cons: [648. 199.  93.  45.  35.  21.  13.   8.   6.   6.   7.   2.   6.   4.
   1.   3.   0.   1.   2.   2.   0.   1.   1.   1.   1.   0.   1.   0.
   0.   0.   0.   0.   0.   0.   1.   0.   0.   0.   0.   0.   0.   0.
   0.   0.   0.   0.   0.   0.]
244800 loops cons: [665. 206.  93.  47.  36.  21.  13.   8.   6.   6.   7.   2.   6.   4.
   1.   3.   0.   1.   2.   2.   0.   1.   1.   1.   1.   0.   1.   0.
   0.   0.   0.   0.   0.   0.   1.   0.   0.   0.   0.   0.   0.   0.
   0.   0.   0.   0.   0.   0.]
249600 loops cons: [677. 213.  96.  48.  36.  21.  13.   8.   6.   6.   7.   2.   6.   4.
   1.   3.   0.   1.   2.   2.   0.   1.   1.   1.   1.   0.   1.   0.
   0.   0.   0.   0.   0.   0.   1.   0.   0.   0.   0.   0.   0.   0.
   0.   0.   0.   0.   0.   0.]
254400 loops cons: [691. 219.  98.  50.  36.  21.  13.   8.   6.   6.   7.   2.   6.   4.
   1.   3.   0.   1.   2.   2.   0.   1.   1.   1.   1.   0.   1.   0.
   0.   0.   0.   0.   0.   0.   1.   0.   0.   0.   0.   0.   0.   0.
   0.   0.   0.   0.   0.   0.]
259200 loops cons: [705. 226. 100.  52.  36.  21.  13.   8.   7.   6.   7.   2.   6.   4.
   1.   3.   0.   1.   2.   2.   0.   1.   1.   1.   1.   0.   1.   0.
   0.   0.   0.   0.   0.   0.   1.   0.   0.   0.   0.   0.   0.   0.
   0.   0.   0.   0.   0.   0.]
264000 loops cons: [718. 232. 101.  52.  37.  22.  14.   8.   7.   7.   7.   2.   6.   4.
   1.   3.   0.   1.   2.   2.   0.   1.   1.   1.   1.   0.   1.   0.
   0.   0.   0.   0.   0.   0.   1.   0.   0.   0.   0.   0.   0.   0.
   0.   0.   0.   0.   0.   0.]
268800 loops cons: [732. 237. 103.  54.  37.  23.  14.   8.   8.   7.   7.   2.   6.   4.
   1.   3.   0.   1.   2.   2.   0.   1.   1.   1.   1.   0.   1.   0.
   0.   0.   0.   0.   0.   0.   1.   0.   0.   0.   0.   0.   0.   0.
   0.   0.   0.   0.   0.   0.]
273600 loops cons: [744. 241. 106.  55.  39.  24.  14.   8.   8.   7.   7.   2.   6.   4.
   1.   3.   0.   1.   2.   2.   0.   1.   1.   1.   1.   0.   1.   0.
   0.   1.   0.   0.   0.   0.   1.   0.   0.   0.   0.   0.   0.   0.
   0.   0.   0.   0.   0.   0.]
278400 loops cons: [755. 243. 107.  58.  39.  24.  15.   9.   8.   7.   7.   2.   6.   4.
   1.   3.   1.   1.   2.   2.   0.   1.   1.   1.   1.   0.   1.   0.
   0.   1.   0.   0.   0.   0.   1.   0.   0.   0.   0.   0.   0.   0.
   0.   0.   0.   0.   0.   0.]
283200 loops cons: [764. 246. 110.  59.  39.  24.  16.   9.   8.   7.   7.   2.   6.   4.
   1.   3.   1.   1.   2.   2.   0.   1.   1.   1.   1.   0.   1.   0.
   0.   1.   0.   0.   0.   0.   1.   0.   0.   0.   0.   0.   0.   0.
   0.   0.   0.   0.   0.   0.]
288000 loops cons: [773. 247. 113.  60.  39.  25.  17.   9.   8.   7.   7.   2.   6.   4.
   1.   3.   1.   1.   2.   2.   0.   1.   1.   1.   1.   0.   1.   0.
   0.   1.   0.   0.   0.   0.   1.   0.   0.   0.   0.   0.   0.   0.
   0.   0.   0.   0.   0.   0.]
292800 loops cons: [790. 251. 115.  60.  41.  27.  17.   9.   8.   7.   7.   2.   6.   4.
   1.   3.   1.   1.   2.   2.   0.   1.   1.   1.   1.   0.   1.   0.
   0.   1.   0.   0.   0.   0.   1.   0.   0.   0.   0.   0.   0.   0.
   0.   0.   0.   0.   0.   0.]
297600 loops cons: [802. 254. 116.  61.  41.  29.  17.   9.   8.   7.   7.   2.   6.   4.
   1.   3.   1.   1.   2.   2.   0.   1.   1.   1.   1.   0.   1.   0.
   0.   1.   0.   0.   0.   0.   1.   0.   0.   0.   0.   0.   0.   0.
   0.   0.   0.   0.   0.   0.]
302400 loops cons: [819. 259. 120.  62.  41.  29.  17.   9.   8.   7.   7.   2.   6.   4.
   1.   3.   1.   1.   2.   2.   0.   1.   1.   1.   1.   0.   1.   0.
   0.   1.   1.   0.   0.   0.   1.   0.   0.   0.   0.   0.   0.   0.
   0.   0.   0.   0.   0.   0.]
307200 loops cons: [838. 264. 121.  64.  43.  29.  18.   9.   8.   7.   7.   2.   6.   4.
   1.   3.   1.   1.   2.   2.   0.   1.   1.   1.   1.   0.   1.   0.
   0.   1.   1.   0.   0.   0.   1.   0.   0.   0.   0.   0.   0.   0.
   0.   0.   0.   0.   0.   0.]
312000 loops cons: [847. 270. 124.  66.  43.  30.  18.   9.   8.   7.   9.   2.   7.   4.
   1.   3.   1.   1.   2.   2.   0.   1.   1.   1.   1.   0.   1.   0.
   0.   1.   2.   0.   0.   0.   1.   0.   0.   0.   0.   0.   0.   0.
   0.   0.   0.   0.   0.   0.]
316800 loops cons: [865. 276. 127.  66.  43.  30.  18.   9.   8.   7.   9.   3.   7.   4.
   1.   3.   1.   1.   2.   2.   0.   1.   1.   1.   1.   0.   1.   0.
   0.   1.   2.   0.   0.   0.   1.   0.   0.   0.   0.   0.   0.   0.
   0.   0.   0.   0.   0.   0.]
321600 loops cons: [880. 279. 128.  67.  46.  31.  18.   9.   8.   7.   9.   3.   7.   4.
   1.   3.   1.   1.   2.   2.   0.   1.   1.   1.   1.   0.   1.   0.
   0.   1.   2.   0.   0.   0.   1.   0.   0.   0.   0.   0.   0.   0.
   0.   0.   0.   0.   0.   0.]
326400 loops cons: [892. 284. 132.  68.  47.  31.  18.   9.   8.   7.   9.   3.   7.   4.
   1.   3.   1.   1.   2.   2.   0.   1.   1.   1.   1.   0.   1.   0.
   0.   1.   2.   0.   0.   0.   1.   0.   0.   0.   0.   0.   0.   0.
   0.   0.   0.   0.   0.   0.]
331200 loops cons: [907. 288. 135.  68.  49.  34.  18.   9.   9.   7.  10.   3.   7.   4.
   1.   3.   2.   1.   2.   2.   0.   1.   1.   1.   1.   0.   1.   0.
   0.   1.   2.   0.   0.   0.   1.   0.   0.   0.   0.   0.   0.   0.
   0.   0.   0.   0.   0.   0.]
336000 loops cons: [919. 292. 135.  70.  49.  35.  18.   9.  11.   7.  11.   3.   7.   4.
   1.   3.   2.   2.   2.   2.   0.   1.   1.   1.   1.   0.   1.   0.
   0.   1.   2.   0.   0.   0.   1.   0.   0.   0.   0.   0.   0.   0.
   0.   0.   0.   0.   0.   0.]
340800 loops cons: [933. 294. 137.  70.  49.  35.  18.   9.  11.   7.  12.   3.   7.   5.
   1.   3.   2.   2.   2.   2.   0.   1.   1.   1.   1.   0.   1.   0.
   0.   1.   2.   0.   0.   0.   1.   0.   0.   0.   0.   0.   0.   0.
   0.   0.   0.   0.   0.   0.]
345600 loops cons: [944. 295. 138.  71.  50.  35.  19.   9.  11.   7.  12.   3.   7.   6.
   1.   3.   2.   2.   2.   2.   0.   1.   1.   1.   1.   0.   1.   0.
   0.   1.   2.   0.   0.   0.   1.   0.   0.   0.   0.   0.   0.   0.
   0.   0.   0.   0.   0.   0.]
350400 loops cons: [950. 298. 141.  71.  50.  36.  19.   9.  11.   7.  12.   3.   7.   7.
   1.   3.   2.   2.   2.   2.   0.   1.   1.   1.   1.   0.   1.   0.
   0.   1.   2.   0.   0.   0.   1.   0.   0.   0.   0.   0.   0.   0.
   0.   0.   0.   0.   0.   0.]
355200 loops cons: [969. 302. 142.  74.  50.  37.  19.   9.  11.   7.  12.   3.   7.   7.
   1.   3.   2.   2.   2.   2.   0.   1.   1.   1.   1.   0.   1.   0.
   0.   1.   2.   0.   0.   0.   1.   0.   0.   0.   0.   0.   0.   0.
   0.   0.   0.   0.   0.   0.]
360000 loops cons: [981. 305. 145.  74.  50.  39.  20.   9.  11.   7.  13.   3.   7.   7.
   1.   3.   2.   2.   2.   2.   0.   1.   1.   1.   1.   0.   1.   0.
   0.   1.   2.   0.   1.   0.   1.   0.   0.   0.   0.   0.   0.   0.
   0.   0.   0.   0.   0.   0.]
364800 loops cons: [996. 307. 148.  74.  50.  39.  21.  10.  11.   7.  13.   3.   7.   7.
   1.   3.   2.   2.   2.   2.   0.   1.   1.   1.   1.   0.   1.   0.
   0.   1.   2.   0.   1.   0.   1.   0.   0.   0.   0.   0.   0.   0.
   0.   0.   1.   0.   0.   0.]
369600 loops cons: [1.013e+03 3.120e+02 1.490e+02 7.500e+01 5.000e+01 3.900e+01 2.100e+01
 1.100e+01 1.100e+01 9.000e+00 1.300e+01 3.000e+00 7.000e+00 7.000e+00
 2.000e+00 3.000e+00 2.000e+00 2.000e+00 2.000e+00 2.000e+00 0.000e+00
 1.000e+00 1.000e+00 1.000e+00 1.000e+00 0.000e+00 1.000e+00 0.000e+00
 0.000e+00 1.000e+00 2.000e+00 0.000e+00 1.000e+00 0.000e+00 1.000e+00
 0.000e+00 0.000e+00 0.000e+00 0.000e+00 0.000e+00 0.000e+00 0.000e+00
 0.000e+00 0.000e+00 1.000e+00 0.000e+00 0.000e+00 0.000e+00]
374400 loops cons: [1.024e+03 3.170e+02 1.510e+02 7.500e+01 5.000e+01 4.000e+01 2.100e+01
 1.100e+01 1.200e+01 9.000e+00 1.300e+01 3.000e+00 7.000e+00 7.000e+00
 2.000e+00 3.000e+00 2.000e+00 2.000e+00 2.000e+00 2.000e+00 0.000e+00
 1.000e+00 1.000e+00 1.000e+00 1.000e+00 0.000e+00 1.000e+00 0.000e+00
 0.000e+00 1.000e+00 2.000e+00 0.000e+00 1.000e+00 0.000e+00 1.000e+00
 0.000e+00 0.000e+00 0.000e+00 0.000e+00 0.000e+00 0.000e+00 0.000e+00
 0.000e+00 0.000e+00 1.000e+00 0.000e+00 0.000e+00 0.000e+00]
379200 loops cons: [1.044e+03 3.230e+02 1.530e+02 7.700e+01 5.100e+01 4.100e+01 2.100e+01
 1.200e+01 1.200e+01 9.000e+00 1.300e+01 3.000e+00 7.000e+00 7.000e+00
 2.000e+00 3.000e+00 2.000e+00 2.000e+00 2.000e+00 2.000e+00 0.000e+00
 1.000e+00 1.000e+00 1.000e+00 1.000e+00 0.000e+00 1.000e+00 0.000e+00
 0.000e+00 1.000e+00 2.000e+00 0.000e+00 1.000e+00 0.000e+00 1.000e+00
 0.000e+00 0.000e+00 0.000e+00 0.000e+00 0.000e+00 0.000e+00 0.000e+00
 0.000e+00 0.000e+00 1.000e+00 0.000e+00 0.000e+00 0.000e+00]
384000 loops cons: [1.057e+03 3.340e+02 1.550e+02 8.000e+01 5.100e+01 4.200e+01 2.200e+01
 1.200e+01 1.200e+01 9.000e+00 1.300e+01 3.000e+00 7.000e+00 7.000e+00
 3.000e+00 3.000e+00 2.000e+00 2.000e+00 2.000e+00 2.000e+00 0.000e+00
 1.000e+00 1.000e+00 1.000e+00 1.000e+00 0.000e+00 1.000e+00 0.000e+00
 0.000e+00 1.000e+00 2.000e+00 0.000e+00 1.000e+00 0.000e+00 1.000e+00
 0.000e+00 0.000e+00 0.000e+00 0.000e+00 0.000e+00 0.000e+00 0.000e+00
 0.000e+00 0.000e+00 1.000e+00 0.000e+00 0.000e+00 0.000e+00]
388800 loops cons: [1.067e+03 3.370e+02 1.560e+02 8.000e+01 5.100e+01 4.300e+01 2.200e+01
 1.200e+01 1.200e+01 1.000e+01 1.300e+01 3.000e+00 7.000e+00 7.000e+00
 3.000e+00 3.000e+00 2.000e+00 2.000e+00 2.000e+00 2.000e+00 0.000e+00
 1.000e+00 1.000e+00 1.000e+00 1.000e+00 0.000e+00 1.000e+00 0.000e+00
 0.000e+00 1.000e+00 2.000e+00 0.000e+00 1.000e+00 0.000e+00 1.000e+00
 0.000e+00 0.000e+00 0.000e+00 0.000e+00 0.000e+00 0.000e+00 0.000e+00
 0.000e+00 0.000e+00 1.000e+00 0.000e+00 0.000e+00 0.000e+00]
393600 loops cons: [1.085e+03 3.420e+02 1.570e+02 8.200e+01 5.300e+01 4.400e+01 2.300e+01
 1.200e+01 1.300e+01 1.000e+01 1.300e+01 3.000e+00 7.000e+00 7.000e+00
 3.000e+00 3.000e+00 2.000e+00 2.000e+00 2.000e+00 3.000e+00 0.000e+00
 1.000e+00 1.000e+00 1.000e+00 1.000e+00 0.000e+00 1.000e+00 0.000e+00
 0.000e+00 1.000e+00 2.000e+00 0.000e+00 1.000e+00 0.000e+00 1.000e+00
 0.000e+00 0.000e+00 0.000e+00 0.000e+00 0.000e+00 0.000e+00 0.000e+00
 0.000e+00 0.000e+00 1.000e+00 0.000e+00 0.000e+00 0.000e+00]
398400 loops cons: [1.098e+03 3.490e+02 1.580e+02 8.300e+01 5.400e+01 4.500e+01 2.400e+01
 1.200e+01 1.400e+01 1.000e+01 1.300e+01 3.000e+00 7.000e+00 7.000e+00
 3.000e+00 3.000e+00 2.000e+00 2.000e+00 2.000e+00 3.000e+00 0.000e+00
 1.000e+00 1.000e+00 1.000e+00 1.000e+00 0.000e+00 1.000e+00 0.000e+00
 0.000e+00 1.000e+00 2.000e+00 0.000e+00 1.000e+00 0.000e+00 1.000e+00
 0.000e+00 0.000e+00 0.000e+00 0.000e+00 0.000e+00 0.000e+00 0.000e+00
 0.000e+00 0.000e+00 1.000e+00 0.000e+00 0.000e+00 0.000e+00]
403200 loops cons: [1.11e+03 3.50e+02 1.65e+02 8.40e+01 5.40e+01 4.50e+01 2.40e+01 1.20e+01
 1.40e+01 1.00e+01 1.30e+01 3.00e+00 7.00e+00 7.00e+00 3.00e+00 3.00e+00
 2.00e+00 2.00e+00 2.00e+00 3.00e+00 0.00e+00 1.00e+00 1.00e+00 1.00e+00
 1.00e+00 0.00e+00 1.00e+00 0.00e+00 0.00e+00 1.00e+00 2.00e+00 0.00e+00
 1.00e+00 0.00e+00 1.00e+00 0.00e+00 0.00e+00 0.00e+00 0.00e+00 0.00e+00
 0.00e+00 0.00e+00 0.00e+00 0.00e+00 1.00e+00 0.00e+00 0.00e+00 0.00e+00]
408000 loops cons: [1.118e+03 3.540e+02 1.660e+02 8.400e+01 5.500e+01 4.600e+01 2.500e+01
 1.200e+01 1.400e+01 1.000e+01 1.300e+01 3.000e+00 7.000e+00 7.000e+00
 3.000e+00 3.000e+00 2.000e+00 2.000e+00 2.000e+00 3.000e+00 0.000e+00
 1.000e+00 1.000e+00 2.000e+00 1.000e+00 0.000e+00 1.000e+00 0.000e+00
 0.000e+00 1.000e+00 2.000e+00 0.000e+00 1.000e+00 0.000e+00 1.000e+00
 0.000e+00 0.000e+00 0.000e+00 0.000e+00 0.000e+00 0.000e+00 0.000e+00
 0.000e+00 0.000e+00 1.000e+00 0.000e+00 0.000e+00 0.000e+00]
412800 loops cons: [1.135e+03 3.590e+02 1.690e+02 8.500e+01 5.500e+01 4.600e+01 2.500e+01
 1.200e+01 1.400e+01 1.000e+01 1.300e+01 3.000e+00 7.000e+00 7.000e+00
 3.000e+00 3.000e+00 2.000e+00 2.000e+00 2.000e+00 3.000e+00 0.000e+00
 1.000e+00 1.000e+00 2.000e+00 1.000e+00 0.000e+00 1.000e+00 0.000e+00
 0.000e+00 1.000e+00 2.000e+00 0.000e+00 1.000e+00 0.000e+00 1.000e+00
 0.000e+00 0.000e+00 0.000e+00 0.000e+00 0.000e+00 0.000e+00 0.000e+00
 0.000e+00 0.000e+00 1.000e+00 0.000e+00 0.000e+00 0.000e+00]
417600 loops cons: [1.149e+03 3.610e+02 1.700e+02 8.600e+01 5.500e+01 4.800e+01 2.500e+01
 1.300e+01 1.400e+01 1.000e+01 1.300e+01 3.000e+00 7.000e+00 7.000e+00
 3.000e+00 3.000e+00 2.000e+00 2.000e+00 2.000e+00 3.000e+00 0.000e+00
 1.000e+00 1.000e+00 2.000e+00 1.000e+00 0.000e+00 1.000e+00 0.000e+00
 0.000e+00 1.000e+00 2.000e+00 0.000e+00 1.000e+00 0.000e+00 1.000e+00
 0.000e+00 0.000e+00 0.000e+00 0.000e+00 0.000e+00 0.000e+00 0.000e+00
 0.000e+00 0.000e+00 1.000e+00 0.000e+00 0.000e+00 0.000e+00]
422400 loops cons: [1.164e+03 3.670e+02 1.700e+02 8.800e+01 5.500e+01 4.800e+01 2.600e+01
 1.300e+01 1.400e+01 1.000e+01 1.300e+01 3.000e+00 7.000e+00 7.000e+00
 3.000e+00 3.000e+00 2.000e+00 2.000e+00 2.000e+00 3.000e+00 0.000e+00
 1.000e+00 1.000e+00 2.000e+00 1.000e+00 0.000e+00 1.000e+00 0.000e+00
 0.000e+00 1.000e+00 2.000e+00 0.000e+00 1.000e+00 0.000e+00 1.000e+00
 0.000e+00 0.000e+00 0.000e+00 0.000e+00 0.000e+00 1.000e+00 0.000e+00
 0.000e+00 0.000e+00 1.000e+00 0.000e+00 0.000e+00 0.000e+00]
427200 loops cons: [1.17e+03 3.70e+02 1.72e+02 8.80e+01 5.60e+01 4.80e+01 2.60e+01 1.30e+01
 1.40e+01 1.00e+01 1.40e+01 3.00e+00 7.00e+00 7.00e+00 3.00e+00 3.00e+00
 2.00e+00 2.00e+00 2.00e+00 3.00e+00 0.00e+00 1.00e+00 1.00e+00 2.00e+00
 1.00e+00 0.00e+00 1.00e+00 0.00e+00 0.00e+00 1.00e+00 2.00e+00 0.00e+00
 1.00e+00 0.00e+00 1.00e+00 0.00e+00 0.00e+00 0.00e+00 0.00e+00 0.00e+00
 1.00e+00 0.00e+00 0.00e+00 0.00e+00 1.00e+00 0.00e+00 0.00e+00 0.00e+00]
432000 loops cons: [1.186e+03 3.720e+02 1.750e+02 9.000e+01 5.700e+01 4.800e+01 2.600e+01
 1.300e+01 1.400e+01 1.000e+01 1.400e+01 3.000e+00 7.000e+00 7.000e+00
 3.000e+00 3.000e+00 2.000e+00 2.000e+00 2.000e+00 3.000e+00 0.000e+00
 1.000e+00 1.000e+00 2.000e+00 1.000e+00 0.000e+00 1.000e+00 0.000e+00
 0.000e+00 1.000e+00 2.000e+00 0.000e+00 1.000e+00 0.000e+00 1.000e+00
 0.000e+00 0.000e+00 0.000e+00 0.000e+00 0.000e+00 1.000e+00 0.000e+00
 0.000e+00 0.000e+00 1.000e+00 0.000e+00 0.000e+00 0.000e+00]
436800 loops cons: [1.20e+03 3.73e+02 1.78e+02 9.10e+01 5.70e+01 4.90e+01 2.60e+01 1.30e+01
 1.50e+01 1.00e+01 1.40e+01 3.00e+00 7.00e+00 7.00e+00 3.00e+00 3.00e+00
 2.00e+00 2.00e+00 2.00e+00 3.00e+00 0.00e+00 1.00e+00 1.00e+00 2.00e+00
 1.00e+00 0.00e+00 1.00e+00 0.00e+00 0.00e+00 1.00e+00 2.00e+00 0.00e+00
 1.00e+00 0.00e+00 1.00e+00 0.00e+00 0.00e+00 0.00e+00 0.00e+00 0.00e+00
 1.00e+00 0.00e+00 0.00e+00 0.00e+00 1.00e+00 0.00e+00 0.00e+00 0.00e+00]
441600 loops cons: [1.207e+03 3.800e+02 1.800e+02 9.100e+01 5.800e+01 5.000e+01 2.600e+01
 1.300e+01 1.500e+01 1.000e+01 1.400e+01 4.000e+00 7.000e+00 7.000e+00
 3.000e+00 3.000e+00 2.000e+00 2.000e+00 2.000e+00 3.000e+00 0.000e+00
 1.000e+00 1.000e+00 2.000e+00 1.000e+00 0.000e+00 1.000e+00 0.000e+00
 0.000e+00 1.000e+00 2.000e+00 0.000e+00 1.000e+00 0.000e+00 1.000e+00
 0.000e+00 0.000e+00 0.000e+00 0.000e+00 0.000e+00 1.000e+00 0.000e+00
 0.000e+00 0.000e+00 1.000e+00 0.000e+00 0.000e+00 0.000e+00]
446400 loops cons: [1.215e+03 3.820e+02 1.820e+02 9.200e+01 5.800e+01 5.000e+01 2.600e+01
 1.300e+01 1.500e+01 1.000e+01 1.400e+01 4.000e+00 7.000e+00 7.000e+00
 3.000e+00 3.000e+00 2.000e+00 2.000e+00 2.000e+00 3.000e+00 0.000e+00
 1.000e+00 1.000e+00 2.000e+00 1.000e+00 0.000e+00 1.000e+00 0.000e+00
 0.000e+00 1.000e+00 2.000e+00 0.000e+00 1.000e+00 0.000e+00 1.000e+00
 0.000e+00 0.000e+00 0.000e+00 0.000e+00 0.000e+00 1.000e+00 0.000e+00
 0.000e+00 0.000e+00 1.000e+00 0.000e+00 0.000e+00 0.000e+00]
451200 loops cons: [1.228e+03 3.900e+02 1.850e+02 9.200e+01 5.800e+01 5.000e+01 2.600e+01
 1.300e+01 1.600e+01 1.000e+01 1.400e+01 4.000e+00 7.000e+00 7.000e+00
 3.000e+00 3.000e+00 2.000e+00 2.000e+00 2.000e+00 3.000e+00 0.000e+00
 1.000e+00 1.000e+00 2.000e+00 1.000e+00 0.000e+00 1.000e+00 0.000e+00
 0.000e+00 1.000e+00 2.000e+00 0.000e+00 1.000e+00 0.000e+00 1.000e+00
 0.000e+00 0.000e+00 0.000e+00 0.000e+00 0.000e+00 1.000e+00 0.000e+00
 0.000e+00 0.000e+00 1.000e+00 0.000e+00 0.000e+00 0.000e+00]
456000 loops cons: [1.24e+03 3.94e+02 1.86e+02 9.20e+01 5.80e+01 5.00e+01 2.60e+01 1.40e+01
 1.60e+01 1.00e+01 1.40e+01 4.00e+00 7.00e+00 7.00e+00 3.00e+00 3.00e+00
 3.00e+00 2.00e+00 2.00e+00 3.00e+00 0.00e+00 1.00e+00 1.00e+00 2.00e+00
 1.00e+00 0.00e+00 1.00e+00 0.00e+00 0.00e+00 1.00e+00 2.00e+00 0.00e+00
 1.00e+00 0.00e+00 1.00e+00 0.00e+00 0.00e+00 0.00e+00 0.00e+00 0.00e+00
 1.00e+00 0.00e+00 0.00e+00 0.00e+00 1.00e+00 0.00e+00 0.00e+00 0.00e+00]
460800 loops cons: [1.246e+03 3.970e+02 1.870e+02 9.200e+01 5.800e+01 5.100e+01 2.600e+01
 1.400e+01 1.600e+01 1.000e+01 1.400e+01 4.000e+00 7.000e+00 7.000e+00
 3.000e+00 3.000e+00 3.000e+00 2.000e+00 2.000e+00 3.000e+00 0.000e+00
 1.000e+00 1.000e+00 2.000e+00 1.000e+00 0.000e+00 1.000e+00 0.000e+00
 0.000e+00 1.000e+00 2.000e+00 0.000e+00 1.000e+00 0.000e+00 1.000e+00
 0.000e+00 0.000e+00 0.000e+00 0.000e+00 0.000e+00 1.000e+00 0.000e+00
 0.000e+00 0.000e+00 1.000e+00 0.000e+00 0.000e+00 0.000e+00]
465600 loops cons: [1.258e+03 4.000e+02 1.870e+02 9.300e+01 6.000e+01 5.100e+01 2.700e+01
 1.400e+01 1.600e+01 1.000e+01 1.400e+01 4.000e+00 7.000e+00 7.000e+00
 3.000e+00 3.000e+00 3.000e+00 2.000e+00 2.000e+00 3.000e+00 0.000e+00
 1.000e+00 1.000e+00 2.000e+00 1.000e+00 0.000e+00 1.000e+00 0.000e+00
 0.000e+00 1.000e+00 2.000e+00 0.000e+00 1.000e+00 0.000e+00 1.000e+00
 0.000e+00 0.000e+00 0.000e+00 0.000e+00 0.000e+00 1.000e+00 0.000e+00
 0.000e+00 0.000e+00 1.000e+00 0.000e+00 0.000e+00 0.000e+00]
470400 loops cons: [1.268e+03 4.040e+02 1.900e+02 9.400e+01 6.100e+01 5.100e+01 2.700e+01
 1.400e+01 1.600e+01 1.000e+01 1.400e+01 4.000e+00 7.000e+00 7.000e+00
 3.000e+00 3.000e+00 3.000e+00 2.000e+00 2.000e+00 3.000e+00 0.000e+00
 1.000e+00 1.000e+00 2.000e+00 1.000e+00 0.000e+00 1.000e+00 0.000e+00
 0.000e+00 1.000e+00 2.000e+00 0.000e+00 1.000e+00 0.000e+00 1.000e+00
 0.000e+00 0.000e+00 0.000e+00 0.000e+00 0.000e+00 1.000e+00 0.000e+00
 0.000e+00 0.000e+00 1.000e+00 0.000e+00 0.000e+00 0.000e+00]
475200 loops cons: [1.281e+03 4.080e+02 1.900e+02 9.400e+01 6.100e+01 5.200e+01 2.700e+01
 1.400e+01 1.600e+01 1.100e+01 1.400e+01 4.000e+00 7.000e+00 7.000e+00
 3.000e+00 3.000e+00 3.000e+00 2.000e+00 2.000e+00 3.000e+00 0.000e+00
 1.000e+00 1.000e+00 2.000e+00 1.000e+00 0.000e+00 1.000e+00 0.000e+00
 0.000e+00 1.000e+00 2.000e+00 0.000e+00 1.000e+00 0.000e+00 1.000e+00
 0.000e+00 0.000e+00 0.000e+00 0.000e+00 0.000e+00 1.000e+00 0.000e+00
 0.000e+00 0.000e+00 1.000e+00 0.000e+00 0.000e+00 0.000e+00]
480000 loops cons: [1.294e+03 4.120e+02 1.920e+02 9.400e+01 6.300e+01 5.300e+01 2.800e+01
 1.400e+01 1.600e+01 1.100e+01 1.400e+01 4.000e+00 7.000e+00 7.000e+00
 3.000e+00 3.000e+00 3.000e+00 2.000e+00 2.000e+00 3.000e+00 0.000e+00
 1.000e+00 1.000e+00 2.000e+00 1.000e+00 0.000e+00 1.000e+00 0.000e+00
 0.000e+00 1.000e+00 2.000e+00 0.000e+00 1.000e+00 0.000e+00 1.000e+00
 0.000e+00 0.000e+00 0.000e+00 0.000e+00 0.000e+00 1.000e+00 0.000e+00
 0.000e+00 0.000e+00 1.000e+00 0.000e+00 0.000e+00 0.000e+00]
484800 loops cons: [1.305e+03 4.150e+02 1.960e+02 9.500e+01 6.300e+01 5.400e+01 2.900e+01
 1.400e+01 1.700e+01 1.100e+01 1.400e+01 4.000e+00 7.000e+00 7.000e+00
 3.000e+00 3.000e+00 3.000e+00 2.000e+00 2.000e+00 3.000e+00 0.000e+00
 1.000e+00 1.000e+00 2.000e+00 1.000e+00 0.000e+00 1.000e+00 0.000e+00
 0.000e+00 1.000e+00 2.000e+00 0.000e+00 1.000e+00 0.000e+00 1.000e+00
 0.000e+00 0.000e+00 0.000e+00 0.000e+00 0.000e+00 1.000e+00 0.000e+00
 0.000e+00 0.000e+00 1.000e+00 0.000e+00 0.000e+00 0.000e+00]
489600 loops cons: [1.316e+03 4.170e+02 1.970e+02 9.700e+01 6.300e+01 5.400e+01 2.900e+01
 1.400e+01 1.700e+01 1.200e+01 1.400e+01 4.000e+00 7.000e+00 7.000e+00
 3.000e+00 4.000e+00 3.000e+00 2.000e+00 2.000e+00 3.000e+00 0.000e+00
 1.000e+00 1.000e+00 2.000e+00 1.000e+00 0.000e+00 1.000e+00 0.000e+00
 0.000e+00 1.000e+00 2.000e+00 0.000e+00 1.000e+00 0.000e+00 1.000e+00
 0.000e+00 0.000e+00 0.000e+00 0.000e+00 0.000e+00 1.000e+00 0.000e+00
 0.000e+00 0.000e+00 1.000e+00 0.000e+00 0.000e+00 0.000e+00]
494400 loops cons: [1.334e+03 4.180e+02 2.010e+02 9.800e+01 6.300e+01 5.400e+01 2.900e+01
 1.500e+01 1.700e+01 1.200e+01 1.400e+01 4.000e+00 7.000e+00 7.000e+00
 3.000e+00 4.000e+00 3.000e+00 2.000e+00 2.000e+00 3.000e+00 0.000e+00
 1.000e+00 1.000e+00 2.000e+00 1.000e+00 0.000e+00 1.000e+00 0.000e+00
 0.000e+00 1.000e+00 2.000e+00 0.000e+00 1.000e+00 0.000e+00 1.000e+00
 0.000e+00 0.000e+00 0.000e+00 0.000e+00 0.000e+00 1.000e+00 0.000e+00
 0.000e+00 0.000e+00 1.000e+00 0.000e+00 0.000e+00 0.000e+00]
499200 loops cons: [1.342e+03 4.210e+02 2.010e+02 1.000e+02 6.400e+01 5.500e+01 2.900e+01
 1.700e+01 1.700e+01 1.200e+01 1.400e+01 4.000e+00 7.000e+00 7.000e+00
 3.000e+00 4.000e+00 3.000e+00 2.000e+00 2.000e+00 3.000e+00 0.000e+00
 1.000e+00 1.000e+00 2.000e+00 1.000e+00 0.000e+00 1.000e+00 0.000e+00
 0.000e+00 1.000e+00 2.000e+00 0.000e+00 1.000e+00 0.000e+00 1.000e+00
 0.000e+00 0.000e+00 0.000e+00 0.000e+00 0.000e+00 1.000e+00 0.000e+00
 0.000e+00 0.000e+00 1.000e+00 0.000e+00 0.000e+00 0.000e+00]
504000 loops cons: [1.351e+03 4.270e+02 2.020e+02 1.020e+02 6.400e+01 5.600e+01 2.900e+01
 1.700e+01 1.700e+01 1.200e+01 1.500e+01 4.000e+00 7.000e+00 7.000e+00
 3.000e+00 5.000e+00 3.000e+00 2.000e+00 2.000e+00 3.000e+00 0.000e+00
 1.000e+00 1.000e+00 2.000e+00 1.000e+00 0.000e+00 1.000e+00 0.000e+00
 0.000e+00 1.000e+00 2.000e+00 0.000e+00 1.000e+00 0.000e+00 1.000e+00
 0.000e+00 0.000e+00 0.000e+00 0.000e+00 0.000e+00 1.000e+00 0.000e+00
 0.000e+00 0.000e+00 1.000e+00 0.000e+00 0.000e+00 0.000e+00]
508800 loops cons: [1.368e+03 4.330e+02 2.020e+02 1.030e+02 6.500e+01 5.700e+01 2.900e+01
 1.700e+01 1.700e+01 1.200e+01 1.500e+01 4.000e+00 7.000e+00 7.000e+00
 3.000e+00 5.000e+00 3.000e+00 2.000e+00 2.000e+00 3.000e+00 1.000e+00
 1.000e+00 1.000e+00 2.000e+00 1.000e+00 0.000e+00 1.000e+00 0.000e+00
 0.000e+00 1.000e+00 2.000e+00 0.000e+00 1.000e+00 0.000e+00 1.000e+00
 0.000e+00 0.000e+00 0.000e+00 0.000e+00 0.000e+00 1.000e+00 0.000e+00
 0.000e+00 0.000e+00 1.000e+00 0.000e+00 0.000e+00 0.000e+00]
513600 loops cons: [1.38e+03 4.36e+02 2.05e+02 1.07e+02 6.50e+01 5.80e+01 2.90e+01 1.70e+01
 1.70e+01 1.30e+01 1.60e+01 4.00e+00 7.00e+00 7.00e+00 3.00e+00 5.00e+00
 3.00e+00 2.00e+00 2.00e+00 3.00e+00 1.00e+00 1.00e+00 1.00e+00 2.00e+00
 1.00e+00 0.00e+00 1.00e+00 0.00e+00 0.00e+00 1.00e+00 2.00e+00 0.00e+00
 1.00e+00 0.00e+00 1.00e+00 0.00e+00 0.00e+00 0.00e+00 0.00e+00 0.00e+00
 1.00e+00 0.00e+00 0.00e+00 0.00e+00 1.00e+00 0.00e+00 0.00e+00 0.00e+00]
518400 loops cons: [1.393e+03 4.390e+02 2.050e+02 1.080e+02 6.600e+01 5.900e+01 2.900e+01
 1.700e+01 1.800e+01 1.300e+01 1.600e+01 4.000e+00 7.000e+00 7.000e+00
 3.000e+00 5.000e+00 3.000e+00 3.000e+00 2.000e+00 3.000e+00 1.000e+00
 1.000e+00 1.000e+00 2.000e+00 1.000e+00 0.000e+00 1.000e+00 0.000e+00
 0.000e+00 1.000e+00 2.000e+00 0.000e+00 1.000e+00 0.000e+00 1.000e+00
 0.000e+00 0.000e+00 0.000e+00 0.000e+00 0.000e+00 1.000e+00 0.000e+00
 0.000e+00 0.000e+00 1.000e+00 0.000e+00 0.000e+00 0.000e+00]
523200 loops cons: [1.406e+03 4.460e+02 2.070e+02 1.100e+02 6.700e+01 5.900e+01 3.100e+01
 1.700e+01 1.800e+01 1.300e+01 1.600e+01 4.000e+00 7.000e+00 7.000e+00
 3.000e+00 5.000e+00 3.000e+00 3.000e+00 2.000e+00 3.000e+00 1.000e+00
 1.000e+00 1.000e+00 2.000e+00 1.000e+00 0.000e+00 1.000e+00 0.000e+00
 0.000e+00 1.000e+00 2.000e+00 0.000e+00 1.000e+00 0.000e+00 1.000e+00
 0.000e+00 0.000e+00 0.000e+00 0.000e+00 0.000e+00 1.000e+00 0.000e+00
 0.000e+00 0.000e+00 1.000e+00 0.000e+00 0.000e+00 0.000e+00]
528000 loops cons: [1.42e+03 4.51e+02 2.08e+02 1.13e+02 6.70e+01 5.90e+01 3.20e+01 1.70e+01
 1.80e+01 1.30e+01 1.70e+01 4.00e+00 8.00e+00 7.00e+00 3.00e+00 5.00e+00
 3.00e+00 3.00e+00 2.00e+00 4.00e+00 1.00e+00 1.00e+00 1.00e+00 2.00e+00
 1.00e+00 0.00e+00 1.00e+00 0.00e+00 0.00e+00 1.00e+00 2.00e+00 0.00e+00
 1.00e+00 0.00e+00 1.00e+00 0.00e+00 0.00e+00 0.00e+00 0.00e+00 0.00e+00
 1.00e+00 0.00e+00 0.00e+00 0.00e+00 1.00e+00 0.00e+00 0.00e+00 0.00e+00]
532800 loops cons: [1.433e+03 4.600e+02 2.090e+02 1.130e+02 6.700e+01 5.900e+01 3.200e+01
 1.800e+01 1.800e+01 1.300e+01 1.700e+01 4.000e+00 8.000e+00 8.000e+00
 3.000e+00 5.000e+00 3.000e+00 3.000e+00 2.000e+00 4.000e+00 1.000e+00
 1.000e+00 1.000e+00 2.000e+00 1.000e+00 0.000e+00 1.000e+00 0.000e+00
 0.000e+00 1.000e+00 2.000e+00 0.000e+00 1.000e+00 0.000e+00 1.000e+00
 0.000e+00 0.000e+00 0.000e+00 0.000e+00 0.000e+00 1.000e+00 0.000e+00
 0.000e+00 0.000e+00 1.000e+00 0.000e+00 0.000e+00 0.000e+00]
537600 loops cons: [1.449e+03 4.660e+02 2.110e+02 1.130e+02 6.700e+01 5.900e+01 3.300e+01
 1.800e+01 1.800e+01 1.300e+01 1.800e+01 4.000e+00 8.000e+00 8.000e+00
 3.000e+00 5.000e+00 3.000e+00 3.000e+00 2.000e+00 4.000e+00 1.000e+00
 1.000e+00 1.000e+00 2.000e+00 1.000e+00 0.000e+00 1.000e+00 0.000e+00
 0.000e+00 1.000e+00 2.000e+00 0.000e+00 1.000e+00 0.000e+00 1.000e+00
 0.000e+00 0.000e+00 0.000e+00 0.000e+00 1.000e+00 1.000e+00 0.000e+00
 0.000e+00 0.000e+00 1.000e+00 0.000e+00 0.000e+00 0.000e+00]
542400 loops cons: [1.465e+03 4.670e+02 2.150e+02 1.130e+02 6.800e+01 5.900e+01 3.300e+01
 1.800e+01 1.800e+01 1.300e+01 1.800e+01 4.000e+00 8.000e+00 8.000e+00
 3.000e+00 5.000e+00 3.000e+00 3.000e+00 2.000e+00 4.000e+00 1.000e+00
 1.000e+00 1.000e+00 2.000e+00 1.000e+00 0.000e+00 1.000e+00 0.000e+00
 0.000e+00 1.000e+00 2.000e+00 0.000e+00 1.000e+00 0.000e+00 1.000e+00
 0.000e+00 0.000e+00 0.000e+00 0.000e+00 1.000e+00 1.000e+00 0.000e+00
 0.000e+00 0.000e+00 1.000e+00 0.000e+00 0.000e+00 0.000e+00]
547200 loops cons: [1.476e+03 4.700e+02 2.150e+02 1.150e+02 6.800e+01 5.900e+01 3.300e+01
 1.900e+01 1.800e+01 1.300e+01 1.800e+01 4.000e+00 8.000e+00 8.000e+00
 4.000e+00 5.000e+00 3.000e+00 3.000e+00 2.000e+00 4.000e+00 1.000e+00
 1.000e+00 1.000e+00 2.000e+00 1.000e+00 0.000e+00 1.000e+00 0.000e+00
 0.000e+00 1.000e+00 2.000e+00 0.000e+00 1.000e+00 0.000e+00 1.000e+00
 0.000e+00 0.000e+00 0.000e+00 0.000e+00 1.000e+00 1.000e+00 0.000e+00
 0.000e+00 0.000e+00 1.000e+00 0.000e+00 0.000e+00 0.000e+00]
552000 loops cons: [1.486e+03 4.720e+02 2.200e+02 1.160e+02 7.000e+01 5.900e+01 3.300e+01
 1.900e+01 1.800e+01 1.300e+01 1.800e+01 4.000e+00 8.000e+00 8.000e+00
 4.000e+00 5.000e+00 3.000e+00 3.000e+00 2.000e+00 4.000e+00 1.000e+00
 1.000e+00 1.000e+00 2.000e+00 1.000e+00 0.000e+00 1.000e+00 0.000e+00
 0.000e+00 1.000e+00 2.000e+00 0.000e+00 1.000e+00 0.000e+00 1.000e+00
 0.000e+00 0.000e+00 0.000e+00 0.000e+00 1.000e+00 1.000e+00 0.000e+00
 0.000e+00 0.000e+00 1.000e+00 0.000e+00 0.000e+00 0.000e+00]
556800 loops cons: [1.50e+03 4.78e+02 2.21e+02 1.19e+02 7.00e+01 5.90e+01 3.30e+01 1.90e+01
 1.80e+01 1.30e+01 1.80e+01 4.00e+00 8.00e+00 8.00e+00 4.00e+00 5.00e+00
 3.00e+00 3.00e+00 2.00e+00 4.00e+00 1.00e+00 1.00e+00 1.00e+00 2.00e+00
 1.00e+00 0.00e+00 1.00e+00 0.00e+00 0.00e+00 1.00e+00 2.00e+00 0.00e+00
 1.00e+00 0.00e+00 1.00e+00 0.00e+00 0.00e+00 0.00e+00 0.00e+00 1.00e+00
 1.00e+00 0.00e+00 0.00e+00 0.00e+00 1.00e+00 0.00e+00 0.00e+00 0.00e+00]
561600 loops cons: [1.52e+03 4.82e+02 2.23e+02 1.19e+02 7.00e+01 5.90e+01 3.30e+01 1.90e+01
 1.80e+01 1.30e+01 1.80e+01 5.00e+00 8.00e+00 8.00e+00 4.00e+00 5.00e+00
 3.00e+00 3.00e+00 2.00e+00 4.00e+00 1.00e+00 1.00e+00 1.00e+00 2.00e+00
 1.00e+00 0.00e+00 1.00e+00 0.00e+00 0.00e+00 1.00e+00 2.00e+00 0.00e+00
 1.00e+00 0.00e+00 1.00e+00 0.00e+00 0.00e+00 0.00e+00 0.00e+00 1.00e+00
 1.00e+00 0.00e+00 0.00e+00 0.00e+00 1.00e+00 0.00e+00 0.00e+00 0.00e+00]
566400 loops cons: [1.532e+03 4.840e+02 2.270e+02 1.210e+02 7.000e+01 5.900e+01 3.300e+01
 2.100e+01 1.800e+01 1.300e+01 1.800e+01 5.000e+00 8.000e+00 8.000e+00
 4.000e+00 5.000e+00 3.000e+00 3.000e+00 2.000e+00 4.000e+00 1.000e+00
 1.000e+00 1.000e+00 2.000e+00 1.000e+00 0.000e+00 1.000e+00 0.000e+00
 0.000e+00 1.000e+00 2.000e+00 0.000e+00 1.000e+00 0.000e+00 1.000e+00
 0.000e+00 0.000e+00 0.000e+00 0.000e+00 1.000e+00 1.000e+00 0.000e+00
 0.000e+00 0.000e+00 1.000e+00 0.000e+00 0.000e+00 0.000e+00]
571200 loops cons: [1.544e+03 4.860e+02 2.290e+02 1.220e+02 7.000e+01 5.900e+01 3.300e+01
 2.100e+01 1.800e+01 1.300e+01 1.800e+01 5.000e+00 8.000e+00 8.000e+00
 4.000e+00 5.000e+00 3.000e+00 3.000e+00 2.000e+00 4.000e+00 1.000e+00
 1.000e+00 1.000e+00 2.000e+00 1.000e+00 0.000e+00 1.000e+00 0.000e+00
 0.000e+00 1.000e+00 2.000e+00 0.000e+00 1.000e+00 0.000e+00 2.000e+00
 0.000e+00 0.000e+00 0.000e+00 0.000e+00 1.000e+00 1.000e+00 0.000e+00
 0.000e+00 0.000e+00 1.000e+00 0.000e+00 0.000e+00 0.000e+00]
576000 loops cons: [1.559e+03 4.920e+02 2.310e+02 1.240e+02 7.100e+01 6.000e+01 3.300e+01
 2.100e+01 1.800e+01 1.400e+01 1.800e+01 5.000e+00 8.000e+00 8.000e+00
 4.000e+00 5.000e+00 3.000e+00 3.000e+00 2.000e+00 4.000e+00 1.000e+00
 1.000e+00 1.000e+00 2.000e+00 1.000e+00 0.000e+00 1.000e+00 0.000e+00
 0.000e+00 1.000e+00 2.000e+00 0.000e+00 1.000e+00 0.000e+00 2.000e+00
 0.000e+00 0.000e+00 0.000e+00 0.000e+00 1.000e+00 1.000e+00 0.000e+00
 0.000e+00 0.000e+00 1.000e+00 0.000e+00 0.000e+00 0.000e+00]
580800 loops cons: [1.574e+03 4.960e+02 2.370e+02 1.240e+02 7.200e+01 6.000e+01 3.300e+01
 2.100e+01 1.800e+01 1.400e+01 1.800e+01 5.000e+00 8.000e+00 8.000e+00
 4.000e+00 5.000e+00 3.000e+00 3.000e+00 2.000e+00 4.000e+00 1.000e+00
 1.000e+00 1.000e+00 2.000e+00 1.000e+00 0.000e+00 1.000e+00 0.000e+00
 0.000e+00 1.000e+00 2.000e+00 0.000e+00 1.000e+00 0.000e+00 2.000e+00
 0.000e+00 0.000e+00 0.000e+00 0.000e+00 1.000e+00 1.000e+00 0.000e+00
 0.000e+00 0.000e+00 1.000e+00 0.000e+00 0.000e+00 0.000e+00]
585600 loops cons: [1.584e+03 5.030e+02 2.390e+02 1.240e+02 7.300e+01 6.100e+01 3.300e+01
 2.100e+01 1.800e+01 1.400e+01 1.800e+01 5.000e+00 8.000e+00 8.000e+00
 4.000e+00 5.000e+00 3.000e+00 3.000e+00 2.000e+00 4.000e+00 1.000e+00
 1.000e+00 1.000e+00 2.000e+00 1.000e+00 0.000e+00 1.000e+00 0.000e+00
 0.000e+00 1.000e+00 2.000e+00 0.000e+00 1.000e+00 0.000e+00 2.000e+00
 0.000e+00 0.000e+00 0.000e+00 0.000e+00 1.000e+00 1.000e+00 0.000e+00
 0.000e+00 0.000e+00 1.000e+00 0.000e+00 0.000e+00 0.000e+00]
590400 loops cons: [1.597e+03 5.030e+02 2.420e+02 1.250e+02 7.300e+01 6.100e+01 3.300e+01
 2.100e+01 1.800e+01 1.500e+01 1.800e+01 5.000e+00 8.000e+00 8.000e+00
 4.000e+00 6.000e+00 3.000e+00 3.000e+00 2.000e+00 4.000e+00 1.000e+00
 1.000e+00 1.000e+00 2.000e+00 1.000e+00 0.000e+00 1.000e+00 0.000e+00
 0.000e+00 1.000e+00 2.000e+00 0.000e+00 1.000e+00 0.000e+00 2.000e+00
 0.000e+00 0.000e+00 0.000e+00 0.000e+00 1.000e+00 1.000e+00 0.000e+00
 0.000e+00 0.000e+00 1.000e+00 0.000e+00 0.000e+00 0.000e+00]
595200 loops cons: [1.607e+03 5.080e+02 2.420e+02 1.260e+02 7.300e+01 6.100e+01 3.300e+01
 2.200e+01 1.800e+01 1.500e+01 1.800e+01 5.000e+00 8.000e+00 8.000e+00
 4.000e+00 7.000e+00 3.000e+00 3.000e+00 2.000e+00 4.000e+00 1.000e+00
 1.000e+00 1.000e+00 2.000e+00 1.000e+00 0.000e+00 1.000e+00 0.000e+00
 0.000e+00 1.000e+00 2.000e+00 0.000e+00 1.000e+00 0.000e+00 2.000e+00
 0.000e+00 0.000e+00 0.000e+00 0.000e+00 1.000e+00 1.000e+00 0.000e+00
 0.000e+00 0.000e+00 1.000e+00 0.000e+00 0.000e+00 0.000e+00]
600000 loops cons: [1.622e+03 5.120e+02 2.430e+02 1.260e+02 7.400e+01 6.200e+01 3.300e+01
 2.200e+01 1.800e+01 1.500e+01 1.800e+01 5.000e+00 8.000e+00 8.000e+00
 4.000e+00 7.000e+00 3.000e+00 3.000e+00 2.000e+00 4.000e+00 1.000e+00
 1.000e+00 1.000e+00 2.000e+00 1.000e+00 0.000e+00 1.000e+00 0.000e+00
 0.000e+00 1.000e+00 2.000e+00 0.000e+00 1.000e+00 0.000e+00 2.000e+00
 0.000e+00 0.000e+00 0.000e+00 0.000e+00 1.000e+00 1.000e+00 0.000e+00
 0.000e+00 0.000e+00 1.000e+00 0.000e+00 0.000e+00 0.000e+00]
604800 loops cons: [1.635e+03 5.150e+02 2.440e+02 1.270e+02 7.400e+01 6.200e+01 3.400e+01
 2.200e+01 1.900e+01 1.500e+01 1.800e+01 5.000e+00 8.000e+00 8.000e+00
 4.000e+00 8.000e+00 3.000e+00 3.000e+00 2.000e+00 4.000e+00 1.000e+00
 1.000e+00 1.000e+00 2.000e+00 1.000e+00 0.000e+00 1.000e+00 0.000e+00
 0.000e+00 1.000e+00 2.000e+00 0.000e+00 1.000e+00 0.000e+00 2.000e+00
 0.000e+00 0.000e+00 0.000e+00 0.000e+00 1.000e+00 1.000e+00 0.000e+00
 0.000e+00 0.000e+00 1.000e+00 0.000e+00 0.000e+00 0.000e+00]
609600 loops cons: [1.645e+03 5.220e+02 2.460e+02 1.270e+02 7.500e+01 6.200e+01 3.400e+01
 2.200e+01 1.900e+01 1.500e+01 1.800e+01 5.000e+00 8.000e+00 8.000e+00
 4.000e+00 8.000e+00 3.000e+00 3.000e+00 2.000e+00 4.000e+00 1.000e+00
 1.000e+00 1.000e+00 2.000e+00 1.000e+00 0.000e+00 1.000e+00 0.000e+00
 0.000e+00 1.000e+00 2.000e+00 0.000e+00 1.000e+00 0.000e+00 2.000e+00
 0.000e+00 0.000e+00 0.000e+00 0.000e+00 1.000e+00 1.000e+00 0.000e+00
 0.000e+00 0.000e+00 1.000e+00 0.000e+00 0.000e+00 0.000e+00]
614400 loops cons: [1.663e+03 5.270e+02 2.490e+02 1.270e+02 7.600e+01 6.500e+01 3.500e+01
 2.200e+01 1.900e+01 1.500e+01 1.800e+01 5.000e+00 8.000e+00 9.000e+00
 4.000e+00 8.000e+00 3.000e+00 3.000e+00 2.000e+00 4.000e+00 1.000e+00
 1.000e+00 1.000e+00 2.000e+00 1.000e+00 0.000e+00 1.000e+00 0.000e+00
 0.000e+00 1.000e+00 2.000e+00 0.000e+00 1.000e+00 0.000e+00 2.000e+00
 0.000e+00 0.000e+00 0.000e+00 0.000e+00 1.000e+00 1.000e+00 0.000e+00
 0.000e+00 0.000e+00 1.000e+00 0.000e+00 0.000e+00 0.000e+00]
619200 loops cons: [1.677e+03 5.280e+02 2.530e+02 1.270e+02 7.700e+01 6.500e+01 3.500e+01
 2.200e+01 1.900e+01 1.500e+01 1.800e+01 5.000e+00 8.000e+00 9.000e+00
 5.000e+00 8.000e+00 3.000e+00 3.000e+00 2.000e+00 4.000e+00 1.000e+00
 1.000e+00 1.000e+00 2.000e+00 1.000e+00 0.000e+00 1.000e+00 0.000e+00
 0.000e+00 1.000e+00 2.000e+00 0.000e+00 1.000e+00 0.000e+00 2.000e+00
 0.000e+00 0.000e+00 0.000e+00 0.000e+00 1.000e+00 1.000e+00 0.000e+00
 0.000e+00 0.000e+00 1.000e+00 0.000e+00 0.000e+00 0.000e+00]
624000 loops cons: [1.70e+03 5.31e+02 2.54e+02 1.27e+02 7.70e+01 6.50e+01 3.50e+01 2.20e+01
 2.00e+01 1.50e+01 1.80e+01 5.00e+00 8.00e+00 9.00e+00 5.00e+00 8.00e+00
 3.00e+00 3.00e+00 2.00e+00 4.00e+00 1.00e+00 1.00e+00 1.00e+00 2.00e+00
 1.00e+00 0.00e+00 1.00e+00 0.00e+00 0.00e+00 1.00e+00 2.00e+00 0.00e+00
 2.00e+00 0.00e+00 2.00e+00 0.00e+00 0.00e+00 0.00e+00 0.00e+00 1.00e+00
 1.00e+00 0.00e+00 0.00e+00 0.00e+00 1.00e+00 0.00e+00 0.00e+00 0.00e+00]
628800 loops cons: [1.712e+03 5.350e+02 2.550e+02 1.270e+02 7.800e+01 6.500e+01 3.600e+01
 2.200e+01 2.000e+01 1.500e+01 1.800e+01 5.000e+00 8.000e+00 9.000e+00
 5.000e+00 8.000e+00 3.000e+00 3.000e+00 2.000e+00 4.000e+00 1.000e+00
 1.000e+00 1.000e+00 2.000e+00 1.000e+00 0.000e+00 1.000e+00 0.000e+00
 0.000e+00 1.000e+00 2.000e+00 0.000e+00 2.000e+00 0.000e+00 2.000e+00
 0.000e+00 0.000e+00 0.000e+00 0.000e+00 1.000e+00 1.000e+00 0.000e+00
 0.000e+00 0.000e+00 1.000e+00 0.000e+00 0.000e+00 0.000e+00]
633600 loops cons: [1.722e+03 5.380e+02 2.590e+02 1.300e+02 7.800e+01 6.500e+01 3.600e+01
 2.200e+01 2.000e+01 1.500e+01 1.800e+01 5.000e+00 9.000e+00 9.000e+00
 5.000e+00 8.000e+00 3.000e+00 3.000e+00 2.000e+00 4.000e+00 1.000e+00
 1.000e+00 1.000e+00 2.000e+00 1.000e+00 0.000e+00 1.000e+00 0.000e+00
 0.000e+00 1.000e+00 2.000e+00 0.000e+00 2.000e+00 0.000e+00 2.000e+00
 0.000e+00 0.000e+00 0.000e+00 0.000e+00 1.000e+00 1.000e+00 0.000e+00
 0.000e+00 0.000e+00 1.000e+00 0.000e+00 0.000e+00 0.000e+00]
638400 loops cons: [1.739e+03 5.400e+02 2.590e+02 1.320e+02 7.800e+01 6.500e+01 3.800e+01
 2.200e+01 2.000e+01 1.500e+01 1.800e+01 5.000e+00 9.000e+00 9.000e+00
 5.000e+00 8.000e+00 3.000e+00 3.000e+00 2.000e+00 4.000e+00 1.000e+00
 1.000e+00 1.000e+00 2.000e+00 1.000e+00 0.000e+00 1.000e+00 0.000e+00
 0.000e+00 1.000e+00 2.000e+00 0.000e+00 2.000e+00 0.000e+00 2.000e+00
 0.000e+00 0.000e+00 0.000e+00 0.000e+00 1.000e+00 1.000e+00 0.000e+00
 0.000e+00 0.000e+00 1.000e+00 0.000e+00 0.000e+00 0.000e+00]
643200 loops cons: [1.754e+03 5.420e+02 2.600e+02 1.340e+02 8.000e+01 6.500e+01 3.800e+01
 2.200e+01 2.000e+01 1.500e+01 1.900e+01 5.000e+00 9.000e+00 9.000e+00
 5.000e+00 8.000e+00 3.000e+00 3.000e+00 2.000e+00 4.000e+00 1.000e+00
 1.000e+00 1.000e+00 2.000e+00 1.000e+00 0.000e+00 1.000e+00 0.000e+00
 0.000e+00 1.000e+00 2.000e+00 0.000e+00 2.000e+00 0.000e+00 2.000e+00
 0.000e+00 0.000e+00 0.000e+00 0.000e+00 1.000e+00 1.000e+00 0.000e+00
 0.000e+00 0.000e+00 1.000e+00 0.000e+00 0.000e+00 0.000e+00]
648000 loops cons: [1.767e+03 5.460e+02 2.640e+02 1.340e+02 8.000e+01 6.500e+01 3.800e+01
 2.300e+01 2.000e+01 1.500e+01 1.900e+01 5.000e+00 9.000e+00 9.000e+00
 5.000e+00 8.000e+00 3.000e+00 3.000e+00 2.000e+00 4.000e+00 1.000e+00
 1.000e+00 1.000e+00 2.000e+00 1.000e+00 0.000e+00 1.000e+00 0.000e+00
 0.000e+00 1.000e+00 2.000e+00 0.000e+00 2.000e+00 0.000e+00 2.000e+00
 0.000e+00 0.000e+00 0.000e+00 0.000e+00 1.000e+00 1.000e+00 0.000e+00
 0.000e+00 0.000e+00 1.000e+00 0.000e+00 0.000e+00 0.000e+00]
652800 loops cons: [1.78e+03 5.50e+02 2.67e+02 1.34e+02 8.00e+01 6.70e+01 3.80e+01 2.40e+01
 2.00e+01 1.50e+01 1.90e+01 5.00e+00 9.00e+00 9.00e+00 5.00e+00 8.00e+00
 3.00e+00 3.00e+00 2.00e+00 5.00e+00 1.00e+00 1.00e+00 1.00e+00 2.00e+00
 1.00e+00 0.00e+00 1.00e+00 0.00e+00 0.00e+00 1.00e+00 2.00e+00 0.00e+00
 2.00e+00 0.00e+00 2.00e+00 0.00e+00 0.00e+00 0.00e+00 0.00e+00 1.00e+00
 1.00e+00 0.00e+00 0.00e+00 0.00e+00 1.00e+00 0.00e+00 0.00e+00 0.00e+00]
657600 loops cons: [1.79e+03 5.53e+02 2.70e+02 1.35e+02 8.00e+01 6.70e+01 3.80e+01 2.40e+01
 2.00e+01 1.60e+01 1.90e+01 5.00e+00 9.00e+00 9.00e+00 5.00e+00 8.00e+00
 3.00e+00 3.00e+00 2.00e+00 5.00e+00 1.00e+00 2.00e+00 1.00e+00 2.00e+00
 1.00e+00 0.00e+00 1.00e+00 0.00e+00 0.00e+00 1.00e+00 2.00e+00 0.00e+00
 2.00e+00 0.00e+00 2.00e+00 0.00e+00 0.00e+00 0.00e+00 0.00e+00 1.00e+00
 1.00e+00 0.00e+00 0.00e+00 0.00e+00 1.00e+00 0.00e+00 0.00e+00 0.00e+00]
662400 loops cons: [1.804e+03 5.570e+02 2.710e+02 1.370e+02 8.100e+01 6.700e+01 3.800e+01
 2.400e+01 2.000e+01 1.600e+01 2.000e+01 5.000e+00 9.000e+00 9.000e+00
 5.000e+00 8.000e+00 3.000e+00 3.000e+00 2.000e+00 5.000e+00 1.000e+00
 2.000e+00 1.000e+00 2.000e+00 1.000e+00 0.000e+00 1.000e+00 0.000e+00
 0.000e+00 1.000e+00 2.000e+00 0.000e+00 2.000e+00 0.000e+00 2.000e+00
 0.000e+00 0.000e+00 0.000e+00 0.000e+00 1.000e+00 1.000e+00 0.000e+00
 0.000e+00 0.000e+00 1.000e+00 0.000e+00 0.000e+00 0.000e+00]
667200 loops cons: [1.818e+03 5.600e+02 2.790e+02 1.380e+02 8.100e+01 6.700e+01 3.800e+01
 2.400e+01 2.000e+01 1.600e+01 2.000e+01 5.000e+00 9.000e+00 9.000e+00
 5.000e+00 8.000e+00 3.000e+00 3.000e+00 2.000e+00 5.000e+00 1.000e+00
 2.000e+00 1.000e+00 2.000e+00 1.000e+00 0.000e+00 1.000e+00 0.000e+00
 0.000e+00 1.000e+00 2.000e+00 0.000e+00 2.000e+00 0.000e+00 2.000e+00
 0.000e+00 0.000e+00 0.000e+00 0.000e+00 1.000e+00 1.000e+00 0.000e+00
 0.000e+00 0.000e+00 1.000e+00 0.000e+00 0.000e+00 0.000e+00]
672000 loops cons: [1.827e+03 5.620e+02 2.820e+02 1.380e+02 8.300e+01 6.800e+01 3.800e+01
 2.400e+01 2.000e+01 1.600e+01 2.000e+01 5.000e+00 9.000e+00 9.000e+00
 5.000e+00 8.000e+00 3.000e+00 3.000e+00 2.000e+00 5.000e+00 1.000e+00
 2.000e+00 1.000e+00 2.000e+00 1.000e+00 0.000e+00 1.000e+00 0.000e+00
 0.000e+00 1.000e+00 2.000e+00 0.000e+00 2.000e+00 0.000e+00 2.000e+00
 0.000e+00 0.000e+00 0.000e+00 0.000e+00 1.000e+00 1.000e+00 0.000e+00
 0.000e+00 0.000e+00 1.000e+00 0.000e+00 0.000e+00 0.000e+00]
676800 loops cons: [1.847e+03 5.680e+02 2.830e+02 1.380e+02 8.300e+01 6.800e+01 3.900e+01
 2.400e+01 2.000e+01 1.600e+01 2.000e+01 7.000e+00 9.000e+00 9.000e+00
 5.000e+00 8.000e+00 3.000e+00 3.000e+00 2.000e+00 5.000e+00 1.000e+00
 2.000e+00 1.000e+00 2.000e+00 1.000e+00 1.000e+00 1.000e+00 0.000e+00
 0.000e+00 1.000e+00 2.000e+00 0.000e+00 2.000e+00 0.000e+00 2.000e+00
 0.000e+00 0.000e+00 0.000e+00 0.000e+00 1.000e+00 1.000e+00 0.000e+00
 0.000e+00 0.000e+00 1.000e+00 0.000e+00 0.000e+00 0.000e+00]
681600 loops cons: [1.864e+03 5.730e+02 2.860e+02 1.380e+02 8.500e+01 6.800e+01 4.000e+01
 2.500e+01 2.000e+01 1.600e+01 2.000e+01 7.000e+00 9.000e+00 9.000e+00
 5.000e+00 8.000e+00 3.000e+00 3.000e+00 2.000e+00 5.000e+00 1.000e+00
 2.000e+00 1.000e+00 2.000e+00 1.000e+00 1.000e+00 1.000e+00 0.000e+00
 0.000e+00 1.000e+00 2.000e+00 0.000e+00 2.000e+00 0.000e+00 2.000e+00
 0.000e+00 0.000e+00 0.000e+00 0.000e+00 1.000e+00 1.000e+00 0.000e+00
 0.000e+00 0.000e+00 1.000e+00 0.000e+00 0.000e+00 0.000e+00]
686400 loops cons: [1.879e+03 5.770e+02 2.890e+02 1.380e+02 8.600e+01 6.800e+01 4.000e+01
 2.500e+01 2.000e+01 1.600e+01 2.000e+01 7.000e+00 9.000e+00 9.000e+00
 5.000e+00 8.000e+00 3.000e+00 3.000e+00 2.000e+00 5.000e+00 1.000e+00
 2.000e+00 1.000e+00 2.000e+00 1.000e+00 1.000e+00 1.000e+00 0.000e+00
 0.000e+00 1.000e+00 2.000e+00 0.000e+00 2.000e+00 0.000e+00 2.000e+00
 0.000e+00 0.000e+00 0.000e+00 0.000e+00 1.000e+00 1.000e+00 0.000e+00
 0.000e+00 0.000e+00 1.000e+00 0.000e+00 0.000e+00 0.000e+00]
691200 loops cons: [1.888e+03 5.790e+02 2.910e+02 1.380e+02 8.600e+01 6.800e+01 4.000e+01
 2.600e+01 2.000e+01 1.600e+01 2.000e+01 7.000e+00 9.000e+00 1.000e+01
 5.000e+00 8.000e+00 3.000e+00 3.000e+00 2.000e+00 5.000e+00 2.000e+00
 2.000e+00 1.000e+00 2.000e+00 1.000e+00 1.000e+00 1.000e+00 0.000e+00
 0.000e+00 1.000e+00 2.000e+00 0.000e+00 2.000e+00 0.000e+00 2.000e+00
 0.000e+00 0.000e+00 0.000e+00 0.000e+00 1.000e+00 1.000e+00 0.000e+00
 0.000e+00 0.000e+00 1.000e+00 0.000e+00 0.000e+00 0.000e+00]
696000 loops cons: [1.902e+03 5.810e+02 2.920e+02 1.380e+02 8.600e+01 6.900e+01 4.100e+01
 2.600e+01 2.000e+01 1.600e+01 2.000e+01 7.000e+00 9.000e+00 1.000e+01
 5.000e+00 8.000e+00 3.000e+00 3.000e+00 3.000e+00 5.000e+00 2.000e+00
 2.000e+00 1.000e+00 2.000e+00 1.000e+00 1.000e+00 1.000e+00 0.000e+00
 0.000e+00 1.000e+00 2.000e+00 0.000e+00 2.000e+00 0.000e+00 2.000e+00
 0.000e+00 0.000e+00 0.000e+00 0.000e+00 1.000e+00 1.000e+00 0.000e+00
 0.000e+00 0.000e+00 1.000e+00 0.000e+00 0.000e+00 0.000e+00]
700800 loops cons: [1.918e+03 5.850e+02 2.940e+02 1.380e+02 8.700e+01 7.000e+01 4.100e+01
 2.600e+01 2.000e+01 1.600e+01 2.000e+01 7.000e+00 9.000e+00 1.000e+01
 5.000e+00 8.000e+00 3.000e+00 4.000e+00 3.000e+00 5.000e+00 2.000e+00
 2.000e+00 1.000e+00 2.000e+00 1.000e+00 1.000e+00 1.000e+00 0.000e+00
 0.000e+00 1.000e+00 2.000e+00 0.000e+00 2.000e+00 0.000e+00 2.000e+00
 0.000e+00 0.000e+00 0.000e+00 0.000e+00 1.000e+00 1.000e+00 0.000e+00
 0.000e+00 0.000e+00 1.000e+00 0.000e+00 0.000e+00 0.000e+00]
705600 loops cons: [1.929e+03 5.890e+02 2.950e+02 1.400e+02 8.700e+01 7.100e+01 4.100e+01
 2.600e+01 2.000e+01 1.600e+01 2.000e+01 7.000e+00 9.000e+00 1.000e+01
 5.000e+00 8.000e+00 3.000e+00 4.000e+00 3.000e+00 6.000e+00 2.000e+00
 2.000e+00 1.000e+00 2.000e+00 1.000e+00 1.000e+00 1.000e+00 0.000e+00
 0.000e+00 1.000e+00 2.000e+00 0.000e+00 2.000e+00 0.000e+00 2.000e+00
 0.000e+00 0.000e+00 0.000e+00 0.000e+00 1.000e+00 1.000e+00 0.000e+00
 0.000e+00 0.000e+00 1.000e+00 0.000e+00 0.000e+00 0.000e+00]
710400 loops cons: [1.941e+03 5.920e+02 2.970e+02 1.420e+02 8.700e+01 7.200e+01 4.100e+01
 2.600e+01 2.100e+01 1.600e+01 2.000e+01 8.000e+00 1.000e+01 1.000e+01
 5.000e+00 8.000e+00 3.000e+00 4.000e+00 3.000e+00 6.000e+00 2.000e+00
 2.000e+00 1.000e+00 2.000e+00 1.000e+00 1.000e+00 1.000e+00 0.000e+00
 0.000e+00 1.000e+00 2.000e+00 0.000e+00 2.000e+00 0.000e+00 2.000e+00
 0.000e+00 0.000e+00 0.000e+00 0.000e+00 1.000e+00 1.000e+00 0.000e+00
 0.000e+00 0.000e+00 1.000e+00 0.000e+00 0.000e+00 0.000e+00]
715200 loops cons: [1.96e+03 5.97e+02 2.99e+02 1.43e+02 8.70e+01 7.20e+01 4.10e+01 2.60e+01
 2.10e+01 1.60e+01 2.00e+01 9.00e+00 1.00e+01 1.00e+01 5.00e+00 8.00e+00
 3.00e+00 4.00e+00 3.00e+00 6.00e+00 2.00e+00 2.00e+00 1.00e+00 2.00e+00
 1.00e+00 1.00e+00 1.00e+00 0.00e+00 0.00e+00 1.00e+00 2.00e+00 0.00e+00
 2.00e+00 1.00e+00 2.00e+00 0.00e+00 0.00e+00 0.00e+00 0.00e+00 1.00e+00
 1.00e+00 0.00e+00 0.00e+00 0.00e+00 1.00e+00 0.00e+00 0.00e+00 0.00e+00]
720000 loops cons: [1.972e+03 6.010e+02 2.990e+02 1.430e+02 8.700e+01 7.200e+01 4.100e+01
 2.600e+01 2.100e+01 1.600e+01 2.000e+01 9.000e+00 1.000e+01 1.000e+01
 6.000e+00 8.000e+00 3.000e+00 4.000e+00 3.000e+00 6.000e+00 2.000e+00
 2.000e+00 1.000e+00 2.000e+00 1.000e+00 1.000e+00 1.000e+00 0.000e+00
 0.000e+00 1.000e+00 2.000e+00 0.000e+00 2.000e+00 1.000e+00 2.000e+00
 0.000e+00 0.000e+00 0.000e+00 0.000e+00 1.000e+00 1.000e+00 0.000e+00
 0.000e+00 0.000e+00 1.000e+00 0.000e+00 0.000e+00 0.000e+00]
724800 loops cons: [1.984e+03 6.040e+02 3.010e+02 1.430e+02 8.700e+01 7.200e+01 4.100e+01
 2.600e+01 2.100e+01 1.600e+01 2.000e+01 9.000e+00 1.000e+01 1.000e+01
 6.000e+00 8.000e+00 3.000e+00 4.000e+00 3.000e+00 6.000e+00 2.000e+00
 2.000e+00 1.000e+00 2.000e+00 1.000e+00 1.000e+00 1.000e+00 0.000e+00
 0.000e+00 2.000e+00 2.000e+00 0.000e+00 2.000e+00 1.000e+00 2.000e+00
 0.000e+00 0.000e+00 0.000e+00 0.000e+00 1.000e+00 1.000e+00 0.000e+00
 0.000e+00 0.000e+00 1.000e+00 0.000e+00 0.000e+00 0.000e+00]
729600 loops cons: [2.00e+03 6.11e+02 3.05e+02 1.44e+02 8.70e+01 7.30e+01 4.20e+01 2.60e+01
 2.10e+01 1.60e+01 2.10e+01 9.00e+00 1.00e+01 1.00e+01 7.00e+00 8.00e+00
 3.00e+00 4.00e+00 3.00e+00 6.00e+00 2.00e+00 2.00e+00 1.00e+00 2.00e+00
 1.00e+00 1.00e+00 1.00e+00 0.00e+00 0.00e+00 2.00e+00 2.00e+00 0.00e+00
 2.00e+00 1.00e+00 2.00e+00 0.00e+00 0.00e+00 0.00e+00 0.00e+00 1.00e+00
 1.00e+00 0.00e+00 0.00e+00 0.00e+00 1.00e+00 0.00e+00 0.00e+00 0.00e+00]
734400 loops cons: [2.021e+03 6.110e+02 3.080e+02 1.440e+02 8.700e+01 7.300e+01 4.200e+01
 2.600e+01 2.100e+01 1.600e+01 2.100e+01 9.000e+00 1.000e+01 1.000e+01
 7.000e+00 8.000e+00 4.000e+00 4.000e+00 3.000e+00 7.000e+00 2.000e+00
 2.000e+00 1.000e+00 2.000e+00 1.000e+00 1.000e+00 1.000e+00 0.000e+00
 0.000e+00 2.000e+00 2.000e+00 0.000e+00 2.000e+00 1.000e+00 2.000e+00
 0.000e+00 0.000e+00 0.000e+00 0.000e+00 1.000e+00 1.000e+00 0.000e+00
 0.000e+00 0.000e+00 1.000e+00 0.000e+00 0.000e+00 0.000e+00]
739200 loops cons: [2.036e+03 6.130e+02 3.090e+02 1.440e+02 8.800e+01 7.300e+01 4.400e+01
 2.600e+01 2.100e+01 1.600e+01 2.100e+01 9.000e+00 1.000e+01 1.000e+01
 7.000e+00 8.000e+00 4.000e+00 4.000e+00 3.000e+00 7.000e+00 2.000e+00
 2.000e+00 1.000e+00 2.000e+00 1.000e+00 1.000e+00 1.000e+00 0.000e+00
 0.000e+00 2.000e+00 2.000e+00 0.000e+00 2.000e+00 1.000e+00 2.000e+00
 0.000e+00 0.000e+00 0.000e+00 0.000e+00 1.000e+00 1.000e+00 0.000e+00
 0.000e+00 0.000e+00 1.000e+00 0.000e+00 0.000e+00 0.000e+00]
744000 loops cons: [2.049e+03 6.140e+02 3.100e+02 1.470e+02 8.800e+01 7.400e+01 4.400e+01
 2.700e+01 2.100e+01 1.600e+01 2.100e+01 9.000e+00 1.100e+01 1.000e+01
 7.000e+00 8.000e+00 4.000e+00 4.000e+00 3.000e+00 7.000e+00 2.000e+00
 2.000e+00 1.000e+00 2.000e+00 1.000e+00 1.000e+00 1.000e+00 0.000e+00
 0.000e+00 2.000e+00 2.000e+00 0.000e+00 2.000e+00 1.000e+00 2.000e+00
 0.000e+00 0.000e+00 0.000e+00 0.000e+00 1.000e+00 1.000e+00 0.000e+00
 0.000e+00 0.000e+00 1.000e+00 0.000e+00 0.000e+00 0.000e+00]
748800 loops cons: [2.061e+03 6.190e+02 3.110e+02 1.480e+02 8.800e+01 7.400e+01 4.500e+01
 2.700e+01 2.100e+01 1.600e+01 2.100e+01 9.000e+00 1.100e+01 1.000e+01
 7.000e+00 8.000e+00 4.000e+00 4.000e+00 3.000e+00 7.000e+00 2.000e+00
 2.000e+00 1.000e+00 2.000e+00 1.000e+00 1.000e+00 1.000e+00 0.000e+00
 0.000e+00 2.000e+00 2.000e+00 0.000e+00 2.000e+00 1.000e+00 2.000e+00
 0.000e+00 0.000e+00 0.000e+00 0.000e+00 1.000e+00 1.000e+00 0.000e+00
 0.000e+00 0.000e+00 1.000e+00 0.000e+00 0.000e+00 0.000e+00]
753600 loops cons: [2.072e+03 6.240e+02 3.120e+02 1.480e+02 8.900e+01 7.400e+01 4.500e+01
 2.700e+01 2.100e+01 1.600e+01 2.100e+01 9.000e+00 1.100e+01 1.000e+01
 7.000e+00 8.000e+00 4.000e+00 4.000e+00 3.000e+00 7.000e+00 2.000e+00
 2.000e+00 1.000e+00 2.000e+00 1.000e+00 1.000e+00 1.000e+00 0.000e+00
 0.000e+00 2.000e+00 2.000e+00 0.000e+00 2.000e+00 1.000e+00 2.000e+00
 0.000e+00 0.000e+00 0.000e+00 0.000e+00 1.000e+00 1.000e+00 0.000e+00
 0.000e+00 0.000e+00 1.000e+00 0.000e+00 0.000e+00 0.000e+00]
758400 loops cons: [2.088e+03 6.300e+02 3.140e+02 1.480e+02 8.900e+01 7.600e+01 4.500e+01
 2.700e+01 2.100e+01 1.600e+01 2.100e+01 9.000e+00 1.100e+01 1.000e+01
 7.000e+00 8.000e+00 4.000e+00 4.000e+00 3.000e+00 7.000e+00 2.000e+00
 2.000e+00 1.000e+00 2.000e+00 1.000e+00 1.000e+00 1.000e+00 0.000e+00
 0.000e+00 2.000e+00 2.000e+00 0.000e+00 2.000e+00 1.000e+00 2.000e+00
 0.000e+00 0.000e+00 0.000e+00 0.000e+00 1.000e+00 1.000e+00 0.000e+00
 0.000e+00 0.000e+00 1.000e+00 0.000e+00 0.000e+00 0.000e+00]
763200 loops cons: [2.104e+03 6.390e+02 3.150e+02 1.500e+02 9.100e+01 7.600e+01 4.500e+01
 2.700e+01 2.100e+01 1.700e+01 2.100e+01 9.000e+00 1.100e+01 1.000e+01
 7.000e+00 8.000e+00 4.000e+00 4.000e+00 3.000e+00 7.000e+00 2.000e+00
 2.000e+00 1.000e+00 2.000e+00 1.000e+00 1.000e+00 1.000e+00 0.000e+00
 0.000e+00 2.000e+00 2.000e+00 0.000e+00 2.000e+00 1.000e+00 2.000e+00
 0.000e+00 0.000e+00 0.000e+00 0.000e+00 1.000e+00 1.000e+00 0.000e+00
 0.000e+00 0.000e+00 1.000e+00 0.000e+00 0.000e+00 0.000e+00]
768000 loops cons: [2.114e+03 6.440e+02 3.160e+02 1.510e+02 9.100e+01 7.700e+01 4.500e+01
 2.700e+01 2.100e+01 1.700e+01 2.100e+01 9.000e+00 1.100e+01 1.000e+01
 7.000e+00 8.000e+00 4.000e+00 4.000e+00 3.000e+00 7.000e+00 2.000e+00
 2.000e+00 1.000e+00 2.000e+00 1.000e+00 1.000e+00 1.000e+00 0.000e+00
 0.000e+00 2.000e+00 2.000e+00 0.000e+00 2.000e+00 1.000e+00 2.000e+00
 0.000e+00 0.000e+00 0.000e+00 0.000e+00 1.000e+00 1.000e+00 0.000e+00
 0.000e+00 0.000e+00 1.000e+00 0.000e+00 0.000e+00 0.000e+00]
772800 loops cons: [2.129e+03 6.480e+02 3.180e+02 1.520e+02 9.200e+01 7.700e+01 4.600e+01
 2.800e+01 2.200e+01 1.700e+01 2.100e+01 9.000e+00 1.100e+01 1.000e+01
 7.000e+00 8.000e+00 4.000e+00 4.000e+00 3.000e+00 7.000e+00 2.000e+00
 2.000e+00 1.000e+00 2.000e+00 1.000e+00 1.000e+00 1.000e+00 0.000e+00
 0.000e+00 2.000e+00 2.000e+00 0.000e+00 2.000e+00 1.000e+00 2.000e+00
 0.000e+00 0.000e+00 0.000e+00 0.000e+00 1.000e+00 1.000e+00 0.000e+00
 0.000e+00 0.000e+00 1.000e+00 0.000e+00 0.000e+00 0.000e+00]
777600 loops cons: [2.146e+03 6.510e+02 3.200e+02 1.520e+02 9.300e+01 7.800e+01 4.600e+01
 2.800e+01 2.200e+01 1.700e+01 2.100e+01 9.000e+00 1.100e+01 1.000e+01
 7.000e+00 8.000e+00 4.000e+00 4.000e+00 3.000e+00 7.000e+00 2.000e+00
 2.000e+00 1.000e+00 2.000e+00 1.000e+00 1.000e+00 1.000e+00 0.000e+00
 0.000e+00 2.000e+00 2.000e+00 0.000e+00 2.000e+00 1.000e+00 2.000e+00
 0.000e+00 0.000e+00 0.000e+00 0.000e+00 1.000e+00 1.000e+00 0.000e+00
 0.000e+00 0.000e+00 1.000e+00 0.000e+00 0.000e+00 0.000e+00]
782400 loops cons: [2.161e+03 6.570e+02 3.230e+02 1.530e+02 9.300e+01 7.800e+01 4.600e+01
 2.800e+01 2.200e+01 1.800e+01 2.100e+01 9.000e+00 1.100e+01 1.000e+01
 7.000e+00 8.000e+00 5.000e+00 4.000e+00 3.000e+00 7.000e+00 2.000e+00
 2.000e+00 1.000e+00 2.000e+00 1.000e+00 1.000e+00 1.000e+00 0.000e+00
 0.000e+00 2.000e+00 2.000e+00 0.000e+00 2.000e+00 1.000e+00 2.000e+00
 0.000e+00 0.000e+00 0.000e+00 0.000e+00 1.000e+00 1.000e+00 0.000e+00
 0.000e+00 0.000e+00 1.000e+00 0.000e+00 0.000e+00 0.000e+00]
787200 loops cons: [2.182e+03 6.610e+02 3.240e+02 1.530e+02 9.300e+01 7.800e+01 4.600e+01
 2.800e+01 2.300e+01 1.800e+01 2.100e+01 9.000e+00 1.200e+01 1.000e+01
 7.000e+00 8.000e+00 5.000e+00 4.000e+00 3.000e+00 7.000e+00 2.000e+00
 2.000e+00 1.000e+00 2.000e+00 1.000e+00 1.000e+00 1.000e+00 0.000e+00
 0.000e+00 2.000e+00 2.000e+00 0.000e+00 2.000e+00 1.000e+00 2.000e+00
 0.000e+00 0.000e+00 0.000e+00 0.000e+00 1.000e+00 1.000e+00 0.000e+00
 0.000e+00 0.000e+00 1.000e+00 0.000e+00 0.000e+00 0.000e+00]
792000 loops cons: [2.197e+03 6.660e+02 3.260e+02 1.530e+02 9.300e+01 7.800e+01 4.600e+01
 2.800e+01 2.300e+01 1.800e+01 2.100e+01 9.000e+00 1.200e+01 1.000e+01
 7.000e+00 8.000e+00 5.000e+00 4.000e+00 3.000e+00 7.000e+00 2.000e+00
 2.000e+00 1.000e+00 2.000e+00 1.000e+00 1.000e+00 1.000e+00 0.000e+00
 0.000e+00 2.000e+00 2.000e+00 0.000e+00 2.000e+00 1.000e+00 2.000e+00
 0.000e+00 0.000e+00 0.000e+00 0.000e+00 1.000e+00 1.000e+00 0.000e+00
 0.000e+00 0.000e+00 1.000e+00 0.000e+00 0.000e+00 0.000e+00]
796800 loops cons: [2.208e+03 6.700e+02 3.280e+02 1.550e+02 9.300e+01 7.900e+01 4.700e+01
 2.900e+01 2.400e+01 1.800e+01 2.100e+01 9.000e+00 1.200e+01 1.000e+01
 7.000e+00 8.000e+00 5.000e+00 4.000e+00 3.000e+00 7.000e+00 2.000e+00
 2.000e+00 1.000e+00 2.000e+00 1.000e+00 2.000e+00 1.000e+00 0.000e+00
 0.000e+00 2.000e+00 2.000e+00 0.000e+00 2.000e+00 1.000e+00 2.000e+00
 0.000e+00 0.000e+00 0.000e+00 0.000e+00 1.000e+00 1.000e+00 0.000e+00
 0.000e+00 0.000e+00 1.000e+00 0.000e+00 0.000e+00 0.000e+00]
801600 loops cons: [2.228e+03 6.780e+02 3.290e+02 1.600e+02 9.600e+01 7.900e+01 4.800e+01
 2.900e+01 2.400e+01 1.800e+01 2.100e+01 9.000e+00 1.200e+01 1.000e+01
 7.000e+00 8.000e+00 5.000e+00 4.000e+00 3.000e+00 7.000e+00 2.000e+00
 2.000e+00 1.000e+00 2.000e+00 1.000e+00 2.000e+00 1.000e+00 0.000e+00
 0.000e+00 2.000e+00 2.000e+00 0.000e+00 2.000e+00 1.000e+00 2.000e+00
 0.000e+00 0.000e+00 0.000e+00 0.000e+00 1.000e+00 1.000e+00 0.000e+00
 0.000e+00 0.000e+00 1.000e+00 0.000e+00 0.000e+00 0.000e+00]
806400 loops cons: [2.239e+03 6.830e+02 3.290e+02 1.610e+02 9.700e+01 7.900e+01 4.800e+01
 2.900e+01 2.400e+01 1.800e+01 2.100e+01 9.000e+00 1.200e+01 1.000e+01
 8.000e+00 8.000e+00 5.000e+00 4.000e+00 3.000e+00 7.000e+00 2.000e+00
 2.000e+00 1.000e+00 2.000e+00 1.000e+00 2.000e+00 1.000e+00 0.000e+00
 0.000e+00 2.000e+00 2.000e+00 0.000e+00 2.000e+00 1.000e+00 2.000e+00
 0.000e+00 0.000e+00 0.000e+00 0.000e+00 1.000e+00 1.000e+00 0.000e+00
 0.000e+00 0.000e+00 1.000e+00 0.000e+00 0.000e+00 0.000e+00]
811200 loops cons: [2.253e+03 6.880e+02 3.310e+02 1.610e+02 9.700e+01 7.900e+01 4.900e+01
 2.900e+01 2.400e+01 1.800e+01 2.100e+01 9.000e+00 1.200e+01 1.000e+01
 8.000e+00 8.000e+00 5.000e+00 4.000e+00 3.000e+00 7.000e+00 2.000e+00
 2.000e+00 1.000e+00 2.000e+00 1.000e+00 2.000e+00 1.000e+00 0.000e+00
 0.000e+00 2.000e+00 2.000e+00 0.000e+00 2.000e+00 1.000e+00 2.000e+00
 0.000e+00 0.000e+00 0.000e+00 0.000e+00 1.000e+00 1.000e+00 0.000e+00
 0.000e+00 0.000e+00 1.000e+00 0.000e+00 0.000e+00 0.000e+00]
816000 loops cons: [2.262e+03 6.920e+02 3.310e+02 1.620e+02 9.700e+01 7.900e+01 4.900e+01
 3.000e+01 2.400e+01 1.800e+01 2.100e+01 9.000e+00 1.200e+01 1.000e+01
 9.000e+00 8.000e+00 5.000e+00 4.000e+00 3.000e+00 7.000e+00 2.000e+00
 2.000e+00 1.000e+00 2.000e+00 1.000e+00 2.000e+00 1.000e+00 0.000e+00
 0.000e+00 2.000e+00 2.000e+00 0.000e+00 2.000e+00 1.000e+00 2.000e+00
 0.000e+00 0.000e+00 0.000e+00 0.000e+00 1.000e+00 1.000e+00 1.000e+00
 0.000e+00 0.000e+00 1.000e+00 0.000e+00 0.000e+00 0.000e+00]
820800 loops cons: [2.274e+03 6.960e+02 3.360e+02 1.630e+02 9.800e+01 7.900e+01 4.900e+01
 3.100e+01 2.400e+01 1.800e+01 2.100e+01 9.000e+00 1.200e+01 1.000e+01
 9.000e+00 8.000e+00 5.000e+00 4.000e+00 3.000e+00 7.000e+00 2.000e+00
 2.000e+00 1.000e+00 2.000e+00 1.000e+00 2.000e+00 1.000e+00 0.000e+00
 0.000e+00 2.000e+00 2.000e+00 0.000e+00 2.000e+00 1.000e+00 2.000e+00
 0.000e+00 0.000e+00 0.000e+00 0.000e+00 1.000e+00 1.000e+00 1.000e+00
 0.000e+00 0.000e+00 1.000e+00 0.000e+00 0.000e+00 0.000e+00]
825600 loops cons: [2.287e+03 7.020e+02 3.370e+02 1.630e+02 9.900e+01 7.900e+01 4.900e+01
 3.100e+01 2.500e+01 1.900e+01 2.100e+01 9.000e+00 1.200e+01 1.000e+01
 9.000e+00 8.000e+00 5.000e+00 4.000e+00 3.000e+00 7.000e+00 2.000e+00
 2.000e+00 1.000e+00 2.000e+00 1.000e+00 2.000e+00 1.000e+00 0.000e+00
 0.000e+00 2.000e+00 2.000e+00 0.000e+00 2.000e+00 1.000e+00 2.000e+00
 0.000e+00 0.000e+00 0.000e+00 0.000e+00 1.000e+00 1.000e+00 1.000e+00
 0.000e+00 0.000e+00 1.000e+00 0.000e+00 0.000e+00 0.000e+00]
830400 loops cons: [2.306e+03 7.040e+02 3.370e+02 1.640e+02 1.000e+02 7.900e+01 4.900e+01
 3.100e+01 2.500e+01 2.000e+01 2.100e+01 9.000e+00 1.200e+01 1.000e+01
 9.000e+00 8.000e+00 5.000e+00 5.000e+00 3.000e+00 7.000e+00 2.000e+00
 2.000e+00 1.000e+00 2.000e+00 1.000e+00 2.000e+00 1.000e+00 0.000e+00
 0.000e+00 2.000e+00 2.000e+00 0.000e+00 2.000e+00 1.000e+00 2.000e+00
 0.000e+00 0.000e+00 0.000e+00 0.000e+00 1.000e+00 1.000e+00 1.000e+00
 0.000e+00 0.000e+00 1.000e+00 0.000e+00 0.000e+00 0.000e+00]
835200 loops cons: [2.321e+03 7.100e+02 3.390e+02 1.650e+02 1.010e+02 8.000e+01 4.900e+01
 3.100e+01 2.500e+01 2.000e+01 2.200e+01 9.000e+00 1.200e+01 1.000e+01
 9.000e+00 8.000e+00 5.000e+00 5.000e+00 3.000e+00 7.000e+00 2.000e+00
 2.000e+00 1.000e+00 2.000e+00 1.000e+00 2.000e+00 1.000e+00 0.000e+00
 0.000e+00 2.000e+00 3.000e+00 0.000e+00 2.000e+00 1.000e+00 2.000e+00
 0.000e+00 0.000e+00 0.000e+00 0.000e+00 1.000e+00 1.000e+00 1.000e+00
 0.000e+00 0.000e+00 1.000e+00 0.000e+00 0.000e+00 0.000e+00]
840000 loops cons: [2.339e+03 7.130e+02 3.410e+02 1.650e+02 1.020e+02 8.000e+01 4.900e+01
 3.100e+01 2.500e+01 2.100e+01 2.200e+01 9.000e+00 1.200e+01 1.000e+01
 9.000e+00 8.000e+00 5.000e+00 5.000e+00 3.000e+00 7.000e+00 2.000e+00
 2.000e+00 1.000e+00 2.000e+00 1.000e+00 2.000e+00 1.000e+00 0.000e+00
 0.000e+00 2.000e+00 3.000e+00 0.000e+00 2.000e+00 1.000e+00 2.000e+00
 0.000e+00 0.000e+00 0.000e+00 0.000e+00 1.000e+00 1.000e+00 1.000e+00
 0.000e+00 0.000e+00 1.000e+00 0.000e+00 0.000e+00 0.000e+00]
844800 loops cons: [2.346e+03 7.150e+02 3.410e+02 1.650e+02 1.020e+02 8.100e+01 5.000e+01
 3.200e+01 2.500e+01 2.100e+01 2.200e+01 9.000e+00 1.200e+01 1.000e+01
 9.000e+00 8.000e+00 5.000e+00 5.000e+00 3.000e+00 8.000e+00 2.000e+00
 2.000e+00 1.000e+00 2.000e+00 1.000e+00 2.000e+00 1.000e+00 0.000e+00
 0.000e+00 2.000e+00 3.000e+00 0.000e+00 2.000e+00 1.000e+00 2.000e+00
 0.000e+00 0.000e+00 0.000e+00 0.000e+00 1.000e+00 1.000e+00 1.000e+00
 0.000e+00 0.000e+00 1.000e+00 0.000e+00 0.000e+00 0.000e+00]
849600 loops cons: [2.363e+03 7.190e+02 3.430e+02 1.690e+02 1.020e+02 8.100e+01 5.000e+01
 3.200e+01 2.500e+01 2.200e+01 2.200e+01 9.000e+00 1.200e+01 1.000e+01
 9.000e+00 8.000e+00 5.000e+00 5.000e+00 3.000e+00 8.000e+00 2.000e+00
 2.000e+00 1.000e+00 2.000e+00 1.000e+00 2.000e+00 1.000e+00 0.000e+00
 0.000e+00 2.000e+00 3.000e+00 0.000e+00 2.000e+00 1.000e+00 2.000e+00
 0.000e+00 0.000e+00 0.000e+00 0.000e+00 1.000e+00 1.000e+00 1.000e+00
 0.000e+00 0.000e+00 1.000e+00 0.000e+00 0.000e+00 0.000e+00]
854400 loops cons: [2.38e+03 7.23e+02 3.44e+02 1.70e+02 1.02e+02 8.10e+01 5.00e+01 3.20e+01
 2.50e+01 2.20e+01 2.20e+01 9.00e+00 1.20e+01 1.00e+01 1.00e+01 8.00e+00
 5.00e+00 5.00e+00 3.00e+00 8.00e+00 2.00e+00 2.00e+00 1.00e+00 2.00e+00
 1.00e+00 2.00e+00 1.00e+00 0.00e+00 0.00e+00 2.00e+00 3.00e+00 0.00e+00
 2.00e+00 1.00e+00 2.00e+00 0.00e+00 0.00e+00 0.00e+00 0.00e+00 1.00e+00
 1.00e+00 1.00e+00 0.00e+00 0.00e+00 1.00e+00 0.00e+00 0.00e+00 0.00e+00]
859200 loops cons: [2.391e+03 7.260e+02 3.440e+02 1.700e+02 1.020e+02 8.100e+01 5.000e+01
 3.200e+01 2.500e+01 2.200e+01 2.200e+01 9.000e+00 1.200e+01 1.000e+01
 1.000e+01 8.000e+00 5.000e+00 5.000e+00 3.000e+00 9.000e+00 2.000e+00
 2.000e+00 1.000e+00 2.000e+00 1.000e+00 2.000e+00 1.000e+00 0.000e+00
 0.000e+00 3.000e+00 3.000e+00 0.000e+00 2.000e+00 1.000e+00 2.000e+00
 0.000e+00 0.000e+00 0.000e+00 0.000e+00 1.000e+00 1.000e+00 1.000e+00
 0.000e+00 0.000e+00 1.000e+00 0.000e+00 0.000e+00 0.000e+00]
864000 loops cons: [2.398e+03 7.280e+02 3.450e+02 1.710e+02 1.020e+02 8.100e+01 5.000e+01
 3.200e+01 2.500e+01 2.200e+01 2.200e+01 9.000e+00 1.200e+01 1.000e+01
 1.000e+01 8.000e+00 5.000e+00 5.000e+00 4.000e+00 9.000e+00 2.000e+00
 2.000e+00 1.000e+00 2.000e+00 1.000e+00 2.000e+00 1.000e+00 0.000e+00
 0.000e+00 3.000e+00 3.000e+00 0.000e+00 2.000e+00 1.000e+00 2.000e+00
 0.000e+00 0.000e+00 0.000e+00 0.000e+00 1.000e+00 1.000e+00 1.000e+00
 0.000e+00 0.000e+00 1.000e+00 0.000e+00 0.000e+00 0.000e+00]
868800 loops cons: [2.41e+03 7.32e+02 3.45e+02 1.73e+02 1.04e+02 8.10e+01 5.00e+01 3.20e+01
 2.50e+01 2.20e+01 2.20e+01 9.00e+00 1.20e+01 1.00e+01 1.10e+01 8.00e+00
 6.00e+00 5.00e+00 4.00e+00 9.00e+00 3.00e+00 2.00e+00 1.00e+00 2.00e+00
 1.00e+00 2.00e+00 1.00e+00 0.00e+00 0.00e+00 3.00e+00 3.00e+00 0.00e+00
 2.00e+00 1.00e+00 2.00e+00 0.00e+00 0.00e+00 0.00e+00 0.00e+00 1.00e+00
 1.00e+00 1.00e+00 0.00e+00 0.00e+00 1.00e+00 0.00e+00 0.00e+00 0.00e+00]
873600 loops cons: [2.423e+03 7.350e+02 3.470e+02 1.750e+02 1.050e+02 8.200e+01 5.100e+01
 3.200e+01 2.500e+01 2.200e+01 2.300e+01 9.000e+00 1.200e+01 1.000e+01
 1.100e+01 8.000e+00 6.000e+00 5.000e+00 4.000e+00 9.000e+00 3.000e+00
 2.000e+00 1.000e+00 2.000e+00 1.000e+00 2.000e+00 1.000e+00 0.000e+00
 0.000e+00 3.000e+00 3.000e+00 0.000e+00 2.000e+00 1.000e+00 2.000e+00
 0.000e+00 0.000e+00 0.000e+00 0.000e+00 1.000e+00 1.000e+00 1.000e+00
 0.000e+00 0.000e+00 1.000e+00 0.000e+00 0.000e+00 0.000e+00]
878400 loops cons: [2.436e+03 7.360e+02 3.500e+02 1.750e+02 1.060e+02 8.600e+01 5.100e+01
 3.200e+01 2.600e+01 2.200e+01 2.300e+01 9.000e+00 1.200e+01 1.000e+01
 1.100e+01 8.000e+00 6.000e+00 5.000e+00 4.000e+00 9.000e+00 3.000e+00
 2.000e+00 1.000e+00 2.000e+00 1.000e+00 2.000e+00 1.000e+00 0.000e+00
 0.000e+00 3.000e+00 3.000e+00 0.000e+00 2.000e+00 1.000e+00 2.000e+00
 0.000e+00 0.000e+00 0.000e+00 0.000e+00 1.000e+00 1.000e+00 1.000e+00
 0.000e+00 0.000e+00 1.000e+00 0.000e+00 0.000e+00 0.000e+00]
883200 loops cons: [2.447e+03 7.360e+02 3.510e+02 1.770e+02 1.070e+02 8.700e+01 5.100e+01
 3.200e+01 2.600e+01 2.200e+01 2.300e+01 9.000e+00 1.300e+01 1.100e+01
 1.100e+01 8.000e+00 6.000e+00 5.000e+00 5.000e+00 9.000e+00 3.000e+00
 2.000e+00 1.000e+00 2.000e+00 1.000e+00 2.000e+00 1.000e+00 0.000e+00
 0.000e+00 3.000e+00 3.000e+00 0.000e+00 2.000e+00 1.000e+00 2.000e+00
 0.000e+00 0.000e+00 0.000e+00 0.000e+00 1.000e+00 1.000e+00 1.000e+00
 0.000e+00 0.000e+00 1.000e+00 0.000e+00 0.000e+00 0.000e+00]
888000 loops cons: [2.466e+03 7.410e+02 3.510e+02 1.770e+02 1.090e+02 8.800e+01 5.200e+01
 3.200e+01 2.600e+01 2.200e+01 2.300e+01 1.000e+01 1.300e+01 1.100e+01
 1.100e+01 8.000e+00 6.000e+00 5.000e+00 5.000e+00 9.000e+00 3.000e+00
 2.000e+00 1.000e+00 2.000e+00 1.000e+00 2.000e+00 1.000e+00 0.000e+00
 0.000e+00 3.000e+00 3.000e+00 0.000e+00 2.000e+00 1.000e+00 2.000e+00
 0.000e+00 0.000e+00 0.000e+00 0.000e+00 1.000e+00 1.000e+00 1.000e+00
 0.000e+00 0.000e+00 1.000e+00 0.000e+00 0.000e+00 0.000e+00]
892800 loops cons: [2.473e+03 7.430e+02 3.520e+02 1.780e+02 1.090e+02 8.800e+01 5.200e+01
 3.200e+01 2.600e+01 2.200e+01 2.300e+01 1.000e+01 1.300e+01 1.100e+01
 1.100e+01 8.000e+00 6.000e+00 5.000e+00 5.000e+00 9.000e+00 3.000e+00
 2.000e+00 1.000e+00 2.000e+00 1.000e+00 2.000e+00 1.000e+00 0.000e+00
 0.000e+00 3.000e+00 3.000e+00 0.000e+00 2.000e+00 1.000e+00 2.000e+00
 0.000e+00 0.000e+00 0.000e+00 0.000e+00 1.000e+00 1.000e+00 1.000e+00
 0.000e+00 0.000e+00 1.000e+00 0.000e+00 0.000e+00 0.000e+00]
897600 loops cons: [2.485e+03 7.450e+02 3.550e+02 1.800e+02 1.090e+02 8.900e+01 5.200e+01
 3.300e+01 2.600e+01 2.200e+01 2.300e+01 1.000e+01 1.300e+01 1.100e+01
 1.100e+01 8.000e+00 6.000e+00 5.000e+00 5.000e+00 9.000e+00 3.000e+00
 2.000e+00 1.000e+00 2.000e+00 1.000e+00 2.000e+00 1.000e+00 0.000e+00
 0.000e+00 3.000e+00 3.000e+00 0.000e+00 2.000e+00 1.000e+00 2.000e+00
 0.000e+00 0.000e+00 0.000e+00 0.000e+00 1.000e+00 1.000e+00 1.000e+00
 0.000e+00 0.000e+00 1.000e+00 0.000e+00 0.000e+00 0.000e+00]
902400 loops cons: [2.50e+03 7.50e+02 3.56e+02 1.82e+02 1.09e+02 8.90e+01 5.20e+01 3.30e+01
 2.70e+01 2.20e+01 2.30e+01 1.00e+01 1.30e+01 1.10e+01 1.10e+01 8.00e+00
 6.00e+00 6.00e+00 5.00e+00 9.00e+00 3.00e+00 2.00e+00 1.00e+00 2.00e+00
 1.00e+00 2.00e+00 1.00e+00 0.00e+00 1.00e+00 3.00e+00 3.00e+00 0.00e+00
 2.00e+00 1.00e+00 2.00e+00 0.00e+00 0.00e+00 0.00e+00 0.00e+00 1.00e+00
 1.00e+00 1.00e+00 0.00e+00 0.00e+00 1.00e+00 0.00e+00 0.00e+00 0.00e+00]
907200 loops cons: [2.511e+03 7.550e+02 3.580e+02 1.820e+02 1.100e+02 8.900e+01 5.200e+01
 3.300e+01 2.700e+01 2.200e+01 2.300e+01 1.000e+01 1.300e+01 1.100e+01
 1.100e+01 8.000e+00 6.000e+00 6.000e+00 5.000e+00 9.000e+00 3.000e+00
 2.000e+00 1.000e+00 2.000e+00 1.000e+00 2.000e+00 2.000e+00 0.000e+00
 1.000e+00 3.000e+00 3.000e+00 0.000e+00 2.000e+00 1.000e+00 3.000e+00
 0.000e+00 0.000e+00 0.000e+00 0.000e+00 2.000e+00 1.000e+00 1.000e+00
 0.000e+00 0.000e+00 1.000e+00 0.000e+00 0.000e+00 0.000e+00]
912000 loops cons: [2.521e+03 7.590e+02 3.590e+02 1.830e+02 1.100e+02 9.100e+01 5.200e+01
 3.300e+01 2.700e+01 2.200e+01 2.300e+01 1.000e+01 1.300e+01 1.100e+01
 1.100e+01 8.000e+00 6.000e+00 6.000e+00 5.000e+00 9.000e+00 3.000e+00
 2.000e+00 1.000e+00 2.000e+00 1.000e+00 2.000e+00 2.000e+00 0.000e+00
 1.000e+00 3.000e+00 3.000e+00 0.000e+00 2.000e+00 1.000e+00 3.000e+00
 0.000e+00 0.000e+00 0.000e+00 0.000e+00 2.000e+00 1.000e+00 1.000e+00
 0.000e+00 0.000e+00 1.000e+00 0.000e+00 0.000e+00 0.000e+00]
916800 loops cons: [2.533e+03 7.670e+02 3.610e+02 1.850e+02 1.110e+02 9.100e+01 5.300e+01
 3.400e+01 2.700e+01 2.200e+01 2.300e+01 1.000e+01 1.300e+01 1.100e+01
 1.100e+01 8.000e+00 6.000e+00 6.000e+00 5.000e+00 9.000e+00 3.000e+00
 2.000e+00 1.000e+00 3.000e+00 1.000e+00 2.000e+00 2.000e+00 0.000e+00
 1.000e+00 3.000e+00 3.000e+00 0.000e+00 2.000e+00 1.000e+00 3.000e+00
 0.000e+00 0.000e+00 0.000e+00 0.000e+00 2.000e+00 1.000e+00 1.000e+00
 0.000e+00 0.000e+00 1.000e+00 0.000e+00 0.000e+00 0.000e+00]
921600 loops cons: [2.551e+03 7.690e+02 3.640e+02 1.850e+02 1.120e+02 9.200e+01 5.300e+01
 3.400e+01 2.700e+01 2.200e+01 2.300e+01 1.000e+01 1.300e+01 1.100e+01
 1.100e+01 8.000e+00 6.000e+00 6.000e+00 5.000e+00 9.000e+00 3.000e+00
 2.000e+00 1.000e+00 3.000e+00 1.000e+00 3.000e+00 2.000e+00 0.000e+00
 1.000e+00 3.000e+00 3.000e+00 0.000e+00 2.000e+00 1.000e+00 3.000e+00
 0.000e+00 0.000e+00 0.000e+00 0.000e+00 2.000e+00 1.000e+00 1.000e+00
 0.000e+00 0.000e+00 1.000e+00 0.000e+00 0.000e+00 0.000e+00]
926400 loops cons: [2.562e+03 7.720e+02 3.660e+02 1.850e+02 1.120e+02 9.200e+01 5.300e+01
 3.500e+01 2.700e+01 2.200e+01 2.400e+01 1.100e+01 1.300e+01 1.100e+01
 1.100e+01 8.000e+00 6.000e+00 6.000e+00 5.000e+00 9.000e+00 3.000e+00
 2.000e+00 1.000e+00 3.000e+00 1.000e+00 3.000e+00 2.000e+00 0.000e+00
 1.000e+00 3.000e+00 3.000e+00 0.000e+00 2.000e+00 1.000e+00 3.000e+00
 0.000e+00 0.000e+00 0.000e+00 0.000e+00 2.000e+00 1.000e+00 1.000e+00
 0.000e+00 0.000e+00 1.000e+00 0.000e+00 0.000e+00 0.000e+00]
931200 loops cons: [2.567e+03 7.740e+02 3.670e+02 1.860e+02 1.120e+02 9.200e+01 5.300e+01
 3.500e+01 2.700e+01 2.200e+01 2.400e+01 1.100e+01 1.300e+01 1.100e+01
 1.100e+01 8.000e+00 6.000e+00 6.000e+00 5.000e+00 9.000e+00 3.000e+00
 2.000e+00 1.000e+00 3.000e+00 1.000e+00 3.000e+00 2.000e+00 0.000e+00
 1.000e+00 3.000e+00 3.000e+00 0.000e+00 2.000e+00 1.000e+00 3.000e+00
 0.000e+00 0.000e+00 0.000e+00 0.000e+00 2.000e+00 1.000e+00 1.000e+00
 0.000e+00 0.000e+00 1.000e+00 0.000e+00 0.000e+00 0.000e+00]
936000 loops cons: [2.575e+03 7.760e+02 3.700e+02 1.860e+02 1.120e+02 9.200e+01 5.300e+01
 3.500e+01 2.700e+01 2.200e+01 2.400e+01 1.100e+01 1.300e+01 1.100e+01
 1.100e+01 8.000e+00 6.000e+00 6.000e+00 5.000e+00 9.000e+00 3.000e+00
 2.000e+00 1.000e+00 3.000e+00 1.000e+00 3.000e+00 2.000e+00 0.000e+00
 1.000e+00 3.000e+00 3.000e+00 0.000e+00 2.000e+00 1.000e+00 3.000e+00
 0.000e+00 0.000e+00 0.000e+00 0.000e+00 2.000e+00 1.000e+00 1.000e+00
 0.000e+00 0.000e+00 1.000e+00 0.000e+00 0.000e+00 0.000e+00]
940800 loops cons: [2.581e+03 7.810e+02 3.700e+02 1.890e+02 1.120e+02 9.200e+01 5.300e+01
 3.500e+01 2.800e+01 2.200e+01 2.400e+01 1.100e+01 1.300e+01 1.100e+01
 1.100e+01 8.000e+00 6.000e+00 6.000e+00 5.000e+00 9.000e+00 3.000e+00
 2.000e+00 1.000e+00 3.000e+00 1.000e+00 3.000e+00 2.000e+00 0.000e+00
 1.000e+00 3.000e+00 3.000e+00 0.000e+00 2.000e+00 1.000e+00 3.000e+00
 0.000e+00 0.000e+00 0.000e+00 0.000e+00 2.000e+00 1.000e+00 1.000e+00
 0.000e+00 0.000e+00 1.000e+00 0.000e+00 0.000e+00 0.000e+00]
945600 loops cons: [2.587e+03 7.840e+02 3.710e+02 1.890e+02 1.130e+02 9.200e+01 5.400e+01
 3.500e+01 2.900e+01 2.300e+01 2.400e+01 1.100e+01 1.300e+01 1.100e+01
 1.100e+01 8.000e+00 6.000e+00 6.000e+00 5.000e+00 9.000e+00 3.000e+00
 2.000e+00 1.000e+00 4.000e+00 1.000e+00 3.000e+00 2.000e+00 0.000e+00
 1.000e+00 3.000e+00 3.000e+00 0.000e+00 2.000e+00 1.000e+00 3.000e+00
 0.000e+00 0.000e+00 0.000e+00 0.000e+00 2.000e+00 1.000e+00 1.000e+00
 0.000e+00 0.000e+00 1.000e+00 0.000e+00 0.000e+00 0.000e+00]
950400 loops cons: [2.60e+03 7.93e+02 3.71e+02 1.89e+02 1.14e+02 9.30e+01 5.40e+01 3.50e+01
 2.90e+01 2.30e+01 2.40e+01 1.10e+01 1.30e+01 1.10e+01 1.10e+01 8.00e+00
 6.00e+00 6.00e+00 5.00e+00 9.00e+00 3.00e+00 2.00e+00 1.00e+00 4.00e+00
 1.00e+00 3.00e+00 2.00e+00 0.00e+00 1.00e+00 3.00e+00 3.00e+00 0.00e+00
 2.00e+00 1.00e+00 3.00e+00 0.00e+00 0.00e+00 0.00e+00 0.00e+00 2.00e+00
 1.00e+00 1.00e+00 0.00e+00 0.00e+00 1.00e+00 0.00e+00 0.00e+00 0.00e+00]
955200 loops cons: [2.615e+03 7.980e+02 3.730e+02 1.890e+02 1.140e+02 9.300e+01 5.500e+01
 3.500e+01 2.900e+01 2.300e+01 2.400e+01 1.100e+01 1.300e+01 1.100e+01
 1.100e+01 8.000e+00 6.000e+00 6.000e+00 5.000e+00 9.000e+00 3.000e+00
 2.000e+00 1.000e+00 4.000e+00 1.000e+00 3.000e+00 2.000e+00 0.000e+00
 1.000e+00 3.000e+00 3.000e+00 0.000e+00 2.000e+00 1.000e+00 3.000e+00
 0.000e+00 0.000e+00 0.000e+00 0.000e+00 2.000e+00 1.000e+00 1.000e+00
 0.000e+00 0.000e+00 1.000e+00 0.000e+00 0.000e+00 0.000e+00]
960000 loops cons: [2.628e+03 8.070e+02 3.760e+02 1.890e+02 1.170e+02 9.400e+01 5.500e+01
 3.600e+01 2.900e+01 2.300e+01 2.400e+01 1.100e+01 1.300e+01 1.100e+01
 1.100e+01 8.000e+00 6.000e+00 6.000e+00 5.000e+00 9.000e+00 3.000e+00
 2.000e+00 1.000e+00 4.000e+00 1.000e+00 3.000e+00 2.000e+00 0.000e+00
 1.000e+00 3.000e+00 3.000e+00 0.000e+00 2.000e+00 1.000e+00 3.000e+00
 0.000e+00 0.000e+00 0.000e+00 0.000e+00 2.000e+00 1.000e+00 1.000e+00
 0.000e+00 0.000e+00 1.000e+00 0.000e+00 0.000e+00 0.000e+00]
964800 loops cons: [2.638e+03 8.140e+02 3.790e+02 1.890e+02 1.190e+02 9.400e+01 5.500e+01
 3.600e+01 3.000e+01 2.300e+01 2.500e+01 1.200e+01 1.300e+01 1.100e+01
 1.100e+01 8.000e+00 6.000e+00 6.000e+00 5.000e+00 9.000e+00 3.000e+00
 2.000e+00 1.000e+00 4.000e+00 1.000e+00 3.000e+00 2.000e+00 0.000e+00
 1.000e+00 3.000e+00 3.000e+00 0.000e+00 2.000e+00 1.000e+00 3.000e+00
 0.000e+00 0.000e+00 0.000e+00 0.000e+00 2.000e+00 1.000e+00 1.000e+00
 0.000e+00 0.000e+00 1.000e+00 0.000e+00 0.000e+00 0.000e+00]
969600 loops cons: [2.648e+03 8.180e+02 3.810e+02 1.890e+02 1.200e+02 9.500e+01 5.500e+01
 3.600e+01 3.000e+01 2.300e+01 2.600e+01 1.200e+01 1.300e+01 1.200e+01
 1.100e+01 9.000e+00 6.000e+00 6.000e+00 5.000e+00 9.000e+00 3.000e+00
 2.000e+00 1.000e+00 4.000e+00 1.000e+00 3.000e+00 2.000e+00 0.000e+00
 1.000e+00 3.000e+00 3.000e+00 0.000e+00 2.000e+00 1.000e+00 3.000e+00
 0.000e+00 0.000e+00 0.000e+00 0.000e+00 2.000e+00 1.000e+00 1.000e+00
 0.000e+00 0.000e+00 1.000e+00 0.000e+00 0.000e+00 0.000e+00]
974400 loops cons: [2.66e+03 8.22e+02 3.85e+02 1.91e+02 1.22e+02 9.60e+01 5.50e+01 3.60e+01
 3.10e+01 2.30e+01 2.60e+01 1.20e+01 1.30e+01 1.20e+01 1.10e+01 9.00e+00
 6.00e+00 6.00e+00 5.00e+00 9.00e+00 3.00e+00 2.00e+00 1.00e+00 4.00e+00
 1.00e+00 3.00e+00 2.00e+00 0.00e+00 1.00e+00 3.00e+00 3.00e+00 0.00e+00
 2.00e+00 1.00e+00 3.00e+00 0.00e+00 0.00e+00 0.00e+00 0.00e+00 2.00e+00
 1.00e+00 1.00e+00 0.00e+00 0.00e+00 1.00e+00 0.00e+00 0.00e+00 0.00e+00]
979200 loops cons: [2.669e+03 8.270e+02 3.860e+02 1.920e+02 1.220e+02 9.600e+01 5.500e+01
 3.600e+01 3.100e+01 2.300e+01 2.600e+01 1.200e+01 1.300e+01 1.200e+01
 1.100e+01 9.000e+00 6.000e+00 6.000e+00 5.000e+00 9.000e+00 3.000e+00
 2.000e+00 1.000e+00 4.000e+00 1.000e+00 3.000e+00 2.000e+00 0.000e+00
 1.000e+00 3.000e+00 3.000e+00 0.000e+00 2.000e+00 1.000e+00 3.000e+00
 0.000e+00 0.000e+00 0.000e+00 0.000e+00 2.000e+00 1.000e+00 1.000e+00
 0.000e+00 0.000e+00 1.000e+00 0.000e+00 0.000e+00 0.000e+00]
984000 loops cons: [2.681e+03 8.350e+02 3.880e+02 1.920e+02 1.220e+02 9.700e+01 5.500e+01
 3.600e+01 3.100e+01 2.300e+01 2.600e+01 1.200e+01 1.300e+01 1.200e+01
 1.100e+01 1.000e+01 6.000e+00 6.000e+00 5.000e+00 9.000e+00 3.000e+00
 2.000e+00 1.000e+00 4.000e+00 1.000e+00 3.000e+00 2.000e+00 0.000e+00
 1.000e+00 3.000e+00 3.000e+00 0.000e+00 2.000e+00 1.000e+00 3.000e+00
 0.000e+00 0.000e+00 0.000e+00 0.000e+00 2.000e+00 1.000e+00 1.000e+00
 0.000e+00 0.000e+00 1.000e+00 0.000e+00 0.000e+00 0.000e+00]
988800 loops cons: [2.69e+03 8.40e+02 3.89e+02 1.93e+02 1.22e+02 9.70e+01 5.60e+01 3.60e+01
 3.10e+01 2.30e+01 2.60e+01 1.20e+01 1.30e+01 1.20e+01 1.10e+01 1.00e+01
 6.00e+00 6.00e+00 5.00e+00 9.00e+00 3.00e+00 2.00e+00 1.00e+00 4.00e+00
 1.00e+00 3.00e+00 2.00e+00 0.00e+00 1.00e+00 3.00e+00 3.00e+00 0.00e+00
 2.00e+00 1.00e+00 3.00e+00 0.00e+00 0.00e+00 0.00e+00 0.00e+00 2.00e+00
 1.00e+00 1.00e+00 0.00e+00 0.00e+00 1.00e+00 0.00e+00 0.00e+00 0.00e+00]
993600 loops cons: [2.705e+03 8.480e+02 3.920e+02 1.940e+02 1.220e+02 9.700e+01 5.600e+01
 3.600e+01 3.200e+01 2.300e+01 2.600e+01 1.200e+01 1.300e+01 1.200e+01
 1.100e+01 1.000e+01 6.000e+00 6.000e+00 5.000e+00 9.000e+00 3.000e+00
 2.000e+00 1.000e+00 4.000e+00 1.000e+00 3.000e+00 2.000e+00 0.000e+00
 1.000e+00 3.000e+00 3.000e+00 0.000e+00 2.000e+00 1.000e+00 3.000e+00
 0.000e+00 1.000e+00 0.000e+00 0.000e+00 2.000e+00 1.000e+00 1.000e+00
 0.000e+00 0.000e+00 1.000e+00 0.000e+00 0.000e+00 0.000e+00]
998400 loops cons: [2.718e+03 8.550e+02 3.960e+02 1.950e+02 1.220e+02 9.800e+01 5.600e+01
 3.600e+01 3.200e+01 2.300e+01 2.600e+01 1.200e+01 1.300e+01 1.200e+01
 1.100e+01 1.000e+01 6.000e+00 6.000e+00 6.000e+00 9.000e+00 3.000e+00
 2.000e+00 1.000e+00 4.000e+00 2.000e+00 3.000e+00 2.000e+00 0.000e+00
 1.000e+00 3.000e+00 3.000e+00 0.000e+00 2.000e+00 1.000e+00 3.000e+00
 0.000e+00 1.000e+00 0.000e+00 0.000e+00 2.000e+00 1.000e+00 1.000e+00
 0.000e+00 0.000e+00 1.000e+00 0.000e+00 0.000e+00 0.000e+00]
1003200 loops cons: [2.726e+03 8.580e+02 3.980e+02 1.990e+02 1.220e+02 9.800e+01 5.600e+01
 3.600e+01 3.200e+01 2.300e+01 2.600e+01 1.200e+01 1.300e+01 1.200e+01
 1.100e+01 1.000e+01 6.000e+00 6.000e+00 6.000e+00 9.000e+00 3.000e+00
 2.000e+00 1.000e+00 4.000e+00 2.000e+00 3.000e+00 2.000e+00 0.000e+00
 1.000e+00 3.000e+00 3.000e+00 0.000e+00 2.000e+00 1.000e+00 3.000e+00
 0.000e+00 1.000e+00 0.000e+00 0.000e+00 2.000e+00 1.000e+00 1.000e+00
 0.000e+00 0.000e+00 1.000e+00 0.000e+00 0.000e+00 0.000e+00]
1008000 loops cons: [2.74e+03 8.64e+02 3.99e+02 1.99e+02 1.22e+02 9.80e+01 5.70e+01 3.60e+01
 3.20e+01 2.30e+01 2.60e+01 1.20e+01 1.30e+01 1.20e+01 1.10e+01 1.00e+01
 6.00e+00 6.00e+00 6.00e+00 9.00e+00 3.00e+00 2.00e+00 2.00e+00 4.00e+00
 2.00e+00 3.00e+00 2.00e+00 0.00e+00 1.00e+00 3.00e+00 3.00e+00 0.00e+00
 2.00e+00 1.00e+00 3.00e+00 0.00e+00 1.00e+00 0.00e+00 0.00e+00 2.00e+00
 1.00e+00 1.00e+00 0.00e+00 0.00e+00 1.00e+00 0.00e+00 0.00e+00 0.00e+00]
1012800 loops cons: [2.753e+03 8.650e+02 3.990e+02 1.990e+02 1.220e+02 9.800e+01 5.700e+01
 3.600e+01 3.200e+01 2.300e+01 2.600e+01 1.200e+01 1.300e+01 1.200e+01
 1.100e+01 1.000e+01 6.000e+00 7.000e+00 7.000e+00 9.000e+00 3.000e+00
 2.000e+00 2.000e+00 4.000e+00 2.000e+00 3.000e+00 2.000e+00 0.000e+00
 1.000e+00 3.000e+00 3.000e+00 0.000e+00 2.000e+00 1.000e+00 3.000e+00
 0.000e+00 1.000e+00 0.000e+00 0.000e+00 2.000e+00 1.000e+00 1.000e+00
 0.000e+00 0.000e+00 1.000e+00 0.000e+00 0.000e+00 0.000e+00]
1017600 loops cons: [2.767e+03 8.670e+02 4.040e+02 1.990e+02 1.230e+02 9.900e+01 5.700e+01
 3.700e+01 3.200e+01 2.300e+01 2.700e+01 1.200e+01 1.300e+01 1.200e+01
 1.100e+01 1.000e+01 6.000e+00 7.000e+00 7.000e+00 9.000e+00 3.000e+00
 2.000e+00 2.000e+00 4.000e+00 2.000e+00 3.000e+00 2.000e+00 0.000e+00
 1.000e+00 3.000e+00 3.000e+00 0.000e+00 3.000e+00 1.000e+00 3.000e+00
 0.000e+00 1.000e+00 0.000e+00 0.000e+00 2.000e+00 1.000e+00 1.000e+00
 0.000e+00 0.000e+00 1.000e+00 0.000e+00 0.000e+00 0.000e+00]
1022400 loops cons: [2.776e+03 8.720e+02 4.070e+02 2.000e+02 1.240e+02 9.900e+01 5.700e+01
 3.700e+01 3.300e+01 2.300e+01 2.700e+01 1.200e+01 1.400e+01 1.200e+01
 1.100e+01 1.000e+01 6.000e+00 7.000e+00 8.000e+00 9.000e+00 3.000e+00
 2.000e+00 2.000e+00 4.000e+00 2.000e+00 3.000e+00 2.000e+00 0.000e+00
 1.000e+00 3.000e+00 3.000e+00 0.000e+00 3.000e+00 1.000e+00 3.000e+00
 0.000e+00 1.000e+00 0.000e+00 0.000e+00 2.000e+00 1.000e+00 1.000e+00
 0.000e+00 0.000e+00 1.000e+00 0.000e+00 0.000e+00 0.000e+00]
1027200 loops cons: [2.795e+03 8.760e+02 4.090e+02 2.000e+02 1.260e+02 9.900e+01 5.700e+01
 3.700e+01 3.300e+01 2.400e+01 2.700e+01 1.200e+01 1.400e+01 1.200e+01
 1.100e+01 1.000e+01 6.000e+00 7.000e+00 8.000e+00 9.000e+00 3.000e+00
 2.000e+00 2.000e+00 4.000e+00 2.000e+00 3.000e+00 2.000e+00 0.000e+00
 1.000e+00 3.000e+00 3.000e+00 0.000e+00 3.000e+00 1.000e+00 3.000e+00
 0.000e+00 1.000e+00 0.000e+00 0.000e+00 2.000e+00 1.000e+00 1.000e+00
 0.000e+00 0.000e+00 1.000e+00 0.000e+00 0.000e+00 0.000e+00]
1032000 loops cons: [2.809e+03 8.760e+02 4.110e+02 2.000e+02 1.260e+02 9.900e+01 5.700e+01
 3.800e+01 3.300e+01 2.400e+01 2.700e+01 1.200e+01 1.400e+01 1.200e+01
 1.100e+01 1.000e+01 6.000e+00 7.000e+00 8.000e+00 9.000e+00 4.000e+00
 2.000e+00 2.000e+00 4.000e+00 2.000e+00 3.000e+00 2.000e+00 0.000e+00
 1.000e+00 3.000e+00 3.000e+00 0.000e+00 3.000e+00 1.000e+00 3.000e+00
 0.000e+00 1.000e+00 0.000e+00 0.000e+00 2.000e+00 1.000e+00 1.000e+00
 0.000e+00 0.000e+00 1.000e+00 0.000e+00 0.000e+00 0.000e+00]
1036800 loops cons: [2.817e+03 8.840e+02 4.120e+02 2.020e+02 1.280e+02 1.000e+02 5.700e+01
 3.800e+01 3.300e+01 2.400e+01 2.700e+01 1.200e+01 1.400e+01 1.200e+01
 1.100e+01 1.000e+01 6.000e+00 7.000e+00 8.000e+00 9.000e+00 4.000e+00
 2.000e+00 2.000e+00 4.000e+00 2.000e+00 3.000e+00 2.000e+00 0.000e+00
 1.000e+00 3.000e+00 3.000e+00 0.000e+00 3.000e+00 1.000e+00 3.000e+00
 0.000e+00 1.000e+00 0.000e+00 0.000e+00 2.000e+00 1.000e+00 1.000e+00
 0.000e+00 0.000e+00 1.000e+00 0.000e+00 0.000e+00 0.000e+00]
1041600 loops cons: [2.83e+03 8.86e+02 4.15e+02 2.04e+02 1.29e+02 1.02e+02 5.80e+01 3.80e+01
 3.30e+01 2.40e+01 2.70e+01 1.20e+01 1.40e+01 1.20e+01 1.10e+01 1.00e+01
 6.00e+00 7.00e+00 8.00e+00 9.00e+00 4.00e+00 2.00e+00 2.00e+00 4.00e+00
 2.00e+00 3.00e+00 2.00e+00 0.00e+00 1.00e+00 3.00e+00 3.00e+00 0.00e+00
 3.00e+00 1.00e+00 3.00e+00 0.00e+00 1.00e+00 0.00e+00 0.00e+00 2.00e+00
 1.00e+00 1.00e+00 0.00e+00 0.00e+00 2.00e+00 0.00e+00 0.00e+00 0.00e+00]
1046400 loops cons: [2.85e+03 8.95e+02 4.15e+02 2.05e+02 1.30e+02 1.02e+02 5.80e+01 3.80e+01
 3.30e+01 2.50e+01 2.70e+01 1.20e+01 1.40e+01 1.20e+01 1.10e+01 1.00e+01
 6.00e+00 7.00e+00 8.00e+00 9.00e+00 4.00e+00 2.00e+00 2.00e+00 4.00e+00
 2.00e+00 3.00e+00 2.00e+00 0.00e+00 1.00e+00 3.00e+00 3.00e+00 0.00e+00
 3.00e+00 1.00e+00 3.00e+00 0.00e+00 1.00e+00 0.00e+00 0.00e+00 2.00e+00
 1.00e+00 1.00e+00 0.00e+00 0.00e+00 2.00e+00 0.00e+00 0.00e+00 0.00e+00]
1051200 loops cons: [2.861e+03 9.000e+02 4.180e+02 2.060e+02 1.310e+02 1.020e+02 5.900e+01
 3.800e+01 3.300e+01 2.500e+01 2.700e+01 1.200e+01 1.500e+01 1.200e+01
 1.100e+01 1.000e+01 6.000e+00 7.000e+00 8.000e+00 9.000e+00 4.000e+00
 2.000e+00 2.000e+00 4.000e+00 2.000e+00 3.000e+00 2.000e+00 0.000e+00
 1.000e+00 3.000e+00 3.000e+00 0.000e+00 3.000e+00 1.000e+00 3.000e+00
 0.000e+00 1.000e+00 0.000e+00 0.000e+00 2.000e+00 1.000e+00 1.000e+00
 0.000e+00 0.000e+00 2.000e+00 0.000e+00 0.000e+00 0.000e+00]
1056000 loops cons: [2.876e+03 9.080e+02 4.190e+02 2.070e+02 1.310e+02 1.020e+02 5.900e+01
 3.900e+01 3.300e+01 2.500e+01 2.700e+01 1.200e+01 1.500e+01 1.200e+01
 1.200e+01 1.000e+01 6.000e+00 7.000e+00 8.000e+00 9.000e+00 4.000e+00
 2.000e+00 2.000e+00 4.000e+00 2.000e+00 3.000e+00 2.000e+00 0.000e+00
 1.000e+00 3.000e+00 3.000e+00 0.000e+00 3.000e+00 2.000e+00 3.000e+00
 0.000e+00 1.000e+00 0.000e+00 0.000e+00 2.000e+00 1.000e+00 1.000e+00
 0.000e+00 0.000e+00 2.000e+00 0.000e+00 0.000e+00 0.000e+00]
1060800 loops cons: [2.889e+03 9.120e+02 4.220e+02 2.070e+02 1.310e+02 1.020e+02 6.000e+01
 3.900e+01 3.400e+01 2.600e+01 2.700e+01 1.200e+01 1.500e+01 1.400e+01
 1.200e+01 1.000e+01 7.000e+00 7.000e+00 8.000e+00 9.000e+00 4.000e+00
 2.000e+00 2.000e+00 4.000e+00 2.000e+00 3.000e+00 2.000e+00 0.000e+00
 1.000e+00 3.000e+00 3.000e+00 0.000e+00 3.000e+00 2.000e+00 3.000e+00
 0.000e+00 1.000e+00 0.000e+00 0.000e+00 2.000e+00 1.000e+00 1.000e+00
 0.000e+00 0.000e+00 2.000e+00 0.000e+00 0.000e+00 0.000e+00]
1065600 loops cons: [2.903e+03 9.140e+02 4.240e+02 2.080e+02 1.310e+02 1.020e+02 6.000e+01
 3.900e+01 3.400e+01 2.600e+01 2.700e+01 1.200e+01 1.500e+01 1.400e+01
 1.200e+01 1.000e+01 7.000e+00 8.000e+00 8.000e+00 9.000e+00 4.000e+00
 2.000e+00 2.000e+00 4.000e+00 2.000e+00 3.000e+00 2.000e+00 0.000e+00
 1.000e+00 3.000e+00 3.000e+00 0.000e+00 3.000e+00 2.000e+00 3.000e+00
 0.000e+00 1.000e+00 0.000e+00 0.000e+00 2.000e+00 1.000e+00 1.000e+00
 0.000e+00 0.000e+00 2.000e+00 0.000e+00 0.000e+00 0.000e+00]
